0.00417595	0.00402646
0.00735346	0.00815497
0.0100206	0.0114671
0.0122936	0.0142276
0.0144695	0.0166741
0.015995	0.018109
0.0170638	0.0190648
0.0182097	0.0200597
0.0191111	0.0208352
0.0197906	0.0213654
0.0202265	0.0217022
0.020383	0.0217229
0.0204781	0.0217072
0.0199257	0.0218953
0.0191204	0.0222497
0.0182516	0.0223643
0.0173481	0.0227308
0.0159245	0.022987
0.014067	0.0231215
0.0114543	0.0235268
0.00881264	0.0236903
0.0058917	0.0235817
0.0022274	0.0234986
-0.00154743	0.0234687
-0.0039708	0.0239268
-0.00576331	0.0241412
-0.00623143	0.0244436
-0.00636871	0.0251089
-0.00649091	0.0261324
-0.00602893	0.0273999
-0.00531401	0.028644
-0.00437006	0.0300928
-0.00336953	0.0315192
-0.00223019	0.0329735
-0.0011036	0.0345311
0.000585063	0.0359177
0.00228148	0.0373811
0.00386389	0.0378493
0.00496074	0.0383903
0.00650918	0.0393003
0.00812803	0.0398608
0.00961425	0.0403358
0.0111728	0.0410433
0.0132339	0.0413322
0.0151117	0.0416804
0.0175704	0.0421227
0.0194193	0.0426559
0.0212178	0.0425925
0.0228872	0.04232
0.024781	0.0419807
0.0265977	0.0414282
0.0283586	0.0411714
0.0299114	0.0408821
0.0314083	0.0407981
0.0327096	0.0406052
0.0339206	0.040335
0.0348782	0.0400298
0.0358949	0.0396853
0.0365331	0.0391146
0.0369866	0.0386675
0.0372596	0.0379721
0.0377619	0.0366596
0.0384152	0.0348978
0.0389955	0.0331071
0.0395131	0.0312632
0.0403858	0.0298772
0.040444	0.0282773
0.0407655	0.0262482
0.0409003	0.0248813
0.0409236	0.0236645
0.0409005	0.0224156
0.041237	0.0212967
0.0424274	0.0202132
0.0438568	0.0193855
0.045125	0.0185528
0.0460055	0.0176655
0.0469537	0.0169604
0.0479431	0.0163089
0.0488655	0.0156511
0.0499352	0.015144
0.0515297	0.0144127
0.0535356	0.013937
0.0550893	0.0131867
0.0569465	0.0128785
0.0586795	0.0127225
0.0608484	0.0125175
0.0626064	0.0119886
0.0640448	0.0103988
0.0653746	0.00910713
0.0669883	0.00817588
0.068909	0.00782164
0.0703856	0.00769112
0.0715758	0.00736965
0.0732724	0.0068312
0.0752403	0.0065909
0.0767206	0.00774174
0.0779935	0.00928825
0.0786158	0.0115366
0.0792054	0.0135367
0.0798137	0.0154235
0.08012	0.0176051
0.0808225	0.0194659
0.0815921	0.0209686
0.0824977	0.0224772
0.0836049	0.0240668
0.0840211	0.0258201
0.0848141	0.0277671
0.0854953	0.0299843
0.0863127	0.0318106
0.0872522	0.0335692
0.0878451	0.0348496
0.0887961	0.0366044
0.0898789	0.0377986
0.0908232	0.0386552
0.0919031	0.0396133
0.0927324	0.0406107
0.093505	0.0417701
0.093872	0.0431673
0.0936635	0.0449339
0.0930926	0.0464357
0.0930875	0.0480044
0.0928663	0.0494743
0.0932487	0.0509467
0.0941481	0.0522241
0.0950914	0.053091
0.0960301	0.0539361
0.097444	0.0544155
0.0983622	0.0545726
0.0990076	0.0547945
0.0989381	0.0553082
0.098458	0.0562804
0.0974033	0.0580408
0.0960469	0.0604771
0.0945173	0.062424
0.0937565	0.06343
0.0927406	0.0644875
0.091571	0.0658209
0.0906527	0.067035
0.089786	0.0683702
0.0892232	0.0697071
0.0884791	0.0709332
0.0872501	0.0722085
0.0853971	0.0734426
0.0836294	0.0746578
0.0818188	0.0756503
0.080829	0.0770829
0.0800935	0.0779974
0.079301	0.0789293
0.078394	0.0798762
0.0772487	0.0812321
0.0757665	0.0829189
0.0744104	0.084698
0.0731674	0.0863027
0.0718234	0.0878904
0.0703681	0.0891992
0.0685913	0.0913198
0.0674141	0.0938206
0.0663087	0.0958616
0.0652333	0.0972164
0.0640892	0.098732
0.0631812	0.100044
0.0620746	0.101586
0.0608423	0.103275
0.0595032	0.105276
0.0582347	0.107171
0.056684	0.10944
0.0552756	0.111515
0.0532793	0.113604
0.0515646	0.115477
0.0499459	0.117368
0.0482123	0.118873
0.0464161	0.119937
0.0446326	0.120974
0.0424055	0.122029
0.0403369	0.123047
0.0385241	0.124207
0.0364511	0.125079
0.0344455	0.125645
0.0325341	0.126218
0.0306953	0.126697
0.0288507	0.127009
0.0274333	0.127197
0.0263354	0.127652
0.0250947	0.128139
0.0237366	0.129143
0.0214033	0.13021
0.0198774	0.130751
0.0179991	0.131447
0.0159251	0.1322
0.0140274	0.1334
0.0121156	0.134612
0.010105	0.135745
0.00850139	0.136814
0.00692617	0.137811
0.00548443	0.138978
0.00435035	0.140515
0.00322522	0.1419
0.00220588	0.143165
0.00132046	0.144829
0.00124089	0.146809
0.00135459	0.14861
0.00126242	0.151325
0.000648315	0.15383
0.00040043	0.156144
0.00030641	0.158838
0.000175353	0.160897
0.000184882	0.163221
4.9095e-05	0.165333
-0.000401915	0.167395
-0.000927054	0.169372
-0.00100908	0.17171
-0.00165474	0.174206
-0.0018706	0.176332
-0.00203669	0.178462
-0.00205814	0.180867
-0.00198555	0.182977
-0.00213198	0.185547
-0.00212958	0.188241
-0.00167571	0.190763
-0.00120854	0.193507
-0.00135772	0.195838
-0.00127231	0.198139
-0.00137941	0.200069
-0.00258478	0.201218
-0.00388651	0.201968
-0.00514183	0.202792
-0.00627999	0.203489
-0.00746334	0.204303
-0.00907297	0.204396
-0.010463	0.204642
-0.0118768	0.20505
-0.0130838	0.205368
-0.0139403	0.20573
-0.0148218	0.206295
-0.0157969	0.206899
-0.0162739	0.207027
-0.0170302	0.207217
-0.0177538	0.20752
-0.018579	0.207839
-0.0190831	0.208447
-0.0200573	0.209504
-0.0211016	0.210651
-0.0227575	0.211614
-0.024534	0.212639
-0.026142	0.213586
-0.0279711	0.214904
-0.0299045	0.216201
-0.0316516	0.217016
-0.0333374	0.217719
-0.0341413	0.218068
-0.0349869	0.218513
-0.0365956	0.218917
-0.0381614	0.219328
-0.0403435	0.21982
-0.042614	0.220199
-0.044024	0.220321
-0.045144	0.220827
-0.0462905	0.221305
-0.0474982	0.222139
-0.0485874	0.222254
-0.0497681	0.222376
-0.0509622	0.222571
-0.0519675	0.222229
-0.0529717	0.22219
-0.0541074	0.222115
-0.0555758	0.221881
-0.0568553	0.221538
-0.0581352	0.221159
-0.0594216	0.220652
-0.059928	0.220302
-0.0599156	0.219836
-0.0597504	0.219249
-0.0599631	0.219001
-0.0601297	0.218445
-0.0601847	0.21754
-0.0607139	0.21636
-0.0607325	0.215293
-0.060601	0.213758
-0.0599992	0.212682
-0.0591268	0.2122
-0.0585172	0.211842
-0.057665	0.211873
-0.056578	0.21211
-0.0554465	0.212812
-0.0546093	0.213353
-0.0533201	0.213819
-0.0518677	0.214299
-0.0496556	0.214067
-0.047586	0.213727
-0.0457213	0.213804
-0.0439083	0.213802
-0.0425191	0.21341
-0.0411001	0.212948
-0.0397781	0.212545
-0.0384245	0.212092
-0.0369069	0.211705
-0.0363113	0.211891
-0.0346872	0.212097
-0.0332102	0.212073
-0.0316253	0.211932
-0.029929	0.211697
-0.0282641	0.211358
-0.0266203	0.211054
-0.0248728	0.21081
-0.0231231	0.210423
-0.0208733	0.210608
-0.0184139	0.210909
-0.0157936	0.211529
-0.012965	0.211846
-0.0102167	0.211981
-0.00800974	0.212485
-0.00591819	0.212831
-0.00351263	0.213187
-0.00135511	0.213393
0.000168499	0.213439
0.00166074	0.213511
0.00324291	0.213613
0.00509081	0.213723
0.00676505	0.214574
0.00867018	0.215074
0.0106226	0.215523
0.0119297	0.215211
0.0130087	0.214862
0.0142136	0.214459
0.0158216	0.214291
0.0178664	0.21383
0.019208	0.213732
0.0208855	0.213636
0.0224988	0.213643
0.0249396	0.213168
0.0271088	0.212812
0.0291768	0.212526
0.0311454	0.212246
0.0326409	0.211632
0.0340764	0.211235
0.0350647	0.211703
0.0362565	0.212545
0.0371889	0.213939
0.0376475	0.214965
0.0382227	0.216159
0.0390401	0.217077
0.0397393	0.217746
0.0407904	0.218376
0.0418831	0.219032
0.0428603	0.219752
0.0443439	0.220264
0.0459006	0.220961
0.0468194	0.221636
0.0482657	0.222447
0.0496618	0.223205
0.0508581	0.223778
0.051933	0.224289
0.053383	0.224399
0.0552938	0.224503
0.0571606	0.224536
0.0587005	0.224528
0.0603506	0.224541
0.0620085	0.224586
0.0635906	0.224669
0.0663483	0.224163
0.0688732	0.223734
0.071288	0.223106
0.0732052	0.222841
0.0747003	0.222133
0.0759918	0.221737
0.0772772	0.221593
0.0792781	0.221962
0.0812169	0.222472
0.0822064	0.223066
0.0832289	0.223319
0.0846544	0.224134
0.0860399	0.224912
0.0875086	0.224917
0.0887388	0.224673
0.0902928	0.224813
0.0923078	0.224397
0.0942482	0.224498
0.0965027	0.224609
0.0980658	0.224314
0.0994101	0.224101
0.100871	0.223854
0.102383	0.22325
0.103874	0.222626
0.105408	0.222057
0.107097	0.22094
0.108262	0.219931
0.109395	0.218937
0.110584	0.217765
0.111699	0.216691
0.112766	0.215677
0.11406	0.214511
0.115743	0.212916
0.117389	0.211191
0.119325	0.210247
0.12077	0.209286
0.122152	0.208247
0.123378	0.207336
0.125162	0.206304
0.126299	0.205128
0.127547	0.203532
0.128746	0.201982
0.129997	0.200751
0.131335	0.199555
0.133371	0.197941
0.134886	0.196408
0.136414	0.195042
0.137717	0.193403
0.139049	0.191457
0.140265	0.18961
0.141475	0.18806
0.14263	0.186654
0.143586	0.184745
0.144061	0.182663
0.144499	0.180667
0.145166	0.179112
0.145426	0.178301
0.146333	0.177431
0.147147	0.176843
0.148093	0.176282
0.148628	0.176178
0.149436	0.176016
0.150239	0.175846
0.150833	0.175122
0.151516	0.174264
0.152321	0.173285
0.152769	0.171072
0.153252	0.168869
0.153782	0.166474
0.154868	0.164131
0.156068	0.162109
0.157246	0.16035
0.15906	0.15889
0.160823	0.157614
0.163203	0.156145
0.165542	0.15492
0.167062	0.152698
0.168599	0.150464
0.168959	0.148773
0.169281	0.14708
0.169536	0.145413
0.169734	0.143839
0.170052	0.142371
0.170186	0.140807
0.169785	0.1392
0.169402	0.137647
0.169026	0.136159
0.168447	0.134535
0.16775	0.132913
0.166515	0.13157
0.165359	0.13041
0.164391	0.128698
0.163751	0.127107
0.162921	0.126271
0.162025	0.125389
0.16109	0.123967
0.160463	0.12241
0.159858	0.120771
0.159182	0.11831
0.15852	0.115726
0.158345	0.113069
0.158052	0.110789
0.157805	0.108545
0.157921	0.106406
0.158112	0.104637
0.158156	0.102647
0.158131	0.100439
0.158438	0.0987885
0.158454	0.0964156
0.158785	0.0939835
0.159053	0.0916212
0.158414	0.0882594
0.157838	0.0854223
0.15715	0.0828108
0.156716	0.0811533
0.156268	0.0798729
0.155739	0.0783363
0.155359	0.0765131
0.154646	0.0747075
0.153739	0.0730719
0.152878	0.0717867
0.151857	0.0705409
0.15082	0.0692956
0.149914	0.0672843
0.148431	0.0649689
0.147024	0.0628637
0.145552	0.0609827
0.144205	0.0590707
0.142806	0.0575833
0.141252	0.0564178
0.139747	0.0558455
0.138323	0.0554009
0.136034	0.0549894
0.133885	0.0545553
0.132259	0.0546979
0.130433	0.0545045
0.128541	0.054206
0.12695	0.0536619
0.125199	0.0528583
0.123145	0.0523973
0.121123	0.0519371
0.11889	0.0511455
0.11633	0.0495719
0.113857	0.0479398
0.111801	0.046127
0.109789	0.0442686
0.108091	0.0424074
0.106433	0.040306
0.104876	0.0383494
0.104249	0.0366458
0.103616	0.035076
0.103294	0.0332377
0.103347	0.030935
0.1034	0.0277742
0.103417	0.0248833
0.103378	0.0223252
0.102871	0.0201677
0.102198	0.0176066
0.101396	0.0152136
0.10028	0.0131306
0.0996571	0.0117031
0.09903	0.010251
0.0983147	0.00884443
0.0962509	0.00730209
0.0939616	0.00418865
0.0924127	0.00167507
0.0906268	-0.000144489
0.0889495	-0.00168376
0.0873205	-0.00316669
0.0853786	-0.00413468
0.0839526	-0.00548388
0.0827938	-0.00676374
0.0817948	-0.00827138
0.0815257	-0.0100204
0.0806765	-0.0114211
0.0798162	-0.013647
0.0797913	-0.0157476
0.0800747	-0.0176629
0.0803553	-0.0198521
0.0798595	-0.0223192
0.0798005	-0.0244191
0.0796881	-0.026399
0.0799567	-0.0281055
0.0801057	-0.0296729
0.0800911	-0.0313421
0.0799514	-0.0331254
0.0798667	-0.0351041
0.0795233	-0.0368714
0.0794775	-0.0387609
0.0796202	-0.0404569
0.079913	-0.0421237
0.0802847	-0.0438314
0.0806202	-0.0455595
0.0804816	-0.0478835
0.0803223	-0.0500989
0.0803104	-0.0517347
0.0796508	-0.0526756
0.0783174	-0.0533553
0.0763704	-0.0542159
0.0745829	-0.0549918
0.0727562	-0.0556248
0.070619	-0.0568724
0.0685263	-0.0578813
0.0664329	-0.0589384
0.064254	-0.0602687
0.0620641	-0.0610874
0.0601007	-0.0616852
0.0578829	-0.0627206
0.0553586	-0.0646008
0.0532705	-0.0657634
0.0514658	-0.0669233
0.0492439	-0.067516
0.0474505	-0.0680934
0.0452517	-0.0688393
0.0432192	-0.0692221
0.041884	-0.0686792
0.040436	-0.0680609
0.0392543	-0.0676994
0.0369551	-0.0670815
0.0348491	-0.06494
0.0328795	-0.0629818
0.0316399	-0.0613692
0.0300694	-0.059985
0.0286273	-0.0581267
0.02748	-0.0565677
0.0258883	-0.054299
0.0245929	-0.0517362
0.0233465	-0.0491726
0.0222924	-0.0461153
0.0213743	-0.0432696
0.0204815	-0.0396315
0.0196561	-0.0362185
0.0189867	-0.033199
0.0182919	-0.0300789
0.0177851	-0.0269352
0.0171858	-0.0234275
0.0163311	-0.0197933
0.0153099	-0.0155935
0.0141064	-0.0120824
0.0135861	-0.00879538
0.0130807	-0.00533695
0.0120779	-0.00196295
0.0109261	0.00156133
0.00951709	0.00423385
0.00749279	0.00627458
0.00499012	0.00783154
0.00250857	0.00904252
-0.000590824	0.00903312
-0.00367126	0.00887499
-0.0053496	0.0085286
-0.00687103	0.00812914
-0.00775778	0.00818713
-0.00901217	0.00819224
-0.0106262	0.00708113
-0.0124435	0.00522483
-0.0132694	0.00298782
-0.0145305	0.000244769
-0.0159301	-0.00283809
-0.0173976	-0.00661473
-0.020214	-0.0103852
-0.0238334	-0.0142133
-0.0272065	-0.0179019
-0.0310847	-0.0215169
-0.0342325	-0.0245487
-0.0370002	-0.0277904
-0.0396121	-0.0312997
-0.0417692	-0.0353874
-0.0442356	-0.0391732
-0.0466793	-0.0434573
-0.0496983	-0.0477558
-0.0535395	-0.0517668
-0.0574865	-0.0561477
-0.0614251	-0.0604085
-0.0648	-0.064194
-0.0681615	-0.0680636
-0.0715142	-0.0716028
-0.0750588	-0.0752792
-0.0783187	-0.0785007
-0.0816558	-0.0817018
-0.0854062	-0.0845136
-0.0897376	-0.0872509
-0.0940571	-0.089455
-0.0982248	-0.0916987
-0.103099	-0.0935717
-0.107779	-0.0952567
-0.111673	-0.0967102
-0.115771	-0.0986107
-0.119169	-0.10056
-0.12172	-0.1022
-0.125052	-0.103756
-0.127617	-0.105216
-0.129503	-0.10608
-0.130834	-0.107085
-0.131517	-0.10824
-0.1321	-0.109844
-0.132492	-0.111669
-0.132699	-0.113683
-0.132893	-0.116047
-0.132709	-0.118372
-0.132966	-0.120588
-0.133346	-0.122858
-0.134414	-0.124891
-0.135719	-0.127724
-0.136989	-0.130633
-0.13896	-0.133228
-0.140899	-0.135592
-0.143169	-0.137917
-0.145582	-0.140236
-0.147627	-0.142837
-0.149312	-0.144994
-0.150587	-0.146263
-0.152088	-0.147565
-0.153528	-0.148961
-0.154613	-0.149502
-0.155949	-0.150105
-0.157313	-0.150817
-0.158568	-0.152029
-0.159424	-0.153375
-0.160181	-0.154783
-0.161096	-0.156347
-0.161959	-0.15793
-0.162976	-0.159498
-0.163933	-0.160906
-0.164877	-0.162717
-0.165848	-0.164648
-0.16653	-0.167083
-0.167485	-0.169272
-0.167821	-0.171527
-0.167696	-0.174095
-0.168206	-0.176062
-0.168838	-0.17788
-0.169101	-0.179149
-0.169798	-0.181015
-0.170961	-0.18248
-0.17185	-0.184657
-0.172189	-0.187167
-0.172909	-0.189854
-0.173966	-0.19239
-0.174397	-0.194705
-0.174443	-0.19707
-0.174459	-0.199429
-0.17486	-0.200798
-0.174852	-0.202389
-0.174949	-0.203818
-0.174893	-0.205271
-0.174665	-0.206577
-0.174436	-0.207927
-0.174073	-0.20928
-0.173569	-0.210485
-0.17259	-0.212865
-0.171744	-0.215128
-0.171095	-0.216658
-0.170547	-0.218019
-0.169644	-0.219474
-0.168993	-0.220668
-0.168241	-0.222441
-0.166949	-0.223212
-0.16554	-0.224031
-0.164221	-0.224614
-0.163151	-0.225027
-0.162637	-0.225106
-0.161562	-0.225043
-0.160475	-0.224965
-0.159137	-0.224648
-0.157896	-0.224144
-0.156726	-0.223909
-0.155093	-0.223651
-0.153572	-0.223365
-0.152653	-0.222845
-0.151618	-0.222051
-0.150498	-0.221812
-0.149794	-0.221593
-0.148969	-0.221573
-0.147919	-0.221331
-0.146771	-0.221018
-0.145659	-0.220594
-0.144661	-0.220068
-0.14365	-0.219779
-0.141697	-0.219207
-0.140361	-0.219716
-0.139245	-0.220184
-0.137626	-0.22071
-0.13628	-0.220595
-0.13484	-0.220687
-0.132948	-0.220994
-0.13101	-0.22095
-0.129305	-0.220859
-0.127747	-0.220521
-0.126994	-0.220053
-0.126219	-0.219456
-0.125868	-0.21879
-0.125842	-0.217737
-0.125268	-0.215908
-0.124561	-0.213955
-0.123681	-0.211621
-0.123128	-0.209589
-0.122526	-0.207757
-0.121632	-0.205634
-0.120914	-0.203648
-0.121298	-0.201688
-0.122012	-0.199635
-0.123099	-0.197142
-0.124312	-0.194695
-0.126134	-0.193262
-0.128105	-0.191669
-0.130272	-0.190094
-0.132976	-0.188727
-0.135435	-0.187464
-0.137922	-0.186211
-0.140256	-0.184206
-0.142683	-0.182156
-0.145518	-0.180255
-0.148361	-0.178472
-0.150967	-0.177088
-0.153392	-0.175458
-0.155891	-0.173715
-0.158207	-0.171917
-0.159944	-0.170139
-0.161656	-0.168781
-0.163497	-0.168301
-0.165035	-0.168563
-0.16671	-0.169025
-0.169401	-0.169502
-0.172104	-0.170152
-0.174481	-0.171245
-0.176129	-0.172511
-0.176626	-0.173954
-0.177101	-0.175574
-0.177877	-0.177176
-0.177975	-0.179604
-0.178025	-0.182065
-0.178151	-0.184035
-0.177895	-0.185911
-0.177679	-0.187896
-0.177322	-0.190713
-0.176932	-0.193508
-0.176413	-0.195648
-0.176415	-0.198724
-0.176873	-0.202097
-0.177411	-0.205993
-0.177185	-0.209036
-0.177098	-0.212353
-0.176636	-0.215243
-0.175788	-0.217979
-0.175354	-0.219815
-0.174772	-0.221354
-0.174158	-0.223616
-0.173524	-0.225341
-0.173253	-0.227033
-0.172549	-0.228491
-0.171826	-0.229952
-0.171247	-0.231157
-0.171094	-0.232228
-0.171266	-0.232913
-0.171576	-0.233682
-0.171607	-0.23415
-0.17136	-0.234822
-0.171411	-0.234958
-0.171604	-0.234939
-0.17223	-0.234162
-0.172915	-0.233271
-0.173766	-0.231919
-0.174831	-0.230551
-0.175372	-0.22915
-0.175132	-0.227345
-0.174771	-0.225294
-0.174322	-0.223424
-0.173824	-0.221646
-0.173421	-0.219623
-0.173221	-0.217745
-0.173331	-0.216117
-0.173954	-0.214664
-0.174972	-0.212801
-0.176077	-0.211151
-0.177228	-0.209362
-0.178469	-0.207691
-0.179538	-0.206158
-0.180843	-0.203849
-0.182154	-0.201366
-0.183843	-0.199751
-0.185159	-0.197977
-0.186349	-0.196588
-0.187016	-0.195163
-0.187927	-0.194515
-0.189551	-0.194268
-0.191466	-0.193871
-0.193906	-0.1935
-0.196272	-0.193379
-0.198161	-0.194217
-0.200061	-0.195506
-0.202065	-0.197043
-0.204609	-0.198641
-0.20657	-0.200063
-0.208672	-0.201262
-0.21011	-0.202247
-0.21082	-0.203597
-0.211429	-0.204957
-0.212185	-0.206431
-0.213055	-0.208014
-0.214729	-0.209921
-0.216028	-0.211954
-0.217326	-0.213702
-0.218768	-0.215261
-0.220124	-0.216722
-0.22134	-0.218384
-0.222342	-0.220163
-0.222949	-0.221723
-0.223467	-0.22318
-0.223827	-0.224708
-0.224597	-0.226849
-0.225331	-0.229151
-0.225825	-0.230951
-0.226457	-0.233339
-0.227256	-0.234852
-0.228376	-0.235851
-0.228842	-0.236306
-0.229563	-0.237008
-0.229634	-0.237958
-0.229212	-0.238045
-0.228224	-0.237617
-0.226797	-0.237164
-0.224313	-0.236678
-0.221686	-0.235623
-0.218934	-0.234415
-0.215423	-0.233622
-0.211305	-0.233441
-0.207459	-0.233028
-0.203864	-0.231987
-0.200796	-0.230957
-0.19793	-0.229272
-0.194928	-0.227542
-0.192296	-0.226672
-0.189976	-0.226015
-0.187354	-0.224852
-0.184684	-0.22373
-0.182106	-0.222898
-0.179945	-0.222422
-0.178047	-0.222519
-0.176305	-0.221656
-0.174969	-0.220814
-0.17315	-0.219857
-0.172156	-0.21953
-0.170797	-0.21921
-0.17037	-0.219112
-0.169682	-0.218865
-0.169211	-0.218606
-0.168823	-0.21786
-0.167585	-0.217437
-0.167004	-0.216291
-0.166607	-0.215695
-0.166124	-0.214711
-0.165552	-0.213234
-0.165184	-0.211267
-0.165219	-0.208903
-0.165694	-0.207252
-0.166778	-0.205532
-0.167923	-0.204123
-0.169431	-0.202633
-0.170727	-0.201084
-0.172606	-0.199853
-0.174929	-0.198516
-0.177176	-0.197538
-0.179012	-0.197574
-0.180767	-0.19833
-0.182505	-0.199043
-0.184892	-0.199258
-0.187328	-0.199337
-0.189834	-0.19954
-0.192552	-0.200131
-0.195189	-0.201122
-0.197827	-0.202193
-0.200528	-0.203474
-0.203525	-0.204879
-0.205615	-0.206531
-0.207838	-0.208204
-0.210901	-0.209929
-0.214187	-0.211904
-0.217163	-0.21378
-0.219743	-0.215686
-0.222482	-0.216635
-0.224932	-0.217666
-0.227152	-0.218944
-0.229173	-0.22036
-0.231423	-0.221691
-0.232545	-0.223505
-0.232888	-0.224774
-0.232661	-0.226183
-0.232011	-0.22788
-0.231523	-0.229359
-0.229437	-0.231142
-0.227678	-0.233547
-0.226469	-0.23573
-0.225218	-0.236955
-0.223816	-0.237693
-0.222151	-0.238286
-0.220263	-0.238845
-0.218293	-0.239241
-0.215906	-0.238905
-0.213913	-0.239133
-0.211535	-0.239164
-0.209057	-0.23911
-0.206434	-0.238873
-0.203375	-0.238774
-0.200027	-0.238284
-0.197008	-0.237865
-0.194634	-0.237274
-0.192871	-0.236329
-0.191199	-0.234719
-0.190128	-0.232555
-0.18857	-0.230088
-0.187038	-0.227987
-0.185591	-0.226058
-0.184497	-0.224274
-0.183937	-0.222864
-0.183579	-0.221298
-0.183523	-0.220008
-0.183158	-0.21891
-0.182956	-0.217928
-0.183107	-0.217777
-0.183466	-0.217936
-0.184088	-0.218001
-0.184777	-0.218765
-0.185899	-0.219843
-0.187385	-0.220608
-0.189321	-0.221618
-0.191736	-0.222451
-0.194402	-0.223429
-0.197473	-0.22457
-0.200778	-0.22522
-0.203595	-0.226481
-0.206378	-0.228043
-0.20936	-0.230094
-0.211793	-0.232916
-0.213776	-0.235347
-0.215401	-0.237224
-0.216557	-0.238634
-0.217527	-0.23973
-0.218342	-0.240656
-0.219537	-0.241444
-0.220287	-0.242091
-0.220943	-0.242457
-0.221937	-0.242653
-0.222235	-0.24286
-0.222788	-0.24272
-0.223898	-0.243166
-0.224701	-0.243819
-0.226349	-0.244406
-0.227966	-0.244777
-0.229137	-0.245384
-0.23035	-0.245997
-0.231456	-0.246791
-0.23268	-0.247581
-0.233285	-0.248397
-0.233143	-0.248924
-0.231996	-0.249302
-0.230111	-0.249053
-0.228408	-0.248701
-0.226831	-0.248268
-0.224319	-0.247047
-0.221986	-0.246295
-0.219986	-0.245327
-0.218199	-0.24391
-0.216537	-0.242496
-0.214892	-0.240863
-0.213471	-0.239175
-0.211341	-0.237333
-0.209448	-0.235557
-0.207714	-0.234537
-0.206226	-0.233592
-0.204653	-0.232698
-0.203614	-0.232341
-0.202299	-0.232305
-0.200127	-0.232462
-0.198867	-0.231288
-0.198615	-0.229698
-0.198671	-0.228459
-0.197946	-0.228058
-0.197586	-0.227878
-0.197779	-0.228153
-0.198523	-0.229069
-0.200429	-0.230498
-0.202722	-0.232177
-0.205133	-0.234053
-0.207677	-0.235918
-0.21036	-0.237744
-0.213223	-0.239549
-0.216334	-0.241115
-0.219635	-0.242614
-0.223885	-0.244172
-0.227551	-0.243901
-0.231097	-0.243411
-0.235018	-0.241851
-0.237392	-0.240844
-0.23877	-0.240486
-0.239619	-0.240454
-0.239327	-0.240514
-0.238287	-0.239931
-0.236834	-0.238505
-0.234781	-0.237063
-0.232031	-0.235408
-0.228668	-0.233622
-0.226267	-0.232128
-0.224527	-0.232152
-0.223074	-0.232377
-0.222275	-0.232974
-0.221561	-0.233951
-0.221157	-0.235111
-0.220781	-0.236969
-0.220712	-0.239123
-0.221134	-0.241841
-0.221934	-0.244763
-0.223262	-0.247966
-0.223624	-0.250966
-0.2244	-0.254067
-0.225532	-0.257366
-0.226502	-0.261034
-0.22705	-0.263565
-0.226594	-0.264316
-0.226793	-0.26441
-0.226827	-0.263417
-0.226722	-0.261184
-0.22684	-0.258692
-0.228294	-0.256338
-0.230278	-0.253999
-0.232524	-0.251266
-0.23351	-0.249579
-0.233858	-0.248907
-0.233224	-0.248231
-0.232257	-0.24777
-0.230748	-0.246243
-0.230498	-0.245661
-0.230482	-0.245559
-0.230988	-0.245717
-0.232694	-0.246069
-0.23348	-0.246508
-0.233335	-0.247163
-0.23247	-0.248436
-0.231356	-0.25025
-0.229626	-0.253105
-0.228796	-0.256649
-0.22841	-0.260892
-0.228239	-0.26297
-0.22857	-0.264997
-0.228323	-0.265086
-0.228192	-0.264444
-0.227898	-0.262181
-0.227324	-0.258647
-0.227135	-0.256863
-0.22757	-0.255779
-0.228677	-0.254405
-0.230358	-0.253026
-0.233382	-0.252124
-0.23479	-0.251742
-0.234116	-0.253032
-0.232645	-0.254664
-0.230397	-0.256994
-0.229874	-0.259582
-0.229635	-0.262721
-0.229461	-0.264186
-0.229418	-0.264469
-0.229945	-0.263919
-0.231087	-0.262684
-0.232492	-0.260603
-0.234426	-0.25872
-0.235167	-0.257813
-0.234862	-0.257976
-0.233624	-0.258792
-0.231563	-0.259892
-0.228651	-0.261771
-0.226809	-0.262303
-0.225528	-0.261778
-0.224282	-0.260745
-0.222964	-0.25987
-0.222684	-0.259606
-0.223539	-0.260111
-0.225496	-0.261234
-0.226865	-0.261353
-0.229815	-0.260193
-0.232485	-0.258393
-0.233474	-0.257605
-0.233149	-0.257745
-0.232272	-0.258783
-0.230348	-0.260767
-0.229069	-0.261421
-0.22875	-0.261125
-0.227833	-0.259457
-0.228024	-0.259
-0.22917	-0.258793
-0.231335	-0.25876
-0.232069	-0.25858
-0.231735	-0.258797
-0.231597	-0.259189
-0.231085	-0.260636
-0.230384	-0.26099
-0.23019	-0.260488
-0.229472	-0.259042
-0.229738	-0.258618
-0.230979	-0.258323
-0.233641	-0.258318
-0.23466	-0.258656
-0.234787	-0.259407
-0.23517	-0.260558
-0.23607	-0.260986
-0.236156	-0.261199
-0.23593	-0.261002
-0.235634	-0.260556
-0.23422	-0.258981
-0.23218	-0.258135
-0.229019	-0.257948
-0.2268	-0.257905
-0.225446	-0.258555
-0.225471	-0.259041
-0.226109	-0.260848
-0.226324	-0.261263
-0.226366	-0.260665
-0.226717	-0.259652
-0.227754	-0.259287
-0.230361	-0.258953
-0.233476	-0.258647
-0.235098	-0.25907
-0.23584	-0.259951
-0.236134	-0.260789
-0.236442	-0.260954
-0.236591	-0.261472
-0.23643	-0.261142
-0.236146	-0.260234
-0.235237	-0.258683
-0.234042	-0.257498
-0.231836	-0.257965
-0.228458	-0.259194
-0.227288	-0.261266
-0.227358	-0.261763
-0.227244	-0.26154
-0.226967	-0.260114
-0.227476	-0.259791
-0.229375	-0.259567
-0.232148	-0.259604
-0.233587	-0.260412
-0.234942	-0.260796
-0.236845	-0.261199
-0.238864	-0.261035
-0.241076	-0.260585
-0.243619	-0.259759
-0.244947	-0.259734
-0.245689	-0.260259
-0.245818	-0.260825
-0.245943	-0.261371
-0.245792	-0.261602
-0.245597	-0.261551
-0.245553	-0.260746
-0.245298	-0.259325
-0.244911	-0.259071
-0.24299	-0.259617
-0.241263	-0.260959
-0.24014	-0.261223
-0.239123	-0.261087
-0.238125	-0.260682
-0.237004	-0.260456
-0.236117	-0.260254
-0.235178	-0.259721
-0.233518	-0.259691
-0.230986	-0.260133
-0.229146	-0.259412
-0.228448	-0.259909
-0.228785	-0.261049
-0.228704	-0.260424
-0.228426	-0.258968
-0.229259	-0.259044
-0.230462	-0.259302
-0.232526	-0.260425
-0.234533	-0.261347
-0.235952	-0.261842
-0.237942	-0.262411
-0.24046	-0.262735
-0.242626	-0.262812
-0.245185	-0.262353
-0.24796	-0.261712
-0.250768	-0.260771
-0.253927	-0.259653
-0.255788	-0.2597
-0.25641	-0.260385
-0.257569	-0.261199
-0.259339	-0.262023
-0.262046	-0.263213
-0.262751	-0.264251
-0.262548	-0.264915
-0.261764	-0.266037
-0.260215	-0.267568
-0.258032	-0.269541
-0.257065	-0.27208
-0.256508	-0.27442
-0.256042	-0.276449
-0.25619	-0.278641
-0.256488	-0.281066
-0.256966	-0.283597
-0.257457	-0.285643
-0.25859	-0.288065
-0.260063	-0.29043
-0.260462	-0.291477
-0.260584	-0.291969
-0.260521	-0.292106
-0.260456	-0.292717
-0.25941	-0.292932
-0.258391	-0.292262
-0.257537	-0.290076
-0.256399	-0.286755
-0.255806	-0.284095
-0.255717	-0.281621
-0.256228	-0.279198
-0.257228	-0.276704
-0.25872	-0.274116
-0.260608	-0.271536
-0.25948	-0.269066
-0.259098	-0.26694
-0.259153	-0.264774
-0.259604	-0.262693
-0.26062	-0.260547
-0.260691	-0.259478
-0.259773	-0.258437
-0.258115	-0.258325
-0.255763	-0.258682
-0.252828	-0.259604
-0.249488	-0.260789
-0.246897	-0.261923
-0.24554	-0.262954
-0.244597	-0.263629
-0.244467	-0.264263
-0.244931	-0.265024
-0.24644	-0.265959
-0.24843	-0.267341
-0.25083	-0.268904
-0.253829	-0.270692
-0.256436	-0.272883
-0.259538	-0.275265
-0.262857	-0.278151
-0.264418	-0.280619
-0.265007	-0.283219
-0.264594	-0.285703
-0.263449	-0.288513
-0.261128	-0.291565
-0.259237	-0.293996
-0.258084	-0.294778
-0.257331	-0.293858
-0.256338	-0.291786
-0.255889	-0.288379
-0.256398	-0.285834
-0.257918	-0.283969
-0.259988	-0.281706
-0.262861	-0.279233
-0.264451	-0.277611
-0.264375	-0.277134
-0.263474	-0.276919
-0.261349	-0.276747
-0.258489	-0.277071
-0.256709	-0.277995
-0.255746	-0.27938
-0.255322	-0.280164
-0.25551	-0.281524
-0.256148	-0.284077
-0.257552	-0.2873
-0.259855	-0.290697
-0.261656	-0.291666
-0.2637	-0.292261
-0.265967	-0.293599
-0.266939	-0.294851
-0.2679	-0.295749
-0.268932	-0.296453
-0.270055	-0.297029
-0.271807	-0.296827
-0.273972	-0.296537
-0.276327	-0.296157
-0.278504	-0.295387
-0.280951	-0.294641
-0.283862	-0.293569
-0.286309	-0.292119
-0.288833	-0.290399
-0.291406	-0.288683
-0.293462	-0.287773
-0.295298	-0.287166
-0.296227	-0.286875
-0.29671	-0.286791
-0.296543	-0.286698
-0.295625	-0.286528
-0.294065	-0.286396
-0.29192	-0.286268
-0.28967	-0.285859
-0.286519	-0.28498
-0.283464	-0.284209
-0.278879	-0.28368
-0.274032	-0.28302
-0.269023	-0.282464
-0.263092	-0.281852
-0.257319	-0.281377
-0.253434	-0.281316
-0.251378	-0.2814
-0.251562	-0.281099
-0.252252	-0.281059
-0.254085	-0.281149
-0.256785	-0.28148
-0.259824	-0.282266
-0.263172	-0.283626
-0.264298	-0.284615
-0.264502	-0.28564
-0.264066	-0.287098
-0.263222	-0.289438
-0.262941	-0.290942
-0.262985	-0.292181
-0.263366	-0.293913
-0.26353	-0.294729
-0.263822	-0.295797
-0.264434	-0.297077
-0.265592	-0.298015
-0.267277	-0.299015
-0.269186	-0.299916
-0.271609	-0.300612
-0.273883	-0.301516
-0.27725	-0.302447
-0.280738	-0.303428
-0.284174	-0.304049
-0.287737	-0.305088
-0.291023	-0.306675
-0.293164	-0.307623
-0.294934	-0.308219
-0.296162	-0.307794
-0.296222	-0.307417
-0.295914	-0.307273
-0.294646	-0.306778
-0.292731	-0.306115
-0.290696	-0.305385
-0.288509	-0.304168
-0.287296	-0.303507
-0.287198	-0.303016
-0.287693	-0.303252
-0.288917	-0.303768
-0.290577	-0.304839
-0.292308	-0.305614
-0.293278	-0.306393
-0.293262	-0.307692
-0.292693	-0.309891
-0.291858	-0.312315
-0.290489	-0.314569
-0.288524	-0.317185
-0.287005	-0.319323
-0.285926	-0.320295
-0.285098	-0.319989
-0.28431	-0.31943
-0.283384	-0.317818
-0.282355	-0.315994
-0.282031	-0.314691
-0.282084	-0.314041
-0.282708	-0.313158
-0.283927	-0.312095
-0.285801	-0.311001
-0.28807	-0.310076
-0.29065	-0.309272
-0.292172	-0.308902
-0.292683	-0.308643
-0.292701	-0.308681
-0.292343	-0.309281
-0.291222	-0.310785
-0.289743	-0.31263
-0.287918	-0.314823
-0.286433	-0.317002
-0.28547	-0.318717
-0.284402	-0.319174
-0.283379	-0.319266
-0.282084	-0.319327
-0.280878	-0.318847
-0.279368	-0.317684
-0.279039	-0.316305
-0.279407	-0.315167
-0.280174	-0.313872
-0.281473	-0.31256
-0.284164	-0.310155
-0.28742	-0.307929
-0.291095	-0.30593
-0.293942	-0.304424
-0.295347	-0.303893
-0.295666	-0.30378
-0.295392	-0.304285
-0.293621	-0.305282
-0.291156	-0.306114
-0.288386	-0.306945
-0.286712	-0.307713
-0.285914	-0.308413
-0.285469	-0.309452
-0.284723	-0.310359
-0.284646	-0.310997
-0.28509	-0.312201
-0.286109	-0.314194
-0.287581	-0.316195
-0.289439	-0.318442
-0.291034	-0.32013
-0.29265	-0.321434
-0.29464	-0.322683
-0.296171	-0.323459
-0.297305	-0.324531
-0.297962	-0.325825
-0.298818	-0.327106
-0.299278	-0.328388
-0.299868	-0.329544
-0.300949	-0.331238
-0.302527	-0.33333
-0.304176	-0.335153
-0.305675	-0.336928
-0.307575	-0.338774
-0.309353	-0.340789
-0.311329	-0.342413
-0.313313	-0.343949
-0.315657	-0.345484
-0.317899	-0.346996
-0.320096	-0.348168
-0.322083	-0.350062
-0.323418	-0.351629
-0.324775	-0.353084
-0.325618	-0.354999
-0.326476	-0.356518
-0.327468	-0.357913
-0.328693	-0.359129
-0.330001	-0.360403
-0.331343	-0.362013
-0.332852	-0.363885
-0.334098	-0.365762
-0.334687	-0.367811
-0.335513	-0.370423
-0.336118	-0.37314
-0.337248	-0.375073
-0.338496	-0.376894
-0.33959	-0.378422
-0.340764	-0.379947
-0.341161	-0.382264
-0.341567	-0.384379
-0.342445	-0.385862
-0.34332	-0.387165
-0.34442	-0.38785
-0.345584	-0.3886
-0.34677	-0.388728
-0.347529	-0.387949
-0.347762	-0.387533
-0.3476	-0.386565
-0.347947	-0.385691
-0.348874	-0.38437
-0.350827	-0.382667
-0.352994	-0.380985
-0.354906	-0.378861
-0.356884	-0.376823
-0.358811	-0.374844
-0.360884	-0.373269
-0.362855	-0.371911
-0.364811	-0.371062
-0.366728	-0.370923
-0.369414	-0.371254
-0.371909	-0.371636
-0.374372	-0.372221
-0.376655	-0.37292
-0.37885	-0.373941
-0.380929	-0.374883
-0.382887	-0.376054
-0.384779	-0.37708
-0.386616	-0.378335
-0.388575	-0.379907
-0.390341	-0.381971
-0.3918	-0.383972
-0.393176	-0.385835
-0.394308	-0.387146
-0.395202	-0.388242
-0.396116	-0.389132
-0.397305	-0.390261
-0.398203	-0.391289
-0.399464	-0.392493
-0.400316	-0.393545
-0.401794	-0.394414
-0.40237	-0.394855
-0.403123	-0.394951
-0.404241	-0.395015
-0.405311	-0.395803
-0.40638	-0.396794
-0.407406	-0.398167
-0.408546	-0.399355
-0.409423	-0.400472
-0.410364	-0.401683
-0.411485	-0.403263
-0.411622	-0.404924
-0.411301	-0.406393
-0.411011	-0.407944
-0.410599	-0.409776
-0.410352	-0.411808
-0.41005	-0.41451
-0.409547	-0.416598
-0.408816	-0.418294
-0.407381	-0.419729
-0.406014	-0.421142
-0.404383	-0.422432
-0.402887	-0.423537
-0.401269	-0.42523
-0.39981	-0.426696
-0.398552	-0.428092
-0.397551	-0.429232
-0.396918	-0.4301
-0.396351	-0.431148
-0.396162	-0.4313
-0.396037	-0.431402
-0.395844	-0.431638
-0.395563	-0.431741
-0.396091	-0.431471
-0.39652	-0.430573
-0.39659	-0.430282
-0.396087	-0.430379
-0.395643	-0.430591
-0.395226	-0.430906
-0.394703	-0.431563
-0.393496	-0.432227
-0.392428	-0.433197
-0.391521	-0.434094
-0.391294	-0.435478
-0.391211	-0.436418
-0.391121	-0.437222
-0.391068	-0.437726
-0.390996	-0.43776
-0.390437	-0.437928
-0.390356	-0.438073
-0.390148	-0.43834
-0.390316	-0.437979
-0.390272	-0.436991
-0.390172	-0.436192
-0.390254	-0.435507
-0.391111	-0.434391
-0.392014	-0.432942
-0.393235	-0.431551
-0.394393	-0.430181
-0.395646	-0.428893
-0.397073	-0.42737
-0.399155	-0.425486
-0.40163	-0.423182
-0.404195	-0.42082
-0.40718	-0.419032
-0.40903	-0.417351
-0.410816	-0.415716
-0.412623	-0.414297
-0.41437	-0.412241
-0.415797	-0.410987
-0.417101	-0.409804
-0.41892	-0.408132
-0.421195	-0.406425
-0.423349	-0.405131
-0.425327	-0.403885
-0.427313	-0.403178
-0.429242	-0.402517
-0.43058	-0.40181
-0.431905	-0.400942
-0.433592	-0.399969
-0.435076	-0.398831
-0.436418	-0.397765
-0.437714	-0.396814
-0.439087	-0.395991
-0.440064	-0.395336
-0.440384	-0.395216
-0.440474	-0.39494
-0.440626	-0.394685
-0.440371	-0.394659
-0.439662	-0.394523
-0.438754	-0.394469
-0.437721	-0.394081
-0.436378	-0.393006
-0.435464	-0.391886
-0.43458	-0.390773
-0.43326	-0.389679
-0.432062	-0.388454
-0.430541	-0.387215
-0.428643	-0.386227
-0.426724	-0.385386
-0.425153	-0.384154
-0.423056	-0.382618
-0.4212	-0.381901
-0.419292	-0.381322
-0.417711	-0.380924
-0.415739	-0.380603
-0.413783	-0.380598
-0.412072	-0.380783
-0.410262	-0.381039
-0.408293	-0.381905
-0.406845	-0.38283
-0.405067	-0.383633
-0.40282	-0.38437
-0.399889	-0.384239
-0.39773	-0.384102
-0.396141	-0.383723
-0.394714	-0.383948
-0.393425	-0.38432
-0.392215	-0.384903
-0.390963	-0.385531
-0.389191	-0.386093
-0.386974	-0.38615
-0.384618	-0.38593
-0.382626	-0.385629
-0.380877	-0.385357
-0.379308	-0.385052
-0.378244	-0.384818
-0.377169	-0.384661
-0.376501	-0.38411
-0.375867	-0.383624
-0.375473	-0.382866
-0.374951	-0.381948
-0.374454	-0.381152
-0.373977	-0.379905
-0.374103	-0.378307
-0.374413	-0.376326
-0.374836	-0.37431
-0.375841	-0.372676
-0.37617	-0.371111
-0.376405	-0.369825
-0.376594	-0.36879
-0.376781	-0.368354
-0.378129	-0.367895
-0.379344	-0.367439
-0.379382	-0.366653
-0.379649	-0.366093
-0.379521	-0.364696
-0.379192	-0.36352
-0.378814	-0.362467
-0.37822	-0.361974
-0.377242	-0.361501
-0.376105	-0.361132
-0.374912	-0.360544
-0.373319	-0.359422
-0.372795	-0.358883
-0.371671	-0.357888
-0.370425	-0.357
-0.369521	-0.356077
-0.368771	-0.355472
-0.368005	-0.354616
-0.367388	-0.353902
-0.366727	-0.353338
-0.366062	-0.353108
-0.364807	-0.353538
-0.363578	-0.354096
-0.362078	-0.355581
-0.360713	-0.357141
-0.359721	-0.359155
-0.359145	-0.361718
-0.358648	-0.364321
-0.357819	-0.368061
-0.357135	-0.371936
-0.356761	-0.37566
-0.356249	-0.378692
-0.356171	-0.381323
-0.356288	-0.383135
-0.356782	-0.385418
-0.356764	-0.387929
-0.356729	-0.391085
-0.357004	-0.393564
-0.357844	-0.39622
-0.358629	-0.398124
-0.359812	-0.401182
-0.361257	-0.403611
-0.362545	-0.405746
-0.364675	-0.408303
-0.366782	-0.410488
-0.369106	-0.411876
-0.371682	-0.412691
-0.37406	-0.413235
-0.376123	-0.413551
-0.378142	-0.41355
-0.380127	-0.413502
-0.382641	-0.413482
-0.385368	-0.413488
-0.388991	-0.413732
-0.393483	-0.41328
-0.397626	-0.412737
-0.401506	-0.411688
-0.405372	-0.410638
-0.408844	-0.409552
-0.411498	-0.408333
-0.413639	-0.406704
-0.415656	-0.405079
-0.417745	-0.403623
-0.419391	-0.403072
-0.420889	-0.402908
-0.422572	-0.402751
-0.424942	-0.402501
-0.426882	-0.401901
-0.428946	-0.401521
-0.4308	-0.401287
-0.432166	-0.401266
-0.433344	-0.401444
-0.434558	-0.402052
-0.435478	-0.402678
-0.436181	-0.403288
-0.436031	-0.405018
-0.435908	-0.407051
-0.436085	-0.409302
-0.435898	-0.411096
-0.435403	-0.413297
-0.434876	-0.414899
-0.434134	-0.416583
-0.434158	-0.417348
-0.434121	-0.418211
-0.434028	-0.419554
-0.434118	-0.421296
-0.43364	-0.423285
-0.432591	-0.425407
-0.431579	-0.427715
-0.430811	-0.430081
-0.429683	-0.432238
-0.429117	-0.43406
-0.428421	-0.435714
-0.427984	-0.438053
-0.427932	-0.440558
-0.427864	-0.442616
-0.428482	-0.444565
-0.429058	-0.446168
-0.429695	-0.447576
-0.430334	-0.448717
-0.430977	-0.449655
-0.431107	-0.450228
-0.431802	-0.451291
-0.431963	-0.452066
-0.432284	-0.452988
-0.432491	-0.453712
-0.433083	-0.454491
-0.43419	-0.456257
-0.435697	-0.457213
-0.437094	-0.457205
-0.438486	-0.457476
-0.43927	-0.457364
-0.440726	-0.457181
-0.442156	-0.456809
-0.443438	-0.4564
-0.444532	-0.455635
-0.445673	-0.45445
-0.447484	-0.452425
-0.44878	-0.450532
-0.450338	-0.448945
-0.452494	-0.447467
-0.454523	-0.446024
-0.456702	-0.444532
-0.459545	-0.443003
-0.462028	-0.441543
-0.465048	-0.440661
-0.46758	-0.439668
-0.471052	-0.439091
-0.473967	-0.438308
-0.476554	-0.437334
-0.47905	-0.436295
-0.481491	-0.435358
-0.483748	-0.434505
-0.48559	-0.434749
-0.487026	-0.435124
-0.488911	-0.435558
-0.490414	-0.435996
-0.49185	-0.437107
-0.492606	-0.437591
-0.493706	-0.437881
-0.495168	-0.437671
-0.496321	-0.437467
-0.49748	-0.437151
-0.498288	-0.436833
-0.499557	-0.435699
-0.500759	-0.434316
-0.501861	-0.432947
-0.503001	-0.431399
-0.5039	-0.42995
-0.504625	-0.428441
-0.505349	-0.426711
-0.506157	-0.425136
-0.506904	-0.423899
-0.50764	-0.423183
-0.508389	-0.422377
-0.509243	-0.421728
-0.509918	-0.419788
-0.510524	-0.41824
-0.510687	-0.416793
-0.510561	-0.415663
-0.510304	-0.414569
-0.51026	-0.413531
-0.510438	-0.412381
-0.511001	-0.411514
-0.511576	-0.410418
-0.512368	-0.409087
-0.512523	-0.407162
-0.512727	-0.405506
-0.513198	-0.403286
-0.513599	-0.40076
-0.51404	-0.398724
-0.514363	-0.396703
-0.514283	-0.394871
-0.513653	-0.392796
-0.512813	-0.390629
-0.512639	-0.388358
-0.512591	-0.386394
-0.513484	-0.384266
-0.515162	-0.382317
-0.51676	-0.380614
-0.518676	-0.378575
-0.519452	-0.377026
-0.520482	-0.375141
-0.521843	-0.3734
-0.522919	-0.372258
-0.523976	-0.370984
-0.525194	-0.369971
-0.526618	-0.369
-0.527771	-0.368691
-0.529491	-0.368655
-0.531161	-0.368962
-0.53286	-0.369665
-0.534213	-0.369973
-0.53592	-0.370765
-0.537772	-0.371538
-0.539752	-0.372294
-0.541596	-0.373254
-0.543216	-0.37418
-0.544834	-0.37524
-0.545911	-0.375916
-0.547093	-0.377259
-0.548054	-0.378467
-0.549152	-0.379523
-0.550091	-0.380825
-0.551827	-0.383145
-0.553397	-0.38523
-0.555335	-0.386852
-0.55678	-0.388549
-0.55834	-0.390176
-0.559818	-0.391685
-0.562128	-0.393202
-0.564369	-0.394597
-0.566434	-0.395773
-0.568644	-0.396997
-0.570624	-0.398282
-0.571821	-0.39929
-0.573088	-0.400555
-0.574199	-0.401819
-0.576125	-0.401928
-0.57748	-0.402103
-0.579402	-0.402607
-0.581704	-0.403004
-0.583113	-0.4037
-0.584372	-0.404355
-0.585743	-0.405196
-0.587111	-0.40562
-0.588577	-0.405721
-0.589982	-0.405865
-0.591332	-0.405762
-0.593032	-0.405885
-0.594432	-0.406068
-0.595928	-0.406051
-0.597525	-0.405974
-0.598917	-0.40579
-0.60074	-0.405268
-0.602494	-0.404328
-0.60333	-0.403417
-0.604097	-0.402423
-0.60405	-0.401277
-0.60357	-0.400723
-0.603135	-0.400181
-0.602434	-0.399898
-0.601688	-0.399714
-0.600614	-0.39953
-0.599532	-0.399266
-0.599172	-0.399018
-0.598554	-0.398715
-0.597669	-0.398311
-0.596772	-0.397789
-0.59585	-0.397248
-0.594592	-0.396932
-0.593139	-0.396125
-0.591733	-0.395278
-0.59091	-0.394795
-0.589951	-0.394252
-0.588551	-0.39339
-0.587131	-0.392559
-0.585375	-0.391606
-0.584327	-0.391019
-0.583322	-0.390274
-0.582014	-0.389029
-0.580813	-0.388041
-0.579463	-0.386102
-0.577587	-0.38492
-0.575003	-0.38437
-0.572655	-0.383889
-0.570354	-0.383557
-0.568293	-0.383228
-0.565897	-0.383174
-0.563537	-0.383356
-0.561309	-0.383522
-0.559181	-0.3838
-0.557251	-0.384171
-0.555486	-0.384036
-0.553822	-0.384107
-0.551776	-0.384254
-0.549957	-0.383488
-0.548455	-0.383063
-0.546433	-0.381888
-0.544428	-0.380701
-0.54308	-0.379103
-0.541389	-0.378358
-0.539932	-0.377617
-0.537743	-0.37718
-0.535576	-0.376799
-0.533597	-0.375755
-0.531769	-0.374183
-0.530146	-0.372758
-0.528875	-0.371232
-0.5274	-0.370373
-0.52632	-0.368222
-0.525363	-0.366263
-0.524305	-0.364297
-0.523067	-0.362146
-0.522425	-0.359448
-0.521935	-0.3575
-0.521377	-0.355677
-0.520964	-0.354136
-0.521238	-0.352756
-0.521282	-0.352102
-0.521701	-0.351832
-0.52238	-0.351664
-0.523578	-0.351523
-0.525956	-0.352069
-0.529886	-0.353226
-0.533754	-0.35398
-0.537095	-0.354339
-0.540208	-0.354741
-0.541548	-0.355316
-0.54293	-0.355696
-0.544406	-0.3568
-0.546011	-0.35807
-0.547852	-0.358629
-0.549956	-0.359525
-0.550987	-0.360316
-0.551992	-0.361509
-0.55216	-0.361769
-0.552575	-0.362713
-0.553081	-0.362686
-0.55364	-0.363022
-0.55357	-0.36401
-0.553454	-0.364745
-0.553354	-0.365738
-0.553517	-0.366504
-0.553999	-0.367564
-0.554539	-0.369127
-0.553931	-0.370985
-0.553176	-0.372875
-0.552646	-0.374466
-0.552641	-0.376821
-0.552489	-0.379069
-0.552297	-0.381307
-0.552077	-0.383125
-0.551273	-0.384912
-0.55004	-0.38603
-0.548894	-0.387212
-0.548076	-0.388114
-0.547127	-0.388875
-0.54615	-0.389991
-0.545293	-0.391449
-0.544669	-0.39305
-0.544389	-0.394861
-0.544584	-0.396205
-0.544509	-0.397345
-0.544152	-0.39817
-0.543595	-0.399022
-0.543467	-0.399102
-0.542946	-0.400201
-0.542855	-0.401431
-0.542704	-0.402709
-0.542342	-0.403578
-0.54192	-0.404611
-0.541384	-0.405575
-0.540677	-0.40682
-0.539767	-0.408082
-0.538703	-0.409458
-0.537316	-0.410927
-0.535498	-0.412299
-0.53359	-0.413789
-0.531516	-0.415719
-0.529587	-0.4176
-0.52736	-0.41955
-0.525335	-0.421715
-0.52337	-0.423941
-0.521442	-0.425946
-0.519529	-0.427816
-0.517878	-0.429539
-0.516516	-0.431454
-0.515418	-0.433363
-0.514627	-0.435323
-0.513806	-0.437457
-0.512784	-0.439081
-0.512319	-0.44099
-0.5111	-0.442961
-0.508691	-0.445807
-0.505923	-0.44845
-0.503441	-0.45188
-0.501265	-0.454922
-0.499271	-0.458054
-0.497293	-0.460794
-0.495593	-0.463223
-0.494002	-0.465257
-0.49259	-0.466412
-0.490897	-0.467302
-0.489059	-0.468333
-0.487452	-0.469231
-0.486192	-0.469758
-0.484704	-0.470481
-0.483606	-0.471008
-0.482765	-0.4713
-0.481962	-0.471566
-0.481083	-0.471853
-0.478707	-0.471683
-0.476381	-0.471486
-0.474408	-0.470646
-0.472154	-0.470179
-0.470124	-0.468584
-0.468501	-0.467015
-0.467364	-0.465504
-0.46642	-0.464077
-0.465188	-0.462424
-0.464039	-0.461082
-0.463015	-0.459935
-0.461963	-0.458139
-0.461352	-0.456368
-0.46042	-0.454981
-0.458697	-0.453658
-0.45683	-0.452736
-0.455739	-0.451441
-0.454884	-0.449781
-0.453939	-0.448084
-0.452752	-0.446131
-0.451904	-0.444418
-0.450575	-0.4424
-0.450562	-0.440282
-0.451078	-0.438205
-0.451506	-0.435799
-0.452495	-0.434258
-0.453304	-0.432756
-0.454336	-0.4321
-0.455974	-0.432
-0.45733	-0.432242
-0.458783	-0.432659
-0.460122	-0.432484
-0.46166	-0.432761
-0.462892	-0.432946
-0.464006	-0.432733
-0.465602	-0.432222
-0.466919	-0.431779
-0.467745	-0.43151
-0.467877	-0.431211
-0.467505	-0.430763
-0.466572	-0.430438
-0.465036	-0.430584
-0.463907	-0.430172
-0.462273	-0.429542
-0.460821	-0.429205
-0.459335	-0.429406
-0.458018	-0.429696
-0.456622	-0.430089
-0.455406	-0.43008
-0.454017	-0.430141
-0.452412	-0.430759
-0.450602	-0.431762
-0.448779	-0.432901
-0.44688	-0.434314
-0.44532	-0.435633
-0.443922	-0.436926
-0.443133	-0.438442
-0.442364	-0.440071
-0.441767	-0.441642
-0.442075	-0.442952
-0.443078	-0.444203
-0.444266	-0.445619
-0.445772	-0.446892
-0.447239	-0.448653
-0.448521	-0.450608
-0.449864	-0.452607
-0.451367	-0.454502
-0.452939	-0.456514
-0.45474	-0.458499
-0.456004	-0.460235
-0.457382	-0.462478
-0.458829	-0.46391
-0.46043	-0.464451
-0.46201	-0.464699
-0.463589	-0.464959
-0.465581	-0.464063
-0.467925	-0.463556
-0.470702	-0.463394
-0.473371	-0.463013
-0.476145	-0.462789
-0.480159	-0.46211
-0.483617	-0.462773
-0.486853	-0.463222
-0.48991	-0.463945
-0.492653	-0.464127
-0.49534	-0.464532
-0.497533	-0.464766
-0.499769	-0.464252
-0.501719	-0.463739
-0.503381	-0.463254
-0.5057	-0.463335
-0.508044	-0.463417
-0.510718	-0.46348
-0.513831	-0.463027
-0.515841	-0.462184
-0.517652	-0.461538
-0.519478	-0.460662
-0.520893	-0.459734
-0.521907	-0.459602
-0.52218	-0.459209
-0.522096	-0.45783
-0.52242	-0.456708
-0.521885	-0.456
-0.52129	-0.4553
-0.520356	-0.454254
-0.518813	-0.452574
-0.516695	-0.45128
-0.514225	-0.450031
-0.511686	-0.448572
-0.50876	-0.446977
-0.505542	-0.445045
-0.502421	-0.443228
-0.499592	-0.441401
-0.49675	-0.439204
-0.493834	-0.437043
-0.49101	-0.43504
-0.488513	-0.433447
-0.485799	-0.43162
-0.483013	-0.429972
-0.480019	-0.428123
-0.476997	-0.425881
-0.473773	-0.424009
-0.470309	-0.422936
-0.466781	-0.421961
-0.463245	-0.420915
-0.45984	-0.42017
-0.4566	-0.419906
-0.453791	-0.420259
-0.450809	-0.420782
-0.448363	-0.421229
-0.446132	-0.421551
-0.444298	-0.422572
-0.441982	-0.423611
-0.439111	-0.42474
-0.436073	-0.426422
-0.432804	-0.427724
-0.429278	-0.429092
-0.426418	-0.430854
-0.42384	-0.433014
-0.421747	-0.435293
-0.420947	-0.437387
-0.420987	-0.439458
-0.421833	-0.441757
-0.422811	-0.443898
-0.423908	-0.445806
-0.425164	-0.447401
-0.425535	-0.449551
-0.426366	-0.451611
-0.427252	-0.453969
-0.428452	-0.455723
-0.429585	-0.456963
-0.431124	-0.45818
-0.433146	-0.459722
-0.434854	-0.461463
-0.43771	-0.463909
-0.440149	-0.465398
-0.441978	-0.465861
-0.443883	-0.465606
-0.445896	-0.465023
-0.448278	-0.464007
-0.450576	-0.462463
-0.452285	-0.460858
-0.45395	-0.459144
-0.455202	-0.457678
-0.457057	-0.455835
-0.459227	-0.454467
-0.461643	-0.453297
-0.465234	-0.45247
-0.468127	-0.452313
-0.470346	-0.45245
-0.47215	-0.453772
-0.473424	-0.456563
-0.474671	-0.45958
-0.47587	-0.462822
-0.475785	-0.465908
-0.475794	-0.468392
-0.475732	-0.469547
-0.475753	-0.470642
-0.47592	-0.471619
-0.476777	-0.472156
-0.477733	-0.472772
-0.479373	-0.47352
-0.481137	-0.474262
-0.48346	-0.475221
-0.485761	-0.476223
-0.487894	-0.477021
-0.490334	-0.478266
-0.492652	-0.479502
-0.494639	-0.480335
-0.495948	-0.480733
-0.496951	-0.481101
-0.497506	-0.480922
-0.497937	-0.480851
-0.498485	-0.480505
-0.49904	-0.479912
-0.499474	-0.478948
-0.50005	-0.47752
-0.500528	-0.475719
-0.500408	-0.473568
-0.499909	-0.471362
-0.498517	-0.469017
-0.497052	-0.466483
-0.495809	-0.463437
-0.494561	-0.460383
-0.49346	-0.457626
-0.493066	-0.455893
-0.492448	-0.45412
-0.491815	-0.452211
-0.491063	-0.450461
-0.490217	-0.449376
-0.489244	-0.448651
-0.488121	-0.448209
-0.486805	-0.448425
-0.485236	-0.449386
-0.483367	-0.450139
-0.480673	-0.450991
-0.477923	-0.451358
-0.475145	-0.451992
-0.472437	-0.453243
-0.470256	-0.454854
-0.467788	-0.456576
-0.465116	-0.458683
-0.462913	-0.461312
-0.460494	-0.46426
-0.458769	-0.465951
-0.457518	-0.467136
-0.457114	-0.467443
-0.456207	-0.467029
-0.455111	-0.466091
-0.454058	-0.464558
-0.452636	-0.4623
-0.451495	-0.46036
-0.450804	-0.459107
-0.451036	-0.457706
-0.451519	-0.456441
-0.452503	-0.455641
-0.454029	-0.454334
-0.456025	-0.453237
-0.458678	-0.452699
-0.461645	-0.452365
-0.464927	-0.452747
-0.467538	-0.453117
-0.469827	-0.453811
-0.471819	-0.454742
-0.473959	-0.456047
-0.476031	-0.456841
-0.478646	-0.457925
-0.481123	-0.458581
-0.483344	-0.459622
-0.484915	-0.461044
-0.487025	-0.46326
-0.489487	-0.4655
-0.491784	-0.46685
-0.493595	-0.467821
-0.495287	-0.468877
-0.496719	-0.469738
-0.497616	-0.470469
-0.498498	-0.470969
-0.499539	-0.471412
-0.500304	-0.471677
-0.501037	-0.471836
-0.501853	-0.471358
-0.502893	-0.470513
-0.503508	-0.469337
-0.504599	-0.46836
-0.505565	-0.467285
-0.506721	-0.466187
-0.507878	-0.464924
-0.509126	-0.463266
-0.510213	-0.461511
-0.510959	-0.460077
-0.511755	-0.458627
-0.512526	-0.457349
-0.513029	-0.456289
-0.513161	-0.455045
-0.513139	-0.453872
-0.513183	-0.452962
-0.513377	-0.452419
-0.513433	-0.452345
-0.51248	-0.45344
-0.510929	-0.455157
-0.509351	-0.457087
-0.507804	-0.459765
-0.506144	-0.462605
-0.504357	-0.46534
-0.502968	-0.468359
-0.501983	-0.470908
-0.50062	-0.473164
-0.499434	-0.474902
-0.498252	-0.476292
-0.496936	-0.477456
-0.495267	-0.477607
-0.49359	-0.477707
-0.49149	-0.477965
-0.489318	-0.477952
-0.487092	-0.477766
-0.485364	-0.476447
-0.483625	-0.474663
-0.482695	-0.472969
-0.48223	-0.47155
-0.482743	-0.470037
-0.483916	-0.467778
-0.485312	-0.465492
-0.486689	-0.463099
-0.488268	-0.460473
-0.489258	-0.458808
-0.490214	-0.458157
-0.490705	-0.457723
-0.491561	-0.457451
-0.492174	-0.457303
-0.492673	-0.456323
-0.493097	-0.455761
-0.493759	-0.455063
-0.494746	-0.454646
-0.49502	-0.454707
-0.495545	-0.454777
-0.495318	-0.455447
-0.49422	-0.456962
-0.492931	-0.459104
-0.491535	-0.461497
-0.490092	-0.464329
-0.489125	-0.466307
-0.487901	-0.468334
-0.486965	-0.470385
-0.486905	-0.471901
-0.485974	-0.473188
-0.485226	-0.47365
-0.485182	-0.473678
-0.485061	-0.473534
-0.485564	-0.473417
-0.486379	-0.473302
-0.487626	-0.473116
-0.488827	-0.47241
-0.490883	-0.471578
-0.492703	-0.470324
-0.494207	-0.469011
-0.495895	-0.467739
-0.497523	-0.466352
-0.499139	-0.46467
-0.500478	-0.463246
-0.501091	-0.461712
-0.501527	-0.460674
-0.500279	-0.459943
-0.499205	-0.458997
-0.497967	-0.459073
-0.495906	-0.459778
-0.493282	-0.460004
-0.491111	-0.460513
-0.48901	-0.461439
-0.487387	-0.462591
-0.486276	-0.463385
-0.485519	-0.463789
-0.484644	-0.464815
-0.484148	-0.465482
-0.484334	-0.465849
-0.484992	-0.466325
-0.486211	-0.467099
-0.487884	-0.467383
-0.489981	-0.467442
-0.492478	-0.467261
-0.493772	-0.467076
-0.494717	-0.466281
-0.495666	-0.464967
-0.496617	-0.463354
-0.497498	-0.461504
-0.49771	-0.460483
-0.497815	-0.46
-0.497647	-0.45977
-0.497078	-0.459284
-0.496207	-0.460061
-0.494904	-0.461401
-0.493318	-0.463153
-0.491693	-0.464084
-0.488733	-0.464991
-0.486868	-0.465411
-0.485845	-0.465767
-0.485478	-0.465617
-0.485474	-0.46526
-0.48606	-0.464505
-0.487206	-0.463292
-0.487934	-0.461147
-0.488403	-0.459546
-0.487857	-0.459254
-0.487725	-0.459837
-0.486904	-0.461594
-0.486032	-0.464054
-0.486026	-0.466672
-0.486654	-0.468879
-0.48773	-0.470746
-0.488663	-0.472132
-0.490612	-0.473348
-0.493084	-0.474672
-0.495293	-0.475616
-0.496765	-0.476586
-0.498124	-0.477274
-0.499231	-0.477709
-0.500238	-0.478014
-0.501065	-0.477911
-0.502096	-0.477132
-0.502784	-0.476204
-0.503336	-0.475353
-0.504218	-0.474766
-0.505461	-0.474412
-0.506776	-0.474042
-0.508144	-0.473405
-0.509773	-0.471733
-0.511361	-0.470055
-0.512878	-0.468314
-0.513654	-0.466917
-0.514664	-0.465106
-0.515407	-0.463107
-0.516539	-0.461861
-0.517227	-0.46097
-0.517778	-0.460547
-0.517503	-0.460572
-0.516663	-0.460885
-0.514864	-0.46119
-0.513329	-0.461072
-0.511758	-0.461726
-0.509876	-0.462736
-0.508022	-0.46385
-0.506241	-0.465226
-0.504927	-0.466266
-0.502436	-0.466866
-0.500255	-0.467452
-0.498462	-0.468254
-0.496365	-0.468298
-0.494236	-0.468312
-0.492273	-0.468241
-0.489812	-0.467384
-0.487842	-0.466545
-0.487148	-0.465976
-0.487032	-0.465425
-0.487395	-0.464088
-0.488778	-0.463103
-0.490924	-0.461929
-0.49385	-0.461472
-0.49646	-0.461114
-0.497383	-0.461288
-0.498264	-0.461942
-0.499235	-0.463865
-0.500243	-0.46587
-0.501189	-0.467727
-0.502198	-0.469675
-0.5034	-0.471595
-0.504666	-0.47376
-0.505496	-0.47641
-0.506299	-0.47891
-0.50707	-0.481595
-0.508161	-0.484284
-0.508863	-0.487671
-0.509714	-0.49097
-0.51023	-0.493609
-0.510556	-0.494756
-0.510626	-0.494333
-0.510504	-0.493307
-0.510772	-0.491773
-0.511534	-0.489084
-0.512014	-0.486368
-0.512416	-0.483912
-0.512695	-0.480729
-0.512917	-0.478143
-0.513142	-0.476552
-0.513013	-0.474819
-0.512738	-0.473576
-0.51244	-0.472007
-0.512238	-0.470493
-0.512036	-0.469243
-0.511752	-0.468192
-0.511372	-0.467092
-0.511077	-0.466004
-0.510856	-0.465002
-0.510307	-0.463763
-0.509841	-0.462794
-0.508934	-0.461415
-0.508349	-0.460575
-0.508135	-0.461558
-0.507049	-0.464058
-0.506506	-0.465951
-0.506542	-0.468366
-0.506731	-0.470997
-0.506947	-0.474207
-0.506537	-0.47772
-0.507452	-0.480835
-0.50808	-0.483801
-0.508857	-0.486968
-0.509571	-0.489735
-0.510091	-0.493163
-0.509749	-0.4949
-0.509289	-0.494773
-0.508273	-0.493876
-0.506886	-0.492055
-0.504968	-0.489792
-0.503755	-0.487957
-0.502721	-0.486596
-0.501806	-0.485623
-0.500767	-0.484959
-0.499318	-0.483608
-0.498309	-0.482635
-0.497234	-0.481039
-0.496817	-0.479484
-0.496847	-0.478589
-0.497532	-0.477926
-0.498778	-0.47698
-0.49991	-0.476299
-0.501701	-0.475769
-0.5035	-0.475289
-0.505256	-0.475457
-0.507491	-0.475912
-0.509556	-0.476942
-0.511975	-0.477905
-0.514753	-0.479205
-0.517863	-0.480914
-0.521426	-0.482452
-0.523211	-0.483485
-0.523621	-0.483689
-0.522898	-0.483653
-0.521019	-0.483653
-0.518063	-0.483312
-0.516038	-0.483283
-0.514474	-0.483443
-0.513637	-0.484012
-0.512833	-0.484925
-0.512081	-0.486347
-0.511179	-0.488202
-0.511143	-0.490618
-0.511288	-0.493529
-0.511529	-0.495804
-0.512142	-0.49669
-0.512544	-0.497628
-0.512511	-0.497317
-0.512398	-0.495637
-0.512583	-0.492322
-0.513132	-0.488818
-0.513985	-0.486424
-0.515138	-0.484531
-0.517068	-0.482599
-0.519854	-0.48136
-0.522916	-0.480346
-0.5244	-0.479889
-0.524368	-0.479672
-0.523409	-0.479642
-0.521376	-0.479625
-0.518519	-0.479076
-0.516584	-0.478647
-0.515438	-0.47835
-0.514616	-0.478727
-0.514007	-0.479437
-0.513262	-0.481026
-0.512805	-0.482795
-0.513427	-0.486139
-0.515156	-0.490132
-0.517593	-0.494141
-0.519443	-0.496377
-0.520674	-0.49712
-0.521702	-0.498005
-0.522664	-0.498243
-0.524151	-0.499388
-0.525445	-0.500504
-0.526559	-0.501524
-0.527589	-0.502483
-0.528578	-0.50358
-0.529371	-0.504379
-0.529719	-0.505576
-0.530038	-0.50689
-0.530666	-0.508752
-0.531333	-0.510772
-0.532751	-0.513152
-0.5341	-0.515424
-0.53519	-0.517583
-0.536104	-0.519548
-0.536754	-0.521648
-0.537513	-0.523317
-0.538434	-0.525246
-0.538897	-0.526695
-0.540045	-0.528239
-0.54164	-0.530696
-0.54292	-0.533196
-0.543774	-0.535673
-0.543829	-0.538056
-0.543954	-0.540249
-0.543234	-0.542311
-0.542847	-0.544086
-0.542451	-0.545682
-0.541451	-0.547588
-0.540487	-0.549323
-0.538836	-0.551313
-0.537531	-0.553875
-0.536376	-0.556192
-0.534894	-0.557983
-0.533501	-0.559575
-0.531936	-0.56138
-0.530601	-0.563012
-0.529572	-0.564831
-0.528633	-0.567002
-0.527675	-0.569292
-0.526161	-0.571454
-0.525738	-0.573782
-0.525507	-0.576919
-0.525008	-0.579858
-0.524955	-0.582211
-0.524886	-0.58477
-0.524752	-0.587126
-0.524852	-0.589142
-0.524743	-0.590933
-0.524798	-0.592253
-0.525523	-0.593509
-0.526312	-0.594383
-0.528074	-0.595126
-0.529041	-0.595924
-0.529935	-0.596533
-0.53103	-0.597186
-0.532642	-0.596845
-0.534338	-0.596439
-0.535774	-0.596896
-0.537388	-0.597383
-0.539045	-0.597854
-0.540695	-0.598212
-0.542253	-0.598369
-0.543993	-0.597971
-0.545798	-0.597882
-0.547793	-0.597885
-0.548582	-0.597179
-0.549154	-0.595437
-0.549626	-0.593737
-0.550235	-0.591835
-0.550502	-0.59016
-0.550307	-0.587908
-0.55057	-0.586735
-0.550815	-0.585623
-0.551507	-0.584409
-0.55209	-0.583208
-0.552381	-0.581933
-0.552694	-0.58067
-0.553004	-0.579383
-0.55332	-0.578076
-0.554213	-0.577525
-0.555034	-0.577044
-0.55623	-0.576339
-0.557392	-0.575761
-0.558701	-0.575268
-0.560333	-0.574577
-0.562185	-0.574028
-0.563793	-0.573621
-0.564902	-0.572977
-0.565919	-0.57245
-0.566641	-0.572436
-0.567766	-0.572232
-0.569036	-0.572037
-0.570216	-0.571988
-0.571698	-0.57136
-0.573003	-0.571362
-0.574408	-0.571361
-0.575876	-0.570918
-0.57731	-0.570432
-0.579198	-0.569149
-0.580954	-0.567846
-0.582604	-0.566593
-0.584158	-0.565377
-0.585746	-0.564187
-0.586669	-0.562078
-0.587651	-0.559846
-0.588442	-0.557558
-0.588745	-0.555111
-0.589021	-0.552784
-0.589461	-0.551021
-0.589177	-0.549503
-0.589208	-0.546927
-0.59006	-0.544089
-0.590955	-0.541519
-0.591757	-0.538915
-0.592577	-0.537442
-0.59359	-0.536182
-0.59463	-0.535132
-0.59674	-0.534207
-0.598392	-0.533614
-0.599548	-0.533034
-0.600843	-0.532228
-0.602	-0.531461
-0.603781	-0.530914
-0.605514	-0.530337
-0.607017	-0.53003
-0.608714	-0.529515
-0.610636	-0.529166
-0.613683	-0.528633
-0.615736	-0.528624
-0.617577	-0.528574
-0.619105	-0.528345
-0.620032	-0.528254
-0.621384	-0.527957
-0.623197	-0.527812
-0.624927	-0.527644
-0.626862	-0.527877
-0.629297	-0.527805
-0.63148	-0.527733
-0.633012	-0.527833
-0.634475	-0.527954
-0.635635	-0.527953
-0.636793	-0.527791
-0.638021	-0.527519
-0.639504	-0.52708
-0.641604	-0.526746
-0.642563	-0.526574
-0.643868	-0.526116
-0.645227	-0.525623
-0.647037	-0.525063
-0.647891	-0.524728
-0.648253	-0.524131
-0.648525	-0.523357
-0.648978	-0.522853
-0.649214	-0.521582
-0.649359	-0.520879
-0.649761	-0.520376
-0.650478	-0.519633
-0.651789	-0.518512
-0.653503	-0.51692
-0.65518	-0.515202
-0.656625	-0.513707
-0.65819	-0.512566
-0.659822	-0.511336
-0.661131	-0.509683
-0.662502	-0.508093
-0.663996	-0.506811
-0.665009	-0.505248
-0.66596	-0.503669
-0.666903	-0.502288
-0.667973	-0.50076
-0.66901	-0.499193
-0.669891	-0.497202
-0.670642	-0.495125
-0.671932	-0.4926
-0.672721	-0.489955
-0.673467	-0.487576
-0.674119	-0.48558
-0.674674	-0.483835
-0.674549	-0.482425
-0.67439	-0.481379
-0.674573	-0.481233
-0.675474	-0.480765
-0.676383	-0.480457
-0.677393	-0.480266
-0.678483	-0.480415
-0.679797	-0.480504
-0.681187	-0.480635
-0.682884	-0.481546
-0.68471	-0.48229
-0.687188	-0.483219
-0.689657	-0.484009
-0.692099	-0.484803
-0.693858	-0.485194
-0.695467	-0.485498
-0.696891	-0.485926
-0.698263	-0.486328
-0.699374	-0.486741
-0.700634	-0.486853
-0.702111	-0.486599
-0.704144	-0.486087
-0.706102	-0.485529
-0.707982	-0.485005
-0.709585	-0.484471
-0.711141	-0.484321
-0.712409	-0.483402
-0.71403	-0.482527
-0.715362	-0.481524
-0.716523	-0.480521
-0.717631	-0.47956
-0.71904	-0.478347
-0.720569	-0.476857
-0.722011	-0.475417
-0.723491	-0.474041
-0.724554	-0.473043
-0.726335	-0.471832
-0.728251	-0.47038
-0.729832	-0.469045
-0.731812	-0.467647
-0.733185	-0.466801
-0.734716	-0.465098
-0.736314	-0.46347
-0.737947	-0.461955
-0.739269	-0.460436
-0.74067	-0.459026
-0.742585	-0.457688
-0.744288	-0.456571
-0.746026	-0.4553
-0.747838	-0.454338
-0.749473	-0.453581
-0.750313	-0.453236
-0.751135	-0.453117
-0.752128	-0.452864
-0.752742	-0.452605
-0.753431	-0.452308
-0.754179	-0.451985
-0.755464	-0.450908
-0.756658	-0.449888
-0.757502	-0.449024
-0.75843	-0.447994
-0.759168	-0.447175
-0.759827	-0.446032
-0.760433	-0.444869
-0.760862	-0.443343
-0.760863	-0.441693
-0.76078	-0.440257
-0.760721	-0.438767
-0.760698	-0.437555
-0.760108	-0.436366
-0.759444	-0.435193
-0.758741	-0.433252
-0.75829	-0.431016
-0.758133	-0.428898
-0.757845	-0.42697
-0.757658	-0.425086
-0.756933	-0.423253
-0.756594	-0.420562
-0.756175	-0.418228
-0.755646	-0.41596
-0.755128	-0.413827
-0.754959	-0.411273
-0.755229	-0.408698
-0.755699	-0.406255
-0.756151	-0.404013
-0.75568	-0.401786
-0.755169	-0.39973
-0.75476	-0.397388
-0.754399	-0.39515
-0.753942	-0.393639
-0.752832	-0.392244
-0.751328	-0.391125
-0.749826	-0.38984
-0.748231	-0.388539
-0.746566	-0.387694
-0.744401	-0.387133
-0.742204	-0.386325
-0.740098	-0.385609
-0.737883	-0.384744
-0.735827	-0.384599
-0.733755	-0.385336
-0.731761	-0.386738
-0.729623	-0.387564
-0.728183	-0.388649
-0.726967	-0.389489
-0.725574	-0.390115
-0.72463	-0.391395
-0.723752	-0.392649
-0.722501	-0.394303
-0.720535	-0.395767
-0.719387	-0.398076
-0.718639	-0.400279
-0.717914	-0.402251
-0.716929	-0.404395
-0.716304	-0.406465
-0.715826	-0.408109
-0.715027	-0.40985
-0.714241	-0.411707
-0.713541	-0.413238
-0.713024	-0.414786
-0.712551	-0.416177
-0.712633	-0.417157
-0.712601	-0.418449
-0.712649	-0.419818
-0.712438	-0.421018
-0.711739	-0.422827
-0.710947	-0.424522
-0.711055	-0.426093
-0.711681	-0.427444
-0.712399	-0.428592
-0.713436	-0.429474
-0.714508	-0.430672
-0.715831	-0.431521
-0.71725	-0.432509
-0.718872	-0.433494
-0.720664	-0.434307
-0.722401	-0.435458
-0.724433	-0.436247
-0.726951	-0.43762
-0.729145	-0.438702
-0.73168	-0.439593
-0.73426	-0.439814
-0.736414	-0.43987
-0.738681	-0.440114
-0.740914	-0.440439
-0.743295	-0.440788
-0.745528	-0.441235
-0.747806	-0.441741
-0.750043	-0.442305
-0.752003	-0.442739
-0.753899	-0.442835
-0.755576	-0.442333
-0.756984	-0.442334
-0.758926	-0.441826
-0.760503	-0.441166
-0.762273	-0.44054
-0.764086	-0.439321
-0.765676	-0.438154
-0.767269	-0.436907
-0.769064	-0.435531
-0.770074	-0.434041
-0.771122	-0.432994
-0.772114	-0.431924
-0.773361	-0.430623
-0.774633	-0.429462
-0.77598	-0.428345
-0.777398	-0.427141
-0.778786	-0.426044
-0.780103	-0.424721
-0.781764	-0.4235
-0.783555	-0.422664
-0.78494	-0.421872
-0.785312	-0.420975
-0.785711	-0.419981
-0.785988	-0.418788
-0.786085	-0.417259
-0.786282	-0.415559
-0.786675	-0.414497
-0.787175	-0.413542
-0.787624	-0.412433
-0.787948	-0.41133
-0.788767	-0.409791
-0.789395	-0.408417
-0.790408	-0.406752
-0.791888	-0.405457
-0.793079	-0.404022
-0.794793	-0.40272
-0.795537	-0.401583
-0.796462	-0.400292
-0.797357	-0.398913
-0.798661	-0.397191
-0.800125	-0.395612
-0.801821	-0.394118
-0.803462	-0.392648
-0.805023	-0.391574
-0.806683	-0.390407
-0.808674	-0.389328
-0.811026	-0.388544
-0.812815	-0.387908
-0.814531	-0.387274
-0.816416	-0.386908
-0.818453	-0.387046
-0.82043	-0.386613
-0.822909	-0.386183
-0.825552	-0.386226
-0.828207	-0.386427
-0.83069	-0.386044
-0.832979	-0.385603
-0.835066	-0.385304
-0.83782	-0.385414
-0.840933	-0.384733
-0.84376	-0.3841
-0.84629	-0.383536
-0.848802	-0.38288
-0.850618	-0.383218
-0.851954	-0.383835
-0.853009	-0.384159
-0.853723	-0.385089
-0.85467	-0.386255
-0.855273	-0.387336
-0.855904	-0.388439
-0.856585	-0.389705
-0.857675	-0.390342
-0.858821	-0.391043
-0.860004	-0.391796
-0.861214	-0.392602
-0.862284	-0.393697
-0.863461	-0.39493
-0.864572	-0.395937
-0.866691	-0.397105
-0.869858	-0.39879
-0.872158	-0.399926
-0.873836	-0.400933
-0.875708	-0.402121
-0.87766	-0.403101
-0.878958	-0.404018
-0.880073	-0.404913
-0.880943	-0.404713
-0.881933	-0.404244
-0.883361	-0.404468
-0.884783	-0.40467
-0.88625	-0.404871
-0.88756	-0.405199
-0.888944	-0.405533
-0.889948	-0.405031
-0.891279	-0.404424
-0.892346	-0.403728
-0.893514	-0.40296
-0.89452	-0.401893
-0.895137	-0.400486
-0.895958	-0.399583
-0.897095	-0.39878
-0.898601	-0.398014
-0.9002	-0.396974
-0.901679	-0.395966
-0.903058	-0.395046
-0.904515	-0.394313
-0.906045	-0.393493
-0.90755	-0.392973
-0.909223	-0.392013
-0.911172	-0.391604
-0.91291	-0.390999
-0.914598	-0.390305
-0.916238	-0.389356
-0.917981	-0.388431
-0.919671	-0.387545
-0.921272	-0.386911
-0.922936	-0.386534
-0.924832	-0.386423
-0.926367	-0.386348
-0.927899	-0.386368
-0.929468	-0.386354
-0.930394	-0.38627
-0.93161	-0.386574
-0.932847	-0.386883
-0.93426	-0.387053
-0.935622	-0.387455
-0.937004	-0.38795
-0.939331	-0.388625
-0.941497	-0.38927
-0.943537	-0.389924
-0.945322	-0.390662
-0.947435	-0.391085
-0.949523	-0.391668
-0.951145	-0.39179
-0.952673	-0.392005
-0.953856	-0.392511
-0.95488	-0.392765
-0.955456	-0.39276
-0.956418	-0.39299
-0.957283	-0.393242
-0.958378	-0.39347
-0.959302	-0.39359
-0.960017	-0.393743
-0.960849	-0.393709
-0.961978	-0.393748
-0.962813	-0.393799
-0.963481	-0.394198
-0.964372	-0.395278
-0.965039	-0.396201
-0.966559	-0.397133
-0.968419	-0.397398
-0.970432	-0.398201
-0.972427	-0.39897
-0.97336	-0.400131
-0.975075	-0.401403
-0.976951	-0.402879
-0.978666	-0.404392
-0.980344	-0.405623
-0.981866	-0.406925
-0.983367	-0.408278
-0.984846	-0.409708
-0.985815	-0.411516
-0.986663	-0.41314
-0.987721	-0.414972
-0.989647	-0.416876
-0.991296	-0.418808
-0.992942	-0.420581
-0.994577	-0.422642
-0.995827	-0.424697
-0.997071	-0.426833
-0.998548	-0.429038
-1.00036	-0.431539
-1.00157	-0.435367
-1.00239	-0.438529
-1.00325	-0.441379
-1.00379	-0.44368
-1.00397	-0.445897
-1.00394	-0.447883
-1.00427	-0.449861
-1.00443	-0.451137
-1.00478	-0.453409
-1.0048	-0.455953
-1.00474	-0.458186
-1.00487	-0.460322
-1.00498	-0.462286
-1.00501	-0.46401
-1.00388	-0.465949
-1.00273	-0.468517
-1.0013	-0.470532
-0.999976	-0.472414
-0.998635	-0.473987
-0.997667	-0.475802
-0.996653	-0.477626
-0.995992	-0.479897
-0.995377	-0.481932
-0.994799	-0.483686
-0.994127	-0.485213
-0.993431	-0.486702
-0.993123	-0.488373
-0.99294	-0.489796
-0.991893	-0.491442
-0.991042	-0.493534
-0.990005	-0.495149
-0.988598	-0.496377
-0.9872	-0.497598
-0.986052	-0.498899
-0.985132	-0.500438
-0.983397	-0.502476
-0.98177	-0.504325
-0.979986	-0.506555
-0.977911	-0.508856
-0.976095	-0.509973
-0.974539	-0.511337
-0.97307	-0.512739
-0.971657	-0.514018
-0.970161	-0.515159
-0.969268	-0.516363
-0.968393	-0.517682
-0.967772	-0.518987
-0.966888	-0.519981
-0.965997	-0.521245
-0.964596	-0.521703
-0.963216	-0.522158
-0.961811	-0.522593
-0.960496	-0.523657
-0.959248	-0.525049
-0.958371	-0.527353
-0.957606	-0.529563
-0.956415	-0.531793
-0.956065	-0.534258
-0.956153	-0.536802
-0.956323	-0.539219
-0.956546	-0.542031
-0.95721	-0.544749
-0.957953	-0.547267
-0.9586	-0.549738
-0.95964	-0.552823
-0.960793	-0.555377
-0.961841	-0.557508
-0.962259	-0.559623
-0.962642	-0.561412
-0.963256	-0.562747
-0.964205	-0.564084
-0.965532	-0.564799
-0.966298	-0.565264
-0.967234	-0.565726
-0.968983	-0.566794
-0.970575	-0.568049
-0.971938	-0.569176
-0.972913	-0.569822
-0.974182	-0.570427
-0.975525	-0.571397
-0.97693	-0.572528
-0.977948	-0.573592
-0.979079	-0.575218
-0.980191	-0.576182
-0.981025	-0.577217
-0.981605	-0.578745
-0.98308	-0.580214
-0.984338	-0.581773
-0.984708	-0.583281
-0.985116	-0.584518
-0.985545	-0.585693
-0.986217	-0.587365
-0.986935	-0.588966
-0.987752	-0.590596
-0.988598	-0.592052
-0.989741	-0.593408
-0.991105	-0.594804
-0.992759	-0.59557
-0.994052	-0.596569
-0.995807	-0.597916
-0.99754	-0.599247
-0.999362	-0.600363
-1.00059	-0.602039
-1.00193	-0.603804
-1.00301	-0.605556
-1.00435	-0.60674
-1.00487	-0.608153
-1.00481	-0.609145
-1.00441	-0.610086
-1.00427	-0.610662
-1.00462	-0.611821
-1.0048	-0.612886
-1.00542	-0.613527
-1.00636	-0.614384
-1.00707	-0.615361
-1.00706	-0.616091
-1.00674	-0.616915
-1.00627	-0.617692
-1.00574	-0.619542
-1.00561	-0.621612
-1.0053	-0.623743
-1.00489	-0.625846
-1.00461	-0.627997
-1.00516	-0.630457
-1.00563	-0.632653
-1.00643	-0.634879
-1.0074	-0.63643
-1.00805	-0.637923
-1.00888	-0.638818
-1.01	-0.639801
-1.01141	-0.641083
-1.01293	-0.642988
-1.01422	-0.644389
-1.01511	-0.645934
-1.01557	-0.647515
-1.01608	-0.649197
-1.01739	-0.650478
-1.01853	-0.651668
-1.01957	-0.652441
-1.02005	-0.65216
-1.02095	-0.6515
-1.02208	-0.651093
-1.02354	-0.64972
-1.02574	-0.64824
-1.02817	-0.647307
-1.0305	-0.646445
-1.03276	-0.64553
-1.03477	-0.64475
-1.03672	-0.643925
-1.03955	-0.643557
-1.04156	-0.642982
-1.04373	-0.642787
-1.04581	-0.642473
-1.04824	-0.64197
-1.05132	-0.641185
-1.05431	-0.640067
-1.05713	-0.639083
-1.05969	-0.638142
-1.06232	-0.637413
-1.06543	-0.636823
-1.06864	-0.636598
-1.0715	-0.63642
-1.07395	-0.636751
-1.07555	-0.636665
-1.07793	-0.63773
-1.08024	-0.638305
-1.08207	-0.638737
-1.0839	-0.639251
-1.08495	-0.639941
-1.086	-0.640713
-1.08762	-0.641594
-1.08826	-0.642132
-1.08886	-0.642798
-1.0894	-0.643666
-1.09014	-0.644113
-1.09125	-0.645257
-1.09156	-0.64713
-1.09184	-0.649067
-1.09212	-0.651045
-1.09274	-0.652845
-1.09314	-0.654355
-1.09303	-0.656088
-1.09325	-0.658072
-1.09366	-0.659674
-1.09411	-0.661404
-1.09465	-0.663881
-1.09522	-0.666275
-1.09584	-0.668385
-1.09652	-0.670412
-1.09672	-0.672495
-1.09709	-0.674319
-1.09756	-0.676357
-1.09799	-0.678043
-1.09843	-0.679713
-1.09927	-0.681174
-1.10012	-0.682878
-1.1011	-0.684416
-1.10144	-0.685933
-1.10181	-0.687519
-1.10122	-0.689603
-1.10102	-0.691299
-1.10078	-0.693021
-1.10052	-0.694785
-1.1001	-0.696734
-1.09988	-0.698851
-1.10002	-0.701261
-1.10032	-0.703703
-1.10052	-0.706057
-1.10068	-0.708787
-1.10087	-0.711452
-1.10096	-0.714175
-1.10032	-0.71627
-1.10084	-0.717882
-1.10151	-0.718892
-1.10153	-0.719975
-1.10161	-0.721425
-1.10177	-0.723111
-1.10164	-0.724763
-1.10135	-0.726301
-1.10124	-0.727775
-1.10045	-0.730155
-1.09916	-0.732282
-1.098	-0.734256
-1.09619	-0.736277
-1.09476	-0.738016
-1.09375	-0.739433
-1.0926	-0.740515
-1.09208	-0.740616
-1.0917	-0.741701
-1.09172	-0.742799
-1.09174	-0.743818
-1.09214	-0.744913
-1.09257	-0.745877
-1.09265	-0.747508
-1.09263	-0.749293
-1.09241	-0.750765
-1.09278	-0.752113
-1.09306	-0.752778
-1.0936	-0.753498
-1.0947	-0.75426
-1.09591	-0.755292
-1.09722	-0.756072
-1.09846	-0.756628
-1.09925	-0.756758
-1.09989	-0.757387
-1.10027	-0.758512
-1.10062	-0.759737
-1.10138	-0.761453
-1.10161	-0.763048
-1.1012	-0.764953
-1.10082	-0.766904
-1.10056	-0.768744
-1.10027	-0.770169
-1.10017	-0.771831
-1.10011	-0.773393
-1.10031	-0.775061
-1.10048	-0.77687
-1.10082	-0.778812
-1.10139	-0.780889
-1.10152	-0.783269
-1.1006	-0.786403
-1.09977	-0.789098
-1.09863	-0.792024
-1.09706	-0.794724
-1.09618	-0.797147
-1.09538	-0.799435
-1.0945	-0.802027
-1.09451	-0.804362
-1.0942	-0.806975
-1.09395	-0.809563
-1.09393	-0.812119
-1.09382	-0.814414
-1.09378	-0.816118
-1.09377	-0.817204
-1.09364	-0.81859
-1.09358	-0.819206
-1.09344	-0.820121
-1.09291	-0.820728
-1.09216	-0.821672
-1.09139	-0.822682
-1.09071	-0.823318
-1.08976	-0.825213
-1.08862	-0.827517
-1.08766	-0.82971
-1.08668	-0.831789
-1.08574	-0.8336
-1.08418	-0.835405
-1.08238	-0.837034
-1.08044	-0.838493
-1.07871	-0.84028
-1.07763	-0.841303
-1.07588	-0.842554
-1.07418	-0.844307
-1.07256	-0.845896
-1.07095	-0.847091
-1.06914	-0.848414
-1.0669	-0.849593
-1.06471	-0.850763
-1.0628	-0.851951
-1.06109	-0.852941
-1.05924	-0.85382
-1.05696	-0.854346
-1.0551	-0.85456
-1.05324	-0.854751
-1.05133	-0.854754
-1.04919	-0.854182
-1.04716	-0.853532
-1.04515	-0.852854
-1.04316	-0.852161
-1.0412	-0.851504
-1.03924	-0.850797
-1.03743	-0.849932
-1.03541	-0.848382
-1.03323	-0.846651
-1.03126	-0.844673
-1.02958	-0.842795
-1.02876	-0.840962
-1.02773	-0.840071
-1.02664	-0.839117
-1.02496	-0.838367
-1.02297	-0.836894
-1.02197	-0.83617
-1.02085	-0.835418
-1.02013	-0.834111
-1.01946	-0.833234
-1.01902	-0.832228
-1.01824	-0.830677
-1.01775	-0.829461
-1.01716	-0.828138
-1.01653	-0.826827
-1.01554	-0.825677
-1.01473	-0.825046
-1.01411	-0.824404
-1.01289	-0.823948
-1.0115	-0.823851
-1.01004	-0.823805
-1.00883	-0.824503
-1.00777	-0.824792
-1.00696	-0.824336
-1.00626	-0.824588
-1.00508	-0.824451
-1.00413	-0.824442
-1.00266	-0.824655
-1.00147	-0.824763
-1.00013	-0.82537
-0.99807	-0.825851
-0.996006	-0.826254
-0.993399	-0.827102
-0.991271	-0.8277
-0.989351	-0.828288
-0.987591	-0.828473
-0.985967	-0.828881
-0.983893	-0.82946
-0.982025	-0.830047
-0.979841	-0.830541
-0.977753	-0.830995
-0.97634	-0.831363
-0.974598	-0.831714
-0.973397	-0.831586
-0.97216	-0.831614
-0.970178	-0.832088
-0.968461	-0.832231
-0.966705	-0.832363
-0.964914	-0.832504
-0.963139	-0.832629
-0.961685	-0.833431
-0.960295	-0.834744
-0.958788	-0.836205
-0.957164	-0.837595
-0.955529	-0.838898
-0.954045	-0.840031
-0.952646	-0.84106
-0.951181	-0.842094
-0.949307	-0.842958
-0.94808	-0.843618
-0.946336	-0.844878
-0.94438	-0.846388
-0.942172	-0.847778
-0.940339	-0.848571
-0.938402	-0.849698
-0.936591	-0.849983
-0.934881	-0.850235
-0.933704	-0.850383
-0.932372	-0.850378
-0.930978	-0.850194
-0.929431	-0.849496
-0.927829	-0.84879
-0.926011	-0.848042
-0.924286	-0.847472
-0.922615	-0.846937
-0.920464	-0.845686
-0.918112	-0.845034
-0.916401	-0.845494
-0.9142	-0.845924
-0.912072	-0.846174
-0.910151	-0.846415
-0.909116	-0.846881
-0.907869	-0.847039
-0.906312	-0.84696
-0.904867	-0.847023
-0.903393	-0.847156
-0.901411	-0.847575
-0.899367	-0.848303
-0.896906	-0.849088
-0.895529	-0.850369
-0.894391	-0.851614
-0.892716	-0.853291
-0.891075	-0.854831
-0.889423	-0.856241
-0.887779	-0.857597
-0.88626	-0.858554
-0.883794	-0.858834
-0.881618	-0.859571
-0.879529	-0.860252
-0.877525	-0.860964
-0.875855	-0.861809
-0.87376	-0.862622
-0.871086	-0.8635
-0.8685	-0.864287
-0.865883	-0.865003
-0.864172	-0.865433
-0.862599	-0.865699
-0.860263	-0.866409
-0.858288	-0.866957
-0.856569	-0.867411
-0.855399	-0.867469
-0.854579	-0.867774
-0.854253	-0.868147
-0.85371	-0.868482
-0.85302	-0.869295
-0.852191	-0.870726
-0.851475	-0.871801
-0.850603	-0.872776
-0.849805	-0.873409
-0.848905	-0.87458
-0.848355	-0.875286
-0.847748	-0.875923
-0.847124	-0.876572
-0.845763	-0.876926
-0.844072	-0.877412
-0.842181	-0.878081
-0.840486	-0.878641
-0.838243	-0.879095
-0.836116	-0.879603
-0.834298	-0.879385
-0.833091	-0.87966
-0.831299	-0.879584
-0.829543	-0.879544
-0.827332	-0.879393
-0.824969	-0.879147
-0.82285	-0.878952
-0.820422	-0.878675
-0.818519	-0.879249
-0.8169	-0.879879
-0.814495	-0.881357
-0.812428	-0.882677
-0.810145	-0.883119
-0.807933	-0.88434
-0.805633	-0.885621
-0.803316	-0.887277
-0.800769	-0.888615
-0.798461	-0.890012
-0.796757	-0.891523
-0.794879	-0.892739
-0.792811	-0.893054
-0.790784	-0.893776
-0.788886	-0.894506
-0.787089	-0.895044
-0.78544	-0.89544
-0.783635	-0.895749
-0.782014	-0.896152
-0.780276	-0.896775
-0.779734	-0.89712
-0.779771	-0.897343
-0.779978	-0.898097
-0.780376	-0.899264
-0.780848	-0.899419
-0.781482	-0.89979
-0.781745	-0.900194
-0.781579	-0.899879
-0.78112	-0.899163
-0.780416	-0.898148
-0.778725	-0.896542
-0.77692	-0.895122
-0.774309	-0.894182
-0.771475	-0.892942
-0.769119	-0.891859
-0.766966	-0.890947
-0.765255	-0.88959
-0.763407	-0.888017
-0.761695	-0.886633
-0.760324	-0.88465
-0.75932	-0.883229
-0.758358	-0.881885
-0.757288	-0.880188
-0.755883	-0.879197
-0.754892	-0.879383
-0.75341	-0.878836
-0.751859	-0.878087
-0.750691	-0.877754
-0.749878	-0.877836
-0.748671	-0.878315
-0.747292	-0.878842
-0.745786	-0.879538
-0.744722	-0.880147
-0.743546	-0.88084
-0.741724	-0.881575
-0.739949	-0.882363
-0.738155	-0.882956
-0.736464	-0.883644
-0.734088	-0.884494
-0.731871	-0.885746
-0.730456	-0.887358
-0.729035	-0.888603
-0.727628	-0.88995
-0.726358	-0.89102
-0.725151	-0.891851
-0.723809	-0.892866
-0.722483	-0.894345
-0.721275	-0.895688
-0.720202	-0.897033
-0.719045	-0.898366
-0.717783	-0.900004
-0.716377	-0.901249
-0.715217	-0.902366
-0.71415	-0.903402
-0.713572	-0.904336
-0.713678	-0.905454
-0.714361	-0.906566
-0.715113	-0.907759
-0.716215	-0.909285
-0.717325	-0.910828
-0.717429	-0.9125
-0.717567	-0.914139
-0.717465	-0.915662
-0.717061	-0.916921
-0.717189	-0.918915
-0.716589	-0.920294
-0.715381	-0.921001
-0.715229	-0.921971
-0.715276	-0.923092
-0.715264	-0.924392
-0.714953	-0.925487
-0.714646	-0.926685
-0.714309	-0.927692
-0.713136	-0.928277
-0.712024	-0.929101
-0.711657	-0.930208
-0.71124	-0.931377
-0.710923	-0.932366
-0.710856	-0.933131
-0.710783	-0.934153
-0.71125	-0.935318
-0.711762	-0.936367
-0.712381	-0.937552
-0.713022	-0.938843
-0.713743	-0.940256
-0.714033	-0.94128
-0.714062	-0.942268
-0.714038	-0.943396
-0.714273	-0.944803
-0.71459	-0.946919
-0.714991	-0.949144
-0.716111	-0.95105
-0.717587	-0.953291
-0.719189	-0.955477
-0.720807	-0.957456
-0.722278	-0.959354
-0.723707	-0.960961
-0.725219	-0.962773
-0.727042	-0.96412
-0.728333	-0.965555
-0.729661	-0.966628
-0.73094	-0.967649
-0.732238	-0.968645
-0.733549	-0.969635
-0.7346	-0.970638
-0.735222	-0.971054
-0.736018	-0.972428
-0.736726	-0.974077
-0.737279	-0.975557
-0.73753	-0.976983
-0.737253	-0.979074
-0.737218	-0.980686
-0.737333	-0.982351
-0.737454	-0.984032
-0.738361	-0.985518
-0.738966	-0.987137
-0.739365	-0.988428
-0.739711	-0.989594
-0.740025	-0.990793
-0.740205	-0.991416
-0.7402	-0.992055
-0.740158	-0.993102
-0.740393	-0.993714
-0.740754	-0.994474
-0.741112	-0.995245
-0.74153	-0.996139
-0.742172	-0.996422
-0.743095	-0.99672
-0.744131	-0.996468
-0.745387	-0.99609
-0.747498	-0.995667
-0.74915	-0.995201
-0.751206	-0.995871
-0.75378	-0.996844
-0.755591	-0.997939
-0.757297	-0.998508
-0.759223	-0.998891
-0.761299	-0.999037
-0.76333	-0.999397
-0.765292	-0.999713
-0.767018	-0.999728
-0.769163	-0.998743
-0.771162	-0.997824
-0.773282	-0.996828
-0.775868	-0.995541
-0.778277	-0.994402
-0.780522	-0.99374
-0.783061	-0.992973
-0.785701	-0.992223
-0.788186	-0.9917
-0.790509	-0.99126
-0.79318	-0.991286
-0.795361	-0.991462
-0.797074	-0.991033
-0.798398	-0.991066
-0.799664	-0.990705
-0.800892	-0.990141
-0.802099	-0.989357
-0.803302	-0.988591
-0.804991	-0.98712
-0.80656	-0.985823
-0.807754	-0.984893
-0.808701	-0.984192
-0.809406	-0.982921
-0.810156	-0.981442
-0.810508	-0.980166
-0.810815	-0.978931
-0.811184	-0.978385
-0.811922	-0.977814
-0.812429	-0.976068
-0.812832	-0.974134
-0.813098	-0.971545
-0.813268	-0.969019
-0.813579	-0.966034
-0.814017	-0.963473
-0.813778	-0.961039
-0.813606	-0.959045
-0.813702	-0.95701
-0.813548	-0.9546
-0.81349	-0.952253
-0.813396	-0.949875
-0.813371	-0.947442
-0.812703	-0.944968
-0.812171	-0.942357
-0.811856	-0.940532
-0.811527	-0.938607
-0.811124	-0.936749
-0.810388	-0.935459
-0.810362	-0.934111
-0.811057	-0.932778
-0.811958	-0.931746
-0.813297	-0.930986
-0.814745	-0.930326
-0.816586	-0.929398
-0.818357	-0.928012
-0.820238	-0.926674
-0.822148	-0.925889
-0.823937	-0.92505
-0.825799	-0.923851
-0.827591	-0.922695
-0.828512	-0.921141
-0.828669	-0.919806
-0.828576	-0.918142
-0.828767	-0.916792
-0.828906	-0.915299
-0.828983	-0.914058
-0.828806	-0.911997
-0.828557	-0.909939
-0.828312	-0.908337
-0.827494	-0.906724
-0.826704	-0.905589
-0.825734	-0.904294
-0.824599	-0.902859
-0.822995	-0.901855
-0.821334	-0.900549
-0.819803	-0.899225
-0.817697	-0.897745
-0.815586	-0.896507
-0.813312	-0.896682
-0.811437	-0.897193
-0.809393	-0.89771
-0.807579	-0.898287
-0.806182	-0.899712
-0.80473	-0.901189
-0.803376	-0.902072
-0.802226	-0.903163
-0.800642	-0.904229
-0.799135	-0.904791
-0.797492	-0.906543
-0.795776	-0.909173
-0.794489	-0.912225
-0.793572	-0.915035
-0.792688	-0.917714
-0.79184	-0.920275
-0.790869	-0.922554
-0.78983	-0.924391
-0.788309	-0.926124
-0.786183	-0.927503
-0.784353	-0.928948
-0.782735	-0.930014
-0.781774	-0.930978
-0.780853	-0.931803
-0.780198	-0.932144
-0.77951	-0.932497
-0.778047	-0.933038
-0.776614	-0.93399
-0.775819	-0.935148
-0.775034	-0.936044
-0.774407	-0.936811
-0.773607	-0.937823
-0.772121	-0.938814
-0.770949	-0.939135
-0.770352	-0.939364
-0.769686	-0.939765
-0.769101	-0.940301
-0.768479	-0.940269
-0.767728	-0.940111
-0.767824	-0.939971
-0.768138	-0.939624
-0.768507	-0.939316
-0.768854	-0.938093
-0.770046	-0.936218
-0.770903	-0.934371
-0.771862	-0.932684
-0.772714	-0.9317
-0.773375	-0.93148
-0.7741	-0.930897
-0.775376	-0.930447
-0.777221	-0.930899
-0.778929	-0.931566
-0.780477	-0.932192
-0.781662	-0.932664
-0.783159	-0.932832
-0.783991	-0.932663
-0.784801	-0.932353
-0.785979	-0.931633
-0.78688	-0.931124
-0.787946	-0.929545
-0.789025	-0.927666
-0.790339	-0.925662
-0.791602	-0.92364
-0.792625	-0.921696
-0.793675	-0.91993
-0.795041	-0.917875
-0.796363	-0.916162
-0.796975	-0.914372
-0.79773	-0.912773
-0.798411	-0.911224
-0.799085	-0.909744
-0.799704	-0.908188
-0.799983	-0.906602
-0.799567	-0.905412
-0.799135	-0.904383
-0.797822	-0.903638
-0.796603	-0.903014
-0.79472	-0.902629
-0.792469	-0.901671
-0.790297	-0.900485
-0.787883	-0.899679
-0.786077	-0.899713
-0.784206	-0.90144
-0.782443	-0.902826
-0.780596	-0.903694
-0.77927	-0.904132
-0.778637	-0.904909
-0.777755	-0.906243
-0.776453	-0.90764
-0.775265	-0.908809
-0.774198	-0.910277
-0.772889	-0.911115
-0.772013	-0.91202
-0.770999	-0.912734
-0.769879	-0.913829
-0.768562	-0.914923
-0.767463	-0.916324
-0.765981	-0.917749
-0.764689	-0.918515
-0.763636	-0.919473
-0.76315	-0.920437
-0.76327	-0.921986
-0.76301	-0.92419
-0.762864	-0.92661
-0.762845	-0.929086
-0.762655	-0.930529
-0.763059	-0.931769
-0.762974	-0.933125
-0.762956	-0.934439
-0.762928	-0.93581
-0.762581	-0.937083
-0.762026	-0.937767
-0.761723	-0.938845
-0.761507	-0.939792
-0.761536	-0.941132
-0.761437	-0.942379
-0.761461	-0.943531
-0.762074	-0.944015
-0.762779	-0.944429
-0.763751	-0.945167
-0.764581	-0.945327
-0.765846	-0.944951
-0.767378	-0.944311
-0.769194	-0.943657
-0.772055	-0.942627
-0.774991	-0.941414
-0.777509	-0.940394
-0.780375	-0.93911
-0.782934	-0.937837
-0.785267	-0.936495
-0.787851	-0.934677
-0.790176	-0.932899
-0.793139	-0.930839
-0.795939	-0.929081
-0.799071	-0.927066
-0.802714	-0.925148
-0.806138	-0.924364
-0.810002	-0.923261
-0.813171	-0.922315
-0.815728	-0.92088
-0.817817	-0.919704
-0.818788	-0.919699
-0.81964	-0.919539
-0.82044	-0.919483
-0.821296	-0.919304
-0.821598	-0.918821
-0.822512	-0.918668
-0.823235	-0.918378
-0.82433	-0.917951
-0.825655	-0.917986
-0.827185	-0.917902
-0.828526	-0.917826
-0.82926	-0.918107
-0.830132	-0.918506
-0.831	-0.918968
-0.832018	-0.920045
-0.832795	-0.920943
-0.833284	-0.921874
-0.833869	-0.923163
-0.833839	-0.923811
-0.833627	-0.924222
-0.832845	-0.924907
-0.832115	-0.926286
-0.831901	-0.92703
-0.832167	-0.927827
-0.832438	-0.928637
-0.832971	-0.928865
-0.8331	-0.92869
-0.833385	-0.928337
-0.833912	-0.927714
-0.834523	-0.926368
-0.835165	-0.924903
-0.83618	-0.923006
-0.837776	-0.92096
-0.838465	-0.918857
-0.838933	-0.91707
-0.839846	-0.915125
-0.840421	-0.912993
-0.841663	-0.911149
-0.842845	-0.908821
-0.84386	-0.906612
-0.844713	-0.904495
-0.845091	-0.902285
-0.845484	-0.899653
-0.845829	-0.897162
-0.845752	-0.894208
-0.84497	-0.891561
-0.843995	-0.889814
-0.843266	-0.887956
-0.843039	-0.886097
-0.842824	-0.88409
-0.842554	-0.882171
-0.842214	-0.880061
-0.84246	-0.878917
-0.842965	-0.877742
-0.842779	-0.8766
-0.842344	-0.875652
-0.841613	-0.87393
-0.841128	-0.872001
-0.841129	-0.869642
-0.840865	-0.867153
-0.840859	-0.865225
-0.841008	-0.863777
-0.84128	-0.862322
-0.841744	-0.860889
-0.842187	-0.859979
-0.841948	-0.858987
-0.841765	-0.858121
-0.841562	-0.857049
-0.841353	-0.855726
-0.840841	-0.853867
-0.840572	-0.852001
-0.840306	-0.850265
-0.839519	-0.849725
-0.838685	-0.849162
-0.83819	-0.848641
-0.838179	-0.847228
-0.838621	-0.845965
-0.839473	-0.844009
-0.840392	-0.842225
-0.841201	-0.841019
-0.841969	-0.839925
-0.84219	-0.83865
-0.841846	-0.837323
-0.840741	-0.835953
-0.839474	-0.834767
-0.838159	-0.833535
-0.837208	-0.832013
-0.836301	-0.830921
-0.834913	-0.82994
-0.833893	-0.829624
-0.832949	-0.829158
-0.831897	-0.828357
-0.830697	-0.828044
-0.829468	-0.827863
-0.828458	-0.827956
-0.827355	-0.828049
-0.826446	-0.828248
-0.825175	-0.828656
-0.82364	-0.828661
-0.82211	-0.829126
-0.820593	-0.829893
-0.818749	-0.830579
-0.81641	-0.830816
-0.814458	-0.831031
-0.812607	-0.831196
-0.810614	-0.831514
-0.808899	-0.831751
-0.807203	-0.832129
-0.805907	-0.832248
-0.804579	-0.832181
-0.803171	-0.83207
-0.801405	-0.831517
-0.799738	-0.830698
-0.798218	-0.829617
-0.796782	-0.828525
-0.794717	-0.827098
-0.792669	-0.825923
-0.790582	-0.824318
-0.788493	-0.822292
-0.786782	-0.820428
-0.785169	-0.818429
-0.783663	-0.817014
-0.782471	-0.815546
-0.781386	-0.814069
-0.780315	-0.812583
-0.779218	-0.811102
-0.777391	-0.809583
-0.775247	-0.808506
-0.772888	-0.807312
-0.771588	-0.80557
-0.769698	-0.803942
-0.767848	-0.802277
-0.766027	-0.800724
-0.764619	-0.799656
-0.763299	-0.798364
-0.762049	-0.797556
-0.760767	-0.796799
-0.759688	-0.796352
-0.75868	-0.795644
-0.757657	-0.796057
-0.756458	-0.796313
-0.755122	-0.796586
-0.753683	-0.796885
-0.752084	-0.797444
-0.750187	-0.797894
-0.748358	-0.797883
-0.746438	-0.797842
-0.744839	-0.79797
-0.742836	-0.797476
-0.74028	-0.79755
-0.737959	-0.797778
-0.735335	-0.797647
-0.732331	-0.79785
-0.729848	-0.798068
-0.728051	-0.798857
-0.727114	-0.799006
-0.726287	-0.800098
-0.725553	-0.801286
-0.724832	-0.802549
-0.723968	-0.803884
-0.723154	-0.805284
-0.721729	-0.807699
-0.720207	-0.809987
-0.71907	-0.811869
-0.718245	-0.814574
-0.717479	-0.817133
-0.716707	-0.81953
-0.715881	-0.821914
-0.715169	-0.824461
-0.715045	-0.826985
-0.713856	-0.829435
-0.712532	-0.832346
-0.710987	-0.835009
-0.710028	-0.836819
-0.709108	-0.83863
-0.708198	-0.840597
-0.70635	-0.842429
-0.704062	-0.843771
-0.702079	-0.845644
-0.699944	-0.847271
-0.697962	-0.848834
-0.696038	-0.850155
-0.693518	-0.85068
-0.691503	-0.851438
-0.688901	-0.852949
-0.686307	-0.854682
-0.68389	-0.856407
-0.681316	-0.858437
-0.678971	-0.859777
-0.676906	-0.861644
-0.674895	-0.863059
-0.67287	-0.864065
-0.671162	-0.864715
-0.669575	-0.86553
-0.668059	-0.86645
-0.666576	-0.867566
-0.665275	-0.868446
-0.665045	-0.869292
-0.664786	-0.870149
-0.664664	-0.871332
-0.664856	-0.872496
-0.665049	-0.873841
-0.664586	-0.875217
-0.66395	-0.876193
-0.663181	-0.876972
-0.661624	-0.878626
-0.660255	-0.880004
-0.660055	-0.882157
-0.660008	-0.88426
-0.659988	-0.886288
-0.660027	-0.8882
-0.659712	-0.889904
-0.659483	-0.89155
-0.659721	-0.893419
-0.660016	-0.89524
-0.65992	-0.897287
-0.660057	-0.900072
-0.660412	-0.902897
-0.660534	-0.906036
-0.660711	-0.908562
-0.660746	-0.911191
-0.661214	-0.91418
-0.661747	-0.916917
-0.662005	-0.919468
-0.662071	-0.921291
-0.661825	-0.923222
-0.661601	-0.925097
-0.661436	-0.92691
-0.66133	-0.928696
-0.661267	-0.930298
-0.661506	-0.931853
-0.662034	-0.93337
-0.662713	-0.935037
-0.664621	-0.936094
-0.666743	-0.936763
-0.669046	-0.937333
-0.671205	-0.937925
-0.673255	-0.938503
-0.674723	-0.939005
-0.676188	-0.939487
-0.677851	-0.939657
-0.679025	-0.94021
-0.680039	-0.941073
-0.680257	-0.941995
-0.680677	-0.943403
-0.680361	-0.945028
-0.680416	-0.946888
-0.680973	-0.948903
-0.681516	-0.950927
-0.68187	-0.952859
-0.682569	-0.956072
-0.682487	-0.958722
-0.682389	-0.961268
-0.682344	-0.96353
-0.682537	-0.964992
-0.68287	-0.966321
-0.683266	-0.967197
-0.683754	-0.968211
-0.683914	-0.969577
-0.683838	-0.97107
-0.683881	-0.972995
-0.683902	-0.974785
-0.683832	-0.976556
-0.683841	-0.978173
-0.684308	-0.979749
-0.684553	-0.981399
-0.685672	-0.983586
-0.686373	-0.985932
-0.686929	-0.988066
-0.687508	-0.990094
-0.688251	-0.991571
-0.689354	-0.993069
-0.690497	-0.99536
-0.690766	-0.99688
-0.69106	-0.998404
-0.69196	-1.0001
-0.69291	-1.00139
-0.693577	-1.0022
-0.694722	-1.00266
-0.696045	-1.00305
-0.697419	-1.00349
-0.699521	-1.00428
-0.701487	-1.00504
-0.703118	-1.00503
-0.705338	-1.00522
-0.707207	-1.00551
-0.709134	-1.00651
-0.71057	-1.00731
-0.712144	-1.00826
-0.713856	-1.00918
-0.715174	-1.01082
-0.71696	-1.01201
-0.718803	-1.01333
-0.720875	-1.01419
-0.723031	-1.01508
-0.725096	-1.01598
-0.727376	-1.01684
-0.729502	-1.01765
-0.731465	-1.01886
-0.733339	-1.01981
-0.735311	-1.02054
-0.737069	-1.021
-0.738885	-1.02161
-0.741034	-1.02221
-0.743019	-1.02279
-0.744675	-1.02343
-0.746174	-1.02407
-0.747715	-1.02463
-0.749396	-1.02531
-0.750641	-1.0251
-0.751929	-1.02501
-0.753296	-1.02479
-0.754437	-1.02385
-0.755393	-1.02251
-0.75632	-1.02105
-0.757616	-1.01956
-0.759029	-1.01756
-0.760383	-1.0154
-0.761661	-1.01311
-0.762809	-1.01097
-0.764184	-1.0092
-0.7655	-1.00807
-0.767049	-1.00753
-0.769187	-1.00617
-0.771249	-1.00516
-0.773133	-1.00407
-0.774887	-1.00307
-0.776929	-1.00191
-0.779044	-1.00057
-0.781003	-0.998954
-0.782513	-0.997527
-0.784042	-0.996305
-0.785737	-0.995087
-0.787198	-0.994055
-0.788324	-0.992867
-0.790177	-0.992103
-0.791766	-0.991873
-0.793242	-0.99165
-0.795431	-0.991926
-0.797321	-0.991492
-0.799131	-0.991204
-0.800556	-0.991789
-0.802096	-0.992438
-0.803555	-0.992991
-0.805521	-0.993933
-0.807405	-0.994929
-0.808833	-0.995981
-0.810204	-0.997067
-0.812224	-0.997756
-0.81437	-0.998521
-0.816755	-0.998429
-0.819569	-0.998901
-0.821832	-0.999446
-0.8239	-1.00044
-0.825869	-1.00152
-0.827907	-1.00214
-0.830151	-1.00279
-0.832143	-1.00265
-0.834082	-1.00199
-0.836141	-1.0013
-0.838301	-1.00046
-0.840126	-0.999555
-0.841996	-0.998838
-0.843714	-0.998058
-0.846078	-0.997266
-0.848623	-0.996388
-0.850696	-0.995125
-0.852123	-0.994479
-0.853073	-0.99412
-0.854094	-0.993678
-0.855004	-0.993125
-0.855789	-0.992474
-0.856465	-0.991639
-0.857213	-0.990674
-0.85819	-0.989539
-0.85919	-0.988973
-0.859433	-0.988717
-0.86006	-0.987873
-0.860699	-0.986926
-0.861522	-0.985719
-0.862578	-0.985204
-0.863731	-0.984441
-0.864347	-0.983445
-0.865088	-0.982286
-0.865186	-0.981007
-0.865282	-0.979787
-0.865562	-0.978559
-0.865853	-0.9774
-0.865669	-0.976557
-0.865526	-0.974983
-0.864872	-0.973515
-0.864101	-0.971485
-0.863515	-0.969472
-0.862388	-0.968249
-0.861412	-0.966872
-0.86071	-0.965582
-0.859979	-0.963594
-0.859519	-0.962172
-0.858888	-0.960604
-0.857856	-0.959132
-0.856642	-0.958397
-0.85553	-0.957493
-0.854437	-0.957297
-0.853329	-0.957168
-0.852274	-0.957251
-0.851024	-0.957299
-0.849223	-0.958047
-0.847811	-0.959026
-0.846652	-0.959234
-0.845272	-0.959568
-0.843869	-0.960113
-0.843448	-0.960614
-0.842971	-0.961867
-0.842566	-0.963349
-0.842055	-0.965279
-0.841581	-0.967362
-0.841568	-0.970002
-0.841575	-0.97275
-0.840874	-0.976126
-0.839937	-0.9795
-0.83911	-0.982599
-0.838314	-0.985754
-0.837384	-0.988976
-0.836114	-0.992294
-0.834874	-0.9953
-0.834481	-0.997647
-0.83397	-1.00019
-0.833073	-1.0028
-0.833105	-1.00469
-0.833301	-1.0063
-0.833603	-1.0083
-0.833916	-1.01032
-0.833526	-1.01209
-0.832374	-1.01362
-0.831475	-1.0152
-0.829897	-1.01684
-0.828374	-1.01817
-0.827043	-1.01918
-0.825806	-1.02102
-0.824584	-1.02266
-0.823118	-1.0242
-0.821042	-1.02581
-0.819035	-1.02737
-0.817131	-1.02888
-0.815243	-1.03032
-0.813234	-1.03169
-0.81141	-1.03288
-0.809791	-1.03374
-0.808678	-1.03455
-0.807208	-1.03593
-0.805892	-1.03718
-0.804687	-1.03854
-0.803813	-1.03978
-0.803651	-1.04137
-0.803747	-1.04333
-0.803569	-1.04509
-0.803606	-1.04624
-0.803797	-1.04751
-0.803302	-1.04911
-0.803061	-1.05032
-0.802902	-1.05186
-0.802772	-1.05337
-0.802636	-1.0548
-0.802747	-1.05625
-0.803076	-1.05794
-0.803356	-1.05953
-0.803531	-1.06129
-0.803163	-1.06328
-0.803337	-1.06518
-0.803408	-1.06759
-0.802409	-1.0705
-0.801352	-1.07312
-0.799517	-1.07499
-0.797743	-1.07648
-0.795867	-1.0778
-0.794011	-1.079
-0.792129	-1.08002
-0.790542	-1.08086
-0.788773	-1.08121
-0.786556	-1.08215
-0.784239	-1.08232
-0.781794	-1.08216
-0.779565	-1.08223
-0.778178	-1.08284
-0.775981	-1.08366
-0.773878	-1.08419
-0.771868	-1.08481
-0.769876	-1.08557
-0.768089	-1.08645
-0.766773	-1.08713
-0.765369	-1.08769
-0.763906	-1.0884
-0.763029	-1.08859
-0.761777	-1.08865
-0.760598	-1.08984
-0.759449	-1.09094
-0.757948	-1.09209
-0.757158	-1.09287
-0.756539	-1.09401
-0.75641	-1.09572
-0.756687	-1.0974
-0.757015	-1.09933
-0.757501	-1.10189
-0.757917	-1.10404
-0.758358	-1.10612
-0.758909	-1.10736
-0.759352	-1.10852
-0.759758	-1.1097
-0.760028	-1.11086
-0.760519	-1.11174
-0.761578	-1.11297
-0.762606	-1.11415
-0.763665	-1.1155
-0.765127	-1.1172
-0.765415	-1.11851
-0.765775	-1.1198
-0.766209	-1.12107
-0.766713	-1.12214
-0.767597	-1.12253
-0.768633	-1.12296
-0.769772	-1.12292
-0.7707	-1.12294
-0.771592	-1.12284
-0.772227	-1.12273
-0.772554	-1.1219
-0.773129	-1.12106
-0.773752	-1.11989
-0.774399	-1.11882
-0.775048	-1.11774
-0.775632	-1.1161
-0.775871	-1.11479
-0.776123	-1.11336
-0.775679	-1.11183
-0.775289	-1.1099
-0.774756	-1.10777
-0.774937	-1.10679
-0.775154	-1.10589
-0.775938	-1.10426
-0.776609	-1.10274
-0.777549	-1.10155
-0.778633	-1.10008
-0.78046	-1.0986
-0.782007	-1.09731
-0.783333	-1.09636
-0.784734	-1.09568
-0.78595	-1.09473
-0.787328	-1.09364
-0.788374	-1.09254
-0.789656	-1.0909
-0.790949	-1.0892
-0.792032	-1.08698
-0.792947	-1.08481
-0.793794	-1.0827
-0.79417	-1.08049
-0.794439	-1.07829
-0.794686	-1.07645
-0.794666	-1.07421
-0.794825	-1.07214
-0.794668	-1.07061
-0.793833	-1.06899
-0.793139	-1.06735
-0.79234	-1.06582
-0.791745	-1.06464
-0.791226	-1.06323
-0.790824	-1.06179
-0.790364	-1.06031
-0.789993	-1.05878
-0.789845	-1.05738
-0.789003	-1.05605
-0.788447	-1.05443
-0.78823	-1.05283
-0.788078	-1.05114
-0.788519	-1.04905
-0.789066	-1.04729
-0.789644	-1.04538
-0.79021	-1.04442
-0.790906	-1.04337
-0.792058	-1.04218
-0.79332	-1.04108
-0.794987	-1.0401
-0.796689	-1.03903
-0.79832	-1.03801
-0.799989	-1.03689
-0.802301	-1.03568
-0.805002	-1.03491
-0.807766	-1.03399
-0.809932	-1.03377
-0.811944	-1.03349
-0.813423	-1.03337
-0.81494	-1.03291
-0.816474	-1.03239
-0.817984	-1.03179
-0.819846	-1.0311
-0.821434	-1.03061
-0.82316	-1.02996
-0.824904	-1.02936
-0.825802	-1.02899
-0.827236	-1.02803
-0.82824	-1.0268
-0.829344	-1.0254
-0.831034	-1.02383
-0.832663	-1.02236
-0.834109	-1.02075
-0.83529	-1.01856
-0.836756	-1.01655
-0.838461	-1.0153
-0.839919	-1.01386
-0.841277	-1.01243
-0.84262	-1.01091
-0.843567	-1.01025
-0.844518	-1.00989
-0.845917	-1.00946
-0.847151	-1.00873
-0.848393	-1.00822
-0.849225	-1.00787
-0.850145	-1.00746
-0.851218	-1.00745
-0.852872	-1.00749
-0.854525	-1.00707
-0.855222	-1.00664
-0.856174	-1.00616
-0.857382	-1.00559
-0.858409	-1.00462
-0.85981	-1.00395
-0.861175	-1.00335
-0.862173	-1.00235
-0.863664	-1.00116
-0.865169	-0.999923
-0.866087	-0.998604
-0.867035	-0.997208
-0.867995	-0.99497
-0.869201	-0.992848
-0.869886	-0.991306
-0.870487	-0.989513
-0.871133	-0.987943
-0.871731	-0.986285
-0.872671	-0.984638
-0.873784	-0.983355
-0.87476	-0.982092
-0.875489	-0.980915
-0.875884	-0.979226
-0.876367	-0.977498
-0.876861	-0.975862
-0.877281	-0.974133
-0.8778	-0.972526
-0.878017	-0.972036
-0.877763	-0.971157
-0.877536	-0.970097
-0.877104	-0.968984
-0.876573	-0.967822
-0.875404	-0.966734
-0.873873	-0.965667
-0.873295	-0.964407
-0.873023	-0.963608
-0.872255	-0.962764
-0.871504	-0.961032
-0.870681	-0.959348
-0.868976	-0.958172
-0.867282	-0.957171
-0.865338	-0.956187
-0.863499	-0.954988
-0.862735	-0.953964
-0.861907	-0.953158
-0.86085	-0.952169
-0.859555	-0.951114
-0.857963	-0.950065
-0.856235	-0.949707
-0.853815	-0.948798
-0.852052	-0.948087
-0.84998	-0.947283
-0.847604	-0.947167
-0.84554	-0.947383
-0.843088	-0.948149
-0.840387	-0.94921
-0.838173	-0.9501
-0.83597	-0.950992
-0.833685	-0.951589
-0.831672	-0.951993
-0.829583	-0.952486
-0.826412	-0.952673
-0.823439	-0.952722
-0.820554	-0.952955
-0.818047	-0.953056
-0.815909	-0.952262
-0.813934	-0.951624
-0.812082	-0.950647
-0.809679	-0.949661
-0.807478	-0.948486
-0.805757	-0.947433
-0.804137	-0.945616
-0.802698	-0.943909
-0.801194	-0.941467
-0.800362	-0.939017
-0.799216	-0.936956
-0.797873	-0.933979
-0.796577	-0.931101
-0.795216	-0.928172
-0.793822	-0.925328
-0.792757	-0.923047
-0.792347	-0.921353
-0.79347	-0.920682
-0.79488	-0.920332
-0.796312	-0.920103
-0.798029	-0.919837
-0.799256	-0.919304
-0.800999	-0.918606
-0.802641	-0.917575
-0.804224	-0.916617
-0.805856	-0.915939
-0.807341	-0.91411
-0.808607	-0.912589
-0.80999	-0.911354
-0.810823	-0.910416
-0.811939	-0.909254
-0.813201	-0.907877
-0.814551	-0.90699
-0.815755	-0.906173
-0.816744	-0.905627
-0.817682	-0.905093
-0.818514	-0.904598
-0.820362	-0.904413
-0.821748	-0.904474
-0.823368	-0.904064
-0.82491	-0.903679
-0.826489	-0.903212
-0.828597	-0.903074
-0.830494	-0.902762
-0.832155	-0.902524
-0.834255	-0.902134
-0.83612	-0.901819
-0.837965	-0.901409
-0.839382	-0.899778
-0.840573	-0.898219
-0.841702	-0.896532
-0.842379	-0.894928
-0.843404	-0.893281
-0.844781	-0.891669
-0.846173	-0.889995
-0.847523	-0.887571
-0.849444	-0.885946
-0.851025	-0.883765
-0.852417	-0.881686
-0.853669	-0.879558
-0.854889	-0.877103
-0.856016	-0.874812
-0.856696	-0.872275
-0.857265	-0.869651
-0.858482	-0.866892
-0.85977	-0.864121
-0.861837	-0.861356
-0.863627	-0.859044
-0.865374	-0.856974
-0.867039	-0.855105
-0.868706	-0.853498
-0.870315	-0.851922
-0.871453	-0.849692
-0.872656	-0.847631
-0.873647	-0.845899
-0.874497	-0.844686
-0.875284	-0.843519
-0.87659	-0.842368
-0.878357	-0.841085
-0.879979	-0.839894
-0.88114	-0.838705
-0.882121	-0.837373
-0.883019	-0.836129
-0.883855	-0.834916
-0.884307	-0.834123
-0.885178	-0.833383
-0.886632	-0.833004
-0.888027	-0.832543
-0.889696	-0.832193
-0.891631	-0.831445
-0.893632	-0.830609
-0.895034	-0.830113
-0.896462	-0.829675
-0.898222	-0.829195
-0.900089	-0.828807
-0.901249	-0.828456
-0.901441	-0.828392
-0.902004	-0.82812
-0.902926	-0.827414
-0.903772	-0.827512
-0.904849	-0.827664
-0.905959	-0.827815
-0.907081	-0.827887
-0.909072	-0.828225
-0.910119	-0.828894
-0.9113	-0.829731
-0.912474	-0.830516
-0.9137	-0.831321
-0.914821	-0.832037
-0.91556	-0.833184
-0.916156	-0.834368
-0.917287	-0.835825
-0.917607	-0.837125
-0.917892	-0.838523
-0.918227	-0.839948
-0.918713	-0.841519
-0.919438	-0.843029
-0.920172	-0.844594
-0.921008	-0.846335
-0.921672	-0.847671
-0.922479	-0.848147
-0.923605	-0.84829
-0.924442	-0.849818
-0.925136	-0.851245
-0.92546	-0.852696
-0.925257	-0.853956
-0.924659	-0.855314
-0.924039	-0.857209
-0.923835	-0.859312
-0.923724	-0.861324
-0.923757	-0.86359
-0.92396	-0.866078
-0.924148	-0.868474
-0.924427	-0.87058
-0.924101	-0.872404
-0.924167	-0.873642
-0.92424	-0.874824
-0.924023	-0.876326
-0.923704	-0.877964
-0.92304	-0.880251
-0.922072	-0.88211
-0.920945	-0.883667
-0.91967	-0.884936
-0.918465	-0.886042
-0.917272	-0.887804
-0.916833	-0.890038
-0.916355	-0.892115
-0.916076	-0.893915
-0.915834	-0.895671
-0.91591	-0.896671
-0.915903	-0.897768
-0.915576	-0.897986
-0.916291	-0.898825
-0.917081	-0.899118
-0.918262	-0.899047
-0.919185	-0.898412
-0.919528	-0.897804
-0.920224	-0.896943
-0.921479	-0.895302
-0.92248	-0.893503
-0.923322	-0.891211
-0.924857	-0.888431
-0.926213	-0.885912
-0.927302	-0.88371
-0.928117	-0.882492
-0.929163	-0.880994
-0.929904	-0.879213
-0.930284	-0.877267
-0.930857	-0.87559
-0.931124	-0.873832
-0.931688	-0.87186
-0.932361	-0.869796
-0.933531	-0.868359
-0.935023	-0.867117
-0.936907	-0.866223
-0.938825	-0.865338
-0.94087	-0.86468
-0.942511	-0.864468
-0.943993	-0.864315
-0.94507	-0.86378
-0.946123	-0.862744
-0.947145	-0.861526
-0.948111	-0.860253
-0.948909	-0.858884
-0.949015	-0.857554
-0.948694	-0.855679
-0.948328	-0.853887
-0.947142	-0.851797
-0.945878	-0.849935
-0.945165	-0.847933
-0.944609	-0.846258
-0.944127	-0.84467
-0.942776	-0.843196
-0.941598	-0.841558
-0.940546	-0.839365
-0.93888	-0.837314
-0.937447	-0.835599
-0.936564	-0.833444
-0.934822	-0.83077
-0.9325	-0.827816
-0.93054	-0.825393
-0.928786	-0.822597
-0.926427	-0.819933
-0.924049	-0.817738
-0.921713	-0.815802
-0.920154	-0.814681
-0.919243	-0.813231
-0.917981	-0.811819
-0.916789	-0.810508
-0.916123	-0.809004
-0.915116	-0.807604
-0.913157	-0.806039
-0.911342	-0.804563
-0.909689	-0.803264
-0.908103	-0.802146
-0.906414	-0.800632
-0.905496	-0.79979
-0.904826	-0.798578
-0.904278	-0.796884
-0.903787	-0.795231
-0.903349	-0.793619
-0.902507	-0.791954
-0.901139	-0.789843
-0.899645	-0.787451
-0.898406	-0.785102
-0.897586	-0.782904
-0.896668	-0.780719
-0.896526	-0.779295
-0.895367	-0.777312
-0.894267	-0.775272
-0.892378	-0.773322
-0.890581	-0.771372
-0.888723	-0.769635
-0.886835	-0.767967
-0.884826	-0.766702
-0.882685	-0.765971
-0.879967	-0.765539
-0.876847	-0.765268
-0.873451	-0.764425
-0.870382	-0.763672
-0.867284	-0.762717
-0.864221	-0.761037
-0.861402	-0.759897
-0.85893	-0.758874
-0.856208	-0.757971
-0.853418	-0.757986
-0.85076	-0.758009
-0.848332	-0.758065
-0.845627	-0.757381
-0.843	-0.756691
-0.840826	-0.756303
-0.839153	-0.755778
-0.838078	-0.755879
-0.836005	-0.756113
-0.833653	-0.75646
-0.831984	-0.757521
-0.830002	-0.758026
-0.827986	-0.758455
-0.82588	-0.757883
-0.823753	-0.757323
-0.821672	-0.756257
-0.820126	-0.755729
-0.818269	-0.755335
-0.816249	-0.754646
-0.814018	-0.753058
-0.812232	-0.751603
-0.810693	-0.749889
-0.808906	-0.748177
-0.807486	-0.746727
-0.806289	-0.74548
-0.805362	-0.7444
-0.804556	-0.743329
-0.803694	-0.742542
-0.802889	-0.741765
-0.802213	-0.740863
-0.801688	-0.74019
-0.800435	-0.740118
-0.799163	-0.740384
-0.797595	-0.739973
-0.796366	-0.740354
-0.795568	-0.740865
-0.79504	-0.740954
-0.794511	-0.741207
-0.793696	-0.742625
-0.792883	-0.744135
-0.792683	-0.746214
-0.792679	-0.748728
-0.792774	-0.751282
-0.79292	-0.753964
-0.793174	-0.756554
-0.793096	-0.75899
-0.793128	-0.761269
-0.793305	-0.762757
-0.793596	-0.764331
-0.794028	-0.766128
-0.794274	-0.76844
-0.794364	-0.770465
-0.794589	-0.772314
-0.795004	-0.774132
-0.795306	-0.776113
-0.795709	-0.778052
-0.796578	-0.780943
-0.796645	-0.783477
-0.796732	-0.785227
-0.796767	-0.78689
-0.796172	-0.787999
-0.795757	-0.789506
-0.794947	-0.792024
-0.794389	-0.794309
-0.794451	-0.796279
-0.794763	-0.797691
-0.795832	-0.79828
-0.797545	-0.798757
-0.79998	-0.799364
-0.802019	-0.800212
-0.80469	-0.800841
-0.806258	-0.800748
-0.808057	-0.800446
-0.810017	-0.799597
-0.812068	-0.798706
-0.814171	-0.79676
-0.816149	-0.795035
-0.818171	-0.793402
-0.819809	-0.791873
-0.821346	-0.790405
-0.823063	-0.788841
-0.824459	-0.787707
-0.825847	-0.786657
-0.827034	-0.785714
-0.828984	-0.784018
-0.831524	-0.782417
-0.833163	-0.779949
-0.834597	-0.778383
-0.835746	-0.776749
-0.837233	-0.774971
-0.838721	-0.773321
-0.840811	-0.771954
-0.842466	-0.770905
-0.844503	-0.769847
-0.845522	-0.768472
-0.846113	-0.767885
-0.846787	-0.767064
-0.848027	-0.765983
-0.849234	-0.764818
-0.850367	-0.763688
-0.850809	-0.762749
-0.851417	-0.761622
-0.851814	-0.760016
-0.852353	-0.758574
-0.852551	-0.756269
-0.851873	-0.75396
-0.850878	-0.752042
-0.849382	-0.74939
-0.847241	-0.746904
-0.845199	-0.744726
-0.842916	-0.74208
-0.840875	-0.739716
-0.838973	-0.737602
-0.836987	-0.736051
-0.835038	-0.734667
-0.833244	-0.732998
-0.831352	-0.731374
-0.829329	-0.729823
-0.827643	-0.728408
-0.825746	-0.727165
