0.00439095	0.00430821
0.00790531	0.00776743
0.0106236	0.0109866
0.0125806	0.0144961
0.0141934	0.0174573
0.0152885	0.0197921
0.016	0.0224636
0.0165872	0.0246164
0.0171826	0.0260102
0.0177417	0.0270575
0.0175911	0.0287207
0.0171834	0.0300435
0.016752	0.0314325
0.016292	0.0330542
0.0158283	0.0343884
0.0152106	0.0355289
0.0144887	0.0371423
0.0135256	0.0388749
0.0126312	0.0409299
0.0117383	0.0430657
0.0106679	0.0454062
0.00927819	0.0468568
0.00789494	0.0481332
0.00629277	0.0493144
0.00481233	0.0499365
0.00346271	0.0501428
0.00197505	0.0503305
0.000860755	0.0504049
-0.00062869	0.0502669
-0.00204056	0.0494898
-0.00416196	0.0489484
-0.00627726	0.0485151
-0.0079058	0.0483432
-0.00951003	0.0481924
-0.0110142	0.0483147
-0.0121558	0.048939
-0.0134206	0.0490797
-0.0147588	0.049171
-0.0158828	0.0487557
-0.0171118	0.0487544
-0.0184442	0.0487245
-0.0197071	0.0487629
-0.0212272	0.0486172
-0.0224173	0.0479981
-0.023896	0.0473158
-0.0253597	0.0466176
-0.0255574	0.0453416
-0.0259601	0.0435797
-0.0259588	0.0420218
-0.0259498	0.039759
-0.0257021	0.0379378
-0.0252526	0.0361493
-0.0246914	0.0342545
-0.0240287	0.0319993
-0.023318	0.0297241
-0.0221464	0.0274321
-0.0218371	0.0242674
-0.0214772	0.021314
-0.0208603	0.0185458
-0.0199938	0.015935
-0.0188976	0.0133876
-0.0180111	0.011123
-0.0172233	0.00851703
-0.0162481	0.00603964
-0.0154153	0.00432876
-0.0145753	0.00245154
-0.013149	0.000411192
-0.0118763	-0.00136429
-0.0104198	-0.00346311
-0.00829653	-0.00490545
-0.00638147	-0.0061179
-0.00453878	-0.00717404
-0.00275898	-0.00771514
-0.00156476	-0.00816706
-0.000846805	-0.00847852
-0.000176632	-0.00873387
0.000201637	-0.00925747
0.000403753	-0.00937089
0.000643933	-0.00929301
0.00124886	-0.0080035
0.0019255	-0.00604898
0.00276585	-0.00356951
0.00368212	-0.000881183
0.00520562	0.00200513
0.0060341	0.00392203
0.00644756	0.00648148
0.00594298	0.0085019
0.00505808	0.00993745
0.00383361	0.0111201
0.00219059	0.0121246
0.000584275	0.0127081
-0.00131113	0.0129979
-0.00247989	0.0131724
-0.00312792	0.0128521
-0.00358058	0.0122001
-0.00397411	0.0114886
-0.00443595	0.0103339
-0.00423302	0.00912738
-0.00359042	0.00684065
-0.00276317	0.00417751
-0.00173086	0.00135128
-0.00027028	-0.00156666
0.000716469	-0.00412073
0.00159107	-0.00580201
0.0022766	-0.00701466
0.00188421	-0.00763963
0.00138433	-0.00796359
0.000865715	-0.00850954
0.000167892	-0.00883599
-0.000833584	-0.00899479
-0.00220762	-0.00895748
-0.00366942	-0.00844718
-0.00548727	-0.00766029
-0.00740713	-0.00713776
-0.00965741	-0.00716681
-0.0117448	-0.00714874
-0.0141269	-0.00706833
-0.0163171	-0.00733395
-0.0178415	-0.00797262
-0.0195435	-0.0079767
-0.0213898	-0.00788696
-0.0234065	-0.00732369
-0.0251863	-0.00735663
-0.0269366	-0.00787512
-0.0289072	-0.00864631
-0.0298375	-0.00968555
-0.0305786	-0.0103656
-0.0313352	-0.011708
-0.0322145	-0.013284
-0.0332999	-0.0153352
-0.0341804	-0.0171767
-0.0352496	-0.018823
-0.036086	-0.0204447
-0.0361469	-0.0220423
-0.0360659	-0.0232012
-0.0357013	-0.0241767
-0.0338701	-0.0251587
-0.0321381	-0.0259738
-0.0301437	-0.0269199
-0.0279552	-0.0279355
-0.0261063	-0.0283081
-0.0246266	-0.0286078
-0.023366	-0.0286117
-0.0221783	-0.0283711
-0.02044	-0.0281337
-0.0187052	-0.0277704
-0.0172133	-0.0273714
-0.0153594	-0.0261134
-0.0140199	-0.024958
-0.0126392	-0.0234668
-0.0114534	-0.0220189
-0.0105122	-0.020566
-0.0096366	-0.0191196
-0.00878626	-0.0175771
-0.00836884	-0.0160872
-0.00692851	-0.0147176
-0.00634147	-0.0135559
-0.0058329	-0.0130951
-0.0054213	-0.0125626
-0.00510504	-0.0119285
-0.0046294	-0.0119207
-0.00427227	-0.0121138
-0.00358057	-0.0129623
-0.00303831	-0.0138474
-0.00172906	-0.0149546
-0.000627001	-0.0160544
-0.00019932	-0.0172455
-1.45692e-05	-0.0193457
0.000580904	-0.021834
0.000918885	-0.0233494
0.000983035	-0.0242069
0.000796924	-0.0245508
0.000338114	-0.0246583
-0.000727042	-0.0246212
-0.00217969	-0.0253842
-0.00402666	-0.0263343
-0.00653809	-0.0270058
-0.0092308	-0.0278031
-0.0119908	-0.0282625
-0.0150924	-0.0287947
-0.0184169	-0.0298118
-0.021736	-0.0300803
-0.0248603	-0.0299685
-0.0278867	-0.0294916
-0.030869	-0.0289376
-0.033563	-0.0283454
-0.0354004	-0.0280329
-0.0362159	-0.0279876
-0.0358426	-0.0282752
-0.0356861	-0.0287439
-0.0353787	-0.0297737
-0.0348415	-0.0315292
-0.0347542	-0.0332837
-0.0346238	-0.0345857
-0.0344919	-0.0361855
-0.0343891	-0.0374194
-0.033805	-0.0377839
-0.0330428	-0.0381475
-0.0333718	-0.0382725
-0.0340316	-0.0378597
-0.0348548	-0.0371369
-0.0357781	-0.0360461
-0.036563	-0.0351174
-0.0374075	-0.033898
-0.0388054	-0.0314562
-0.039459	-0.0282461
-0.0392408	-0.0255953
-0.0391485	-0.0237467
-0.0389	-0.0229508
-0.0382503	-0.0229662
-0.0370052	-0.0232174
-0.0351584	-0.0237377
-0.0331227	-0.0246677
-0.0309589	-0.0261357
-0.0281877	-0.0281699
-0.0260329	-0.0301212
-0.024278	-0.0311722
-0.0236921	-0.0317958
-0.0237319	-0.031465
-0.0241135	-0.0303001
-0.0247401	-0.0282868
-0.025701	-0.0263032
-0.0271498	-0.0245447
-0.0289269	-0.0228315
-0.029009	-0.0217554
-0.0288749	-0.0213337
-0.0298827	-0.0211292
-0.0303195	-0.0215552
-0.0305707	-0.0222458
-0.0304489	-0.0237988
-0.0301693	-0.0259617
-0.0288258	-0.0285361
-0.0281604	-0.0310133
-0.0285263	-0.0320215
-0.028674	-0.0326463
-0.0291209	-0.0325586
-0.0299451	-0.0322447
-0.0312739	-0.0317712
-0.0327225	-0.0311547
-0.0343664	-0.0303239
-0.0362005	-0.0295036
-0.0378101	-0.0293985
-0.0395414	-0.0289453
-0.0421933	-0.0288996
-0.0446938	-0.0298902
-0.0470424	-0.0306285
-0.0497738	-0.0312879
-0.0524895	-0.0316974
-0.0552068	-0.0319601
-0.0576915	-0.0318612
-0.060678	-0.0321201
-0.0632163	-0.0328272
-0.0646381	-0.0332659
-0.0658564	-0.0340183
-0.0667606	-0.0344959
-0.0672609	-0.0349997
-0.0668811	-0.0356392
-0.066023	-0.0367023
-0.0649585	-0.0387771
-0.0632495	-0.0411848
-0.0611998	-0.0440015
-0.0594296	-0.0472852
-0.0579427	-0.0505846
-0.0569142	-0.0537135
-0.0563683	-0.0568945
-0.0564677	-0.0593513
-0.0564495	-0.0612107
-0.0559737	-0.0608266
-0.0553816	-0.0596212
-0.0544525	-0.0580625
-0.0528467	-0.0569524
-0.0515451	-0.0556009
-0.0504631	-0.0542491
-0.0494077	-0.0524723
-0.0486334	-0.0504941
-0.0483013	-0.0490069
-0.0481906	-0.0473281
-0.0480775	-0.0455823
-0.0481618	-0.0437088
-0.0487305	-0.0413265
-0.0494686	-0.0387798
-0.0502457	-0.0357125
-0.0512334	-0.0323793
-0.0525728	-0.0289457
-0.053899	-0.0255185
-0.0549371	-0.0238326
-0.0555827	-0.023196
-0.0555622	-0.0240315
-0.0556692	-0.0261646
-0.0556911	-0.0289617
-0.0560627	-0.0315563
-0.0569218	-0.0339508
-0.0578706	-0.0361616
-0.0581656	-0.038328
-0.0582294	-0.0405757
-0.0580988	-0.0421844
-0.0575885	-0.0439256
-0.0574483	-0.0456514
-0.0566014	-0.0474307
-0.0562192	-0.0490186
-0.056122	-0.0507246
-0.0562442	-0.0529299
-0.056529	-0.0551686
-0.0567987	-0.0568271
-0.0579022	-0.0587231
-0.0590681	-0.0604286
-0.0600886	-0.061934
-0.0608976	-0.0635062
-0.0615367	-0.0649457
-0.0621252	-0.0661873
-0.0625501	-0.0664445
-0.0636282	-0.0673268
-0.0644565	-0.0683161
-0.0652062	-0.0698852
-0.0658533	-0.0713117
-0.0664413	-0.0726728
-0.0669832	-0.0728017
-0.0680505	-0.0732916
-0.0685853	-0.0737682
-0.0688077	-0.0748158
-0.0691462	-0.0757084
-0.0694293	-0.0768424
-0.0702645	-0.0781227
-0.0708568	-0.0796279
-0.071648	-0.0808689
-0.072378	-0.0823011
-0.0730404	-0.0842218
-0.0735683	-0.0859874
-0.0739026	-0.0872442
-0.0745265	-0.0878616
-0.0752524	-0.088407
-0.0760122	-0.0892968
-0.0764507	-0.0903657
-0.0780723	-0.0916666
-0.08052	-0.09335
-0.0818737	-0.0948219
-0.0834565	-0.096289
-0.0849847	-0.0974841
-0.0860309	-0.0985594
-0.087205	-0.0993261
-0.0878098	-0.100432
-0.0881812	-0.101781
-0.0885099	-0.103272
-0.089013	-0.1038
-0.0895698	-0.104627
-0.0901472	-0.105204
-0.0910338	-0.105736
-0.0918311	-0.106405
-0.0933707	-0.107666
-0.0953396	-0.108977
-0.0975504	-0.110758
-0.099722	-0.112428
-0.101463	-0.113748
-0.103464	-0.114787
-0.104854	-0.116493
-0.105835	-0.117997
-0.106878	-0.119767
-0.107607	-0.121527
-0.10821	-0.123305
-0.108586	-0.125017
-0.108804	-0.126502
-0.10885	-0.127752
-0.109099	-0.128835
-0.109516	-0.129739
-0.110141	-0.130882
-0.110675	-0.132001
-0.112051	-0.13268
-0.113318	-0.133652
-0.115007	-0.13414
-0.116834	-0.134429
-0.118877	-0.134564
-0.12071	-0.134633
-0.121975	-0.134311
-0.123863	-0.1339
-0.125998	-0.133618
-0.127845	-0.133979
-0.129613	-0.134337
-0.131426	-0.134818
-0.133225	-0.13535
-0.135106	-0.136065
-0.13629	-0.136829
-0.137676	-0.137462
-0.139491	-0.138408
-0.141204	-0.13931
-0.143044	-0.14036
-0.14522	-0.141381
-0.146646	-0.141402
-0.14794	-0.141884
-0.149121	-0.142272
-0.15041	-0.142564
-0.151666	-0.142818
-0.152797	-0.143374
-0.15426	-0.144364
-0.155694	-0.145879
-0.157089	-0.147313
-0.158629	-0.148816
-0.160213	-0.150335
-0.16265	-0.151802
-0.164564	-0.152938
-0.166052	-0.154056
-0.167458	-0.156112
-0.168818	-0.158074
-0.170618	-0.159893
-0.171942	-0.162115
-0.173214	-0.164219
-0.174449	-0.166258
-0.175556	-0.168198
-0.176634	-0.169843
-0.178169	-0.171303
-0.180057	-0.173284
-0.181737	-0.17494
-0.183549	-0.176152
-0.184936	-0.17736
-0.186567	-0.178276
-0.187913	-0.179127
-0.188812	-0.179945
-0.188799	-0.180998
-0.189763	-0.18294
-0.190719	-0.184862
-0.191289	-0.186941
-0.191041	-0.188674
-0.19063	-0.190273
-0.189248	-0.19229
-0.188183	-0.193982
-0.187333	-0.195877
-0.186846	-0.197427
-0.186463	-0.199032
-0.185506	-0.200794
-0.184805	-0.202725
-0.1834	-0.203689
-0.182131	-0.204581
-0.181148	-0.204931
-0.180312	-0.205241
-0.179318	-0.205768
-0.178032	-0.206186
-0.17678	-0.206612
-0.175925	-0.206994
-0.175144	-0.207319
-0.174229	-0.207645
-0.172954	-0.207806
-0.171594	-0.208412
-0.170059	-0.209093
-0.16799	-0.209986
-0.165804	-0.211094
-0.163739	-0.211473
-0.161568	-0.211873
-0.159743	-0.212125
-0.157969	-0.212293
-0.156626	-0.21265
-0.155686	-0.212616
-0.154657	-0.21262
-0.153399	-0.212674
-0.151862	-0.212868
-0.150298	-0.213095
-0.148823	-0.213247
-0.147259	-0.213375
-0.14572	-0.213402
-0.143513	-0.213461
-0.141259	-0.213177
-0.139168	-0.212959
-0.137158	-0.213179
-0.135141	-0.213426
-0.133204	-0.213798
-0.1314	-0.214142
-0.129828	-0.214047
-0.128436	-0.213476
-0.126812	-0.212606
-0.125591	-0.212259
-0.124307	-0.211814
-0.123388	-0.211329
-0.122707	-0.211279
-0.121722	-0.21077
-0.120943	-0.210342
-0.120382	-0.209687
-0.119485	-0.209226
-0.118791	-0.208559
-0.118577	-0.207928
-0.118164	-0.206982
-0.118093	-0.206155
-0.118095	-0.205053
-0.118258	-0.203416
-0.118738	-0.201421
-0.118748	-0.199052
-0.118087	-0.197391
-0.117856	-0.196042
-0.116804	-0.194812
-0.115374	-0.193139
-0.114127	-0.190676
-0.11297	-0.188455
-0.111585	-0.186143
-0.109634	-0.183995
-0.107806	-0.182072
-0.106138	-0.180197
-0.104695	-0.178491
-0.103302	-0.176829
-0.101998	-0.175463
-0.101154	-0.174729
-0.100364	-0.173723
-0.0993327	-0.172555
-0.0991079	-0.1713
-0.0988971	-0.170084
-0.0985872	-0.168761
-0.0995422	-0.166787
-0.101481	-0.1653
-0.103345	-0.163746
-0.104861	-0.162854
-0.106443	-0.161317
-0.108689	-0.158934
-0.110667	-0.156903
-0.112943	-0.155282
-0.115151	-0.15362
-0.117671	-0.152587
-0.120297	-0.150961
-0.121897	-0.149062
-0.122787	-0.147248
-0.124115	-0.145389
-0.125358	-0.14352
-0.126883	-0.141576
-0.128775	-0.139378
-0.130631	-0.137477
-0.132716	-0.135611
-0.134546	-0.133911
-0.137552	-0.131294
-0.140498	-0.129393
-0.143211	-0.12806
-0.146228	-0.127339
-0.149597	-0.125474
-0.152788	-0.123693
-0.156224	-0.122044
-0.159145	-0.120633
-0.161327	-0.119822
-0.162777	-0.118807
-0.163562	-0.118088
-0.163685	-0.117459
-0.163754	-0.116749
-0.163394	-0.115929
-0.162887	-0.114708
-0.162323	-0.11343
-0.161652	-0.111971
-0.160806	-0.110738
-0.160647	-0.110175
-0.160833	-0.108771
-0.160874	-0.107462
-0.160182	-0.106709
-0.159351	-0.106203
-0.158289	-0.105582
-0.157142	-0.104984
-0.156425	-0.104337
-0.155286	-0.10362
-0.154877	-0.103075
-0.15322	-0.103048
-0.151722	-0.103907
-0.150239	-0.104706
-0.148649	-0.105609
-0.146946	-0.106661
-0.145577	-0.107461
-0.144079	-0.108705
-0.142062	-0.110233
-0.139583	-0.11304
-0.136882	-0.115725
-0.13423	-0.118468
-0.132782	-0.121552
-0.13134	-0.124732
-0.130146	-0.127787
-0.129294	-0.130764
-0.128602	-0.133594
-0.127865	-0.135981
-0.127164	-0.138475
-0.126781	-0.141419
-0.126564	-0.143968
-0.126475	-0.146538
-0.12588	-0.149148
-0.125354	-0.151294
-0.125272	-0.154038
-0.125527	-0.156207
-0.12563	-0.158059
-0.126329	-0.159457
-0.126865	-0.161597
-0.127367	-0.162592
-0.127872	-0.16357
-0.128605	-0.165153
-0.129666	-0.166701
-0.130763	-0.168161
-0.131924	-0.169456
-0.133573	-0.169792
-0.135169	-0.170985
-0.136472	-0.172125
-0.137711	-0.172947
-0.139596	-0.174535
-0.140889	-0.176033
-0.141866	-0.177631
-0.14277	-0.17901
-0.143561	-0.180239
-0.143801	-0.181155
-0.143862	-0.182088
-0.14375	-0.183428
-0.143797	-0.185285
-0.143386	-0.18704
-0.143008	-0.188566
-0.142669	-0.190015
-0.142438	-0.190498
-0.142386	-0.190933
-0.143006	-0.191283
-0.14382	-0.191681
-0.144632	-0.192134
-0.145519	-0.192424
-0.147219	-0.192217
-0.14848	-0.192062
-0.149975	-0.192043
-0.150829	-0.192397
-0.151628	-0.192782
-0.151949	-0.19299
-0.152689	-0.193103
-0.153587	-0.192968
-0.154639	-0.193095
-0.155372	-0.192819
-0.156502	-0.192376
-0.157803	-0.191816
-0.159177	-0.191329
-0.160319	-0.190948
-0.16162	-0.190495
-0.162916	-0.189451
-0.164116	-0.18826
-0.16537	-0.186969
-0.166735	-0.18558
-0.16835	-0.184223
-0.169697	-0.18268
-0.171028	-0.181443
-0.172008	-0.179318
-0.173127	-0.17727
-0.173006	-0.175603
-0.173341	-0.173525
-0.17378	-0.171569
-0.174575	-0.169492
-0.175226	-0.167534
-0.175746	-0.165667
-0.176337	-0.163734
-0.17686	-0.161947
-0.177649	-0.160447
-0.17787	-0.159222
-0.178304	-0.158221
-0.177698	-0.15774
-0.176054	-0.157467
-0.174261	-0.157149
-0.172437	-0.157024
-0.170293	-0.156961
-0.167654	-0.157469
-0.164629	-0.158083
-0.161544	-0.159388
-0.158959	-0.160489
-0.156382	-0.161632
-0.153933	-0.162782
-0.151309	-0.163932
-0.149519	-0.164748
-0.147342	-0.165572
-0.145191	-0.166397
-0.142365	-0.167321
-0.140682	-0.167562
-0.138798	-0.167636
-0.13706	-0.167642
-0.135318	-0.167198
-0.133349	-0.166559
-0.131638	-0.165914
-0.130354	-0.165101
-0.129169	-0.164278
-0.1283	-0.163296
-0.127432	-0.162124
-0.126659	-0.161034
-0.125959	-0.159825
-0.125554	-0.15912
-0.124729	-0.15871
-0.123577	-0.158598
-0.122871	-0.158046
-0.122099	-0.158039
-0.121185	-0.157955
-0.120246	-0.157835
-0.119223	-0.157442
-0.118455	-0.156884
-0.117825	-0.155874
-0.117372	-0.15453
-0.117477	-0.153255
-0.117783	-0.151894
-0.11825	-0.150345
-0.118902	-0.148847
-0.119734	-0.147156
-0.120554	-0.144826
-0.122026	-0.142756
-0.123834	-0.141157
-0.125777	-0.139551
-0.128519	-0.13798
-0.130979	-0.135824
-0.132718	-0.133935
-0.134244	-0.132128
-0.135827	-0.1305
-0.13691	-0.129505
-0.138703	-0.128336
-0.140682	-0.127171
-0.142648	-0.125797
-0.144402	-0.124151
-0.145234	-0.122343
-0.145835	-0.120902
-0.146504	-0.119535
-0.147031	-0.118181
-0.147582	-0.116506
-0.147955	-0.114927
-0.148497	-0.113369
-0.148837	-0.112021
-0.149092	-0.110449
-0.149218	-0.108499
-0.149259	-0.107236
-0.149673	-0.106181
-0.149272	-0.106241
-0.148776	-0.106878
-0.148422	-0.108189
-0.147923	-0.109396
-0.147419	-0.111141
-0.147358	-0.113388
-0.147251	-0.11575
-0.147052	-0.117726
-0.146581	-0.119642
-0.146067	-0.121286
-0.146109	-0.122953
-0.145608	-0.124751
-0.144441	-0.126111
-0.143092	-0.127261
-0.142415	-0.1285
-0.141689	-0.129876
-0.141114	-0.131399
-0.141492	-0.133475
-0.142075	-0.135339
-0.142495	-0.136943
-0.142546	-0.139008
-0.144189	-0.141565
-0.144863	-0.144238
-0.145006	-0.147495
-0.144457	-0.150725
-0.144561	-0.152975
-0.145032	-0.154268
-0.146116	-0.156072
-0.147156	-0.157917
-0.148643	-0.160028
-0.150509	-0.162202
-0.152568	-0.164143
-0.154571	-0.166481
-0.156218	-0.168127
-0.157955	-0.170146
-0.15971	-0.172349
-0.160424	-0.174749
-0.160939	-0.176815
-0.161316	-0.178687
-0.161627	-0.180325
-0.162088	-0.181709
-0.162877	-0.182323
-0.164276	-0.182542
-0.166166	-0.181208
-0.168545	-0.179484
-0.170564	-0.177412
-0.172657	-0.174917
-0.175099	-0.1726
-0.176931	-0.171841
-0.177916	-0.171327
-0.17952	-0.170576
-0.180426	-0.16996
-0.18032	-0.169063
-0.180227	-0.167987
-0.179889	-0.166805
-0.178531	-0.165785
-0.176926	-0.16456
-0.175135	-0.164158
-0.173581	-0.164275
-0.171547	-0.164566
-0.169793	-0.164978
-0.167861	-0.165181
-0.165395	-0.164373
-0.163697	-0.164282
-0.161542	-0.164403
-0.1596	-0.164505
-0.157209	-0.165696
-0.155358	-0.166451
-0.153463	-0.16737
-0.151182	-0.168189
-0.148622	-0.16942
-0.145771	-0.170449
-0.143083	-0.171944
-0.141103	-0.172252
-0.139442	-0.172314
-0.137564	-0.172437
-0.135669	-0.172266
-0.134272	-0.171928
-0.132883	-0.171692
-0.131937	-0.171822
-0.131506	-0.172388
-0.131264	-0.172864
-0.131025	-0.17353
-0.131063	-0.174224
-0.13129	-0.174813
-0.131517	-0.175676
-0.132179	-0.177338
-0.132908	-0.178834
-0.133772	-0.180566
-0.13492	-0.182606
-0.13644	-0.18481
-0.13815	-0.186937
-0.139507	-0.188899
-0.141112	-0.190684
-0.142944	-0.192324
-0.145009	-0.194085
-0.147404	-0.195602
-0.149678	-0.196784
-0.151073	-0.19766
-0.151871	-0.199371
-0.152971	-0.201175
-0.154398	-0.202413
-0.155191	-0.203578
-0.156085	-0.204615
-0.157499	-0.205202
-0.158764	-0.205762
-0.160182	-0.206272
-0.161738	-0.20661
-0.163412	-0.206862
-0.16533	-0.206624
-0.166896	-0.206427
-0.168615	-0.205981
-0.170818	-0.205442
-0.17312	-0.204849
-0.175587	-0.204287
-0.178176	-0.203307
-0.180606	-0.20255
-0.182792	-0.201764
-0.185385	-0.200883
-0.187322	-0.200249
-0.188938	-0.19882
-0.19051	-0.197561
-0.191699	-0.19662
-0.192849	-0.196022
-0.194031	-0.195671
-0.194968	-0.195243
-0.195507	-0.195527
-0.196581	-0.196501
-0.197733	-0.198121
-0.199051	-0.200237
-0.200344	-0.202847
-0.201578	-0.204768
-0.202659	-0.206527
-0.203796	-0.208799
-0.205217	-0.210235
-0.206666	-0.211663
-0.207629	-0.213355
-0.208199	-0.214953
-0.208528	-0.216727
-0.208407	-0.217795
-0.207753	-0.219314
-0.206959	-0.220967
-0.206027	-0.222789
-0.205102	-0.225108
-0.203526	-0.227715
-0.201797	-0.230131
-0.199788	-0.232517
-0.198371	-0.234294
-0.197049	-0.23663
-0.19588	-0.238544
-0.194692	-0.24068
-0.193458	-0.241904
-0.192401	-0.243085
-0.190459	-0.244639
-0.188764	-0.246143
-0.187182	-0.24713
-0.186206	-0.247632
-0.185116	-0.24794
-0.183465	-0.248216
-0.181861	-0.248375
-0.180603	-0.248337
-0.178961	-0.247966
-0.177465	-0.247229
-0.175939	-0.246236
-0.174428	-0.245258
-0.172551	-0.244235
-0.170748	-0.243034
-0.169292	-0.241653
-0.167918	-0.239885
-0.167299	-0.238037
-0.167712	-0.235693
-0.16847	-0.233502
-0.169152	-0.230556
-0.170332	-0.227948
-0.171809	-0.225423
-0.173237	-0.223078
-0.175066	-0.220529
-0.177	-0.218479
-0.178629	-0.216455
-0.180083	-0.214285
-0.181269	-0.211894
-0.182555	-0.209093
-0.18403	-0.206438
-0.185035	-0.203097
-0.185987	-0.199932
-0.186962	-0.197669
-0.187778	-0.195976
-0.187707	-0.194826
-0.186993	-0.194351
-0.186592	-0.194068
-0.185768	-0.19425
-0.184142	-0.194553
-0.182256	-0.195529
-0.180045	-0.197184
-0.177823	-0.19883
-0.175823	-0.200505
-0.173474	-0.202886
-0.171418	-0.205576
-0.170022	-0.207711
-0.168841	-0.209636
-0.167971	-0.211518
-0.166734	-0.213892
-0.164278	-0.215804
-0.162419	-0.217326
-0.161034	-0.218503
-0.16012	-0.219198
-0.15966	-0.219713
-0.159451	-0.219857
-0.159621	-0.220662
-0.159645	-0.221708
-0.160074	-0.222776
-0.160755	-0.223926
-0.161739	-0.225234
-0.162948	-0.226941
-0.164852	-0.228495
-0.167045	-0.230078
-0.169466	-0.232314
-0.172	-0.234131
-0.174491	-0.235217
-0.177155	-0.236029
-0.18014	-0.236862
-0.183563	-0.237087
-0.187649	-0.237555
-0.190911	-0.238605
-0.194292	-0.239386
-0.19766	-0.240027
-0.200751	-0.239969
-0.204299	-0.239081
-0.207061	-0.238064
-0.20924	-0.236735
-0.211258	-0.235336
-0.212869	-0.2338
-0.21394	-0.233083
-0.215102	-0.232719
-0.216003	-0.232495
-0.21679	-0.231578
-0.218426	-0.230823
-0.220223	-0.23043
-0.221595	-0.230748
-0.222952	-0.231375
-0.224431	-0.23156
-0.22565	-0.231246
-0.226626	-0.230363
-0.228803	-0.230616
-0.230675	-0.231108
-0.232061	-0.23218
-0.233147	-0.232738
-0.23377	-0.233369
-0.234449	-0.233599
-0.234484	-0.2329
-0.234959	-0.231616
-0.235344	-0.230082
-0.235387	-0.228592
-0.234377	-0.226559
-0.233521	-0.223445
-0.232522	-0.220948
-0.230654	-0.218866
-0.228918	-0.217197
-0.227802	-0.216264
-0.227057	-0.215932
-0.225575	-0.216148
-0.223726	-0.216618
-0.221871	-0.218055
-0.220516	-0.220109
-0.218789	-0.222438
-0.216969	-0.224735
-0.215012	-0.227346
-0.212676	-0.230385
-0.209676	-0.233639
-0.207151	-0.236782
-0.204905	-0.238725
-0.20278	-0.240169
-0.200719	-0.241217
-0.199436	-0.241703
-0.198672	-0.242401
-0.198212	-0.242968
-0.198312	-0.243061
-0.198854	-0.24308
-0.200089	-0.242909
-0.201942	-0.242555
-0.204248	-0.241966
-0.205841	-0.241277
-0.207583	-0.240626
-0.209336	-0.239804
-0.211384	-0.238908
-0.213137	-0.237525
-0.214368	-0.236108
-0.215231	-0.234103
-0.216205	-0.231666
-0.217679	-0.228883
-0.218714	-0.227117
-0.219668	-0.226252
-0.220237	-0.225744
-0.220325	-0.225599
-0.219442	-0.226462
-0.217704	-0.227801
-0.216086	-0.229381
-0.214266	-0.231419
-0.212696	-0.233035
-0.211132	-0.234166
-0.210047	-0.235753
-0.208936	-0.236999
-0.208154	-0.237896
-0.206988	-0.238264
-0.206079	-0.238931
-0.205783	-0.239338
-0.204245	-0.239243
-0.202975	-0.238845
-0.20126	-0.237835
-0.199925	-0.236678
-0.197894	-0.235157
-0.196312	-0.23347
-0.194965	-0.231504
-0.193459	-0.229388
-0.192556	-0.228237
-0.192463	-0.227705
-0.192488	-0.227281
-0.192844	-0.226629
-0.193448	-0.226166
-0.19514	-0.2246
-0.197231	-0.223313
-0.199563	-0.222133
-0.202223	-0.221088
-0.204732	-0.219828
-0.206559	-0.21945
-0.208267	-0.219573
-0.209868	-0.220471
-0.212342	-0.221889
-0.214527	-0.223836
-0.217128	-0.226596
-0.219809	-0.229555
-0.222726	-0.233073
-0.226305	-0.236338
-0.229812	-0.23929
-0.23352	-0.242053
-0.235663	-0.245113
-0.237317	-0.246698
-0.237983	-0.248141
-0.238727	-0.249309
-0.238568	-0.249734
-0.238223	-0.250982
-0.237876	-0.252511
-0.236838	-0.25459
-0.234906	-0.257554
-0.232389	-0.260179
-0.229918	-0.262764
-0.228265	-0.263567
-0.226762	-0.263554
-0.224996	-0.262993
-0.223075	-0.261759
-0.220188	-0.259622
-0.21871	-0.258661
-0.217653	-0.257795
-0.216508	-0.257687
-0.216171	-0.25767
-0.216771	-0.258598
-0.218192	-0.260464
-0.218905	-0.261217
-0.219176	-0.260921
-0.219713	-0.26013
-0.220425	-0.25874
-0.221902	-0.257157
-0.223877	-0.255882
-0.226397	-0.254527
-0.230367	-0.253232
-0.234453	-0.252385
-0.236867	-0.252114
-0.237647	-0.252165
-0.237547	-0.252997
-0.237245	-0.254738
-0.235963	-0.257216
-0.234426	-0.259713
-0.232722	-0.261817
-0.231345	-0.263285
-0.230106	-0.264015
-0.229228	-0.263682
-0.227756	-0.262106
-0.2261	-0.259784
-0.224967	-0.258314
-0.224754	-0.257474
-0.224976	-0.257723
-0.225973	-0.258763
-0.227744	-0.26065
-0.228866	-0.261264
-0.229594	-0.260832
-0.230715	-0.259478
-0.232852	-0.258312
-0.23323	-0.257897
-0.2327	-0.258239
-0.231505	-0.259315
-0.228996	-0.260577
-0.227016	-0.260869
-0.225209	-0.260325
-0.222667	-0.259779
-0.221987	-0.259901
-0.222151	-0.260501
-0.222185	-0.259867
-0.223119	-0.259098
-0.224999	-0.258065
-0.227338	-0.25709
-0.230256	-0.256012
-0.233783	-0.255206
-0.235534	-0.254777
-0.235997	-0.254762
-0.235582	-0.254915
-0.234547	-0.25598
-0.233125	-0.257634
-0.231498	-0.259858
-0.22917	-0.262131
-0.227367	-0.262766
-0.225749	-0.262082
-0.224049	-0.260623
-0.222876	-0.258032
-0.22298	-0.256505
-0.223622	-0.255184
-0.224816	-0.253949
-0.22661	-0.252627
-0.229176	-0.251506
-0.2319	-0.250271
-0.232996	-0.251127
-0.23353	-0.252907
-0.233726	-0.255189
-0.233566	-0.25764
-0.233379	-0.261099
-0.233069	-0.263435
-0.23285	-0.264276
-0.232888	-0.264384
-0.232717	-0.264056
-0.232256	-0.26282
-0.231729	-0.261412
-0.230991	-0.259315
-0.230737	-0.258339
-0.231004	-0.25777
-0.232088	-0.257353
-0.231836	-0.257769
-0.230747	-0.258905
-0.229464	-0.259913
-0.22948	-0.261334
-0.229602	-0.261151
-0.230533	-0.259915
-0.232097	-0.259236
-0.232506	-0.259249
-0.231119	-0.259456
-0.230747	-0.25993
-0.2308	-0.261722
-0.230952	-0.261974
-0.231075	-0.261123
-0.231663	-0.259095
-0.231291	-0.258539
-0.230041	-0.257955
-0.230064	-0.258055
-0.230819	-0.258855
-0.231866	-0.26033
-0.232723	-0.260795
-0.233559	-0.260752
-0.234273	-0.260149
-0.235186	-0.258966
-0.235172	-0.259305
-0.234686	-0.260486
-0.234479	-0.260979
-0.235038	-0.261221
-0.235577	-0.261082
-0.235939	-0.261057
-0.236278	-0.260594
-0.236809	-0.259346
-0.236659	-0.259309
-0.236431	-0.259157
-0.235391	-0.259482
-0.233807	-0.260257
-0.232275	-0.260455
-0.23089	-0.260246
-0.230096	-0.259387
-0.230382	-0.259491
-0.232018	-0.260389
-0.233581	-0.260968
-0.234862	-0.261022
-0.23627	-0.260455
-0.237782	-0.259476
-0.237748	-0.259194
-0.237634	-0.259598
-0.236784	-0.261077
-0.235773	-0.261784
-0.234372	-0.262284
-0.232954	-0.26243
-0.23094	-0.261703
-0.2285	-0.260571
-0.226167	-0.258362
-0.225234	-0.257385
-0.225852	-0.257699
-0.227635	-0.258594
-0.230191	-0.259611
-0.232495	-0.260278
-0.235002	-0.259642
-0.236167	-0.259823
-0.236547	-0.260652
-0.236832	-0.260936
-0.237445	-0.261046
-0.239217	-0.261804
-0.240798	-0.263016
-0.242506	-0.26407
-0.245308	-0.265007
-0.247725	-0.265993
-0.249598	-0.266692
-0.251355	-0.267374
-0.2532	-0.2684
-0.256374	-0.269058
-0.259667	-0.269429
-0.262986	-0.269552
-0.264528	-0.270256
-0.263787	-0.270327
-0.262308	-0.270217
-0.25956	-0.270002
-0.257827	-0.269181
-0.256334	-0.267955
-0.255045	-0.266529
-0.254977	-0.266046
-0.254982	-0.264669
-0.255141	-0.262728
-0.255984	-0.259515
-0.255344	-0.257446
-0.254543	-0.256627
-0.254059	-0.25675
-0.252238	-0.256707
-0.249031	-0.256696
-0.245395	-0.257803
-0.24149	-0.259338
-0.237077	-0.261682
-0.233952	-0.263287
-0.231334	-0.2643
-0.228246	-0.265107
-0.226188	-0.265068
-0.225519	-0.264171
-0.225028	-0.262386
-0.224831	-0.259747
-0.225175	-0.258371
-0.226238	-0.257854
-0.228337	-0.257329
-0.231445	-0.25659
-0.233257	-0.256882
-0.234178	-0.257669
-0.235199	-0.259963
-0.236043	-0.262881
-0.2373	-0.265417
-0.239464	-0.267811
-0.241966	-0.270725
-0.244834	-0.273882
-0.247813	-0.277205
-0.251949	-0.280975
-0.25619	-0.284288
-0.260309	-0.286884
-0.262488	-0.288771
-0.263926	-0.289931
-0.265833	-0.290952
-0.267359	-0.291672
-0.268835	-0.292267
-0.269701	-0.292409
-0.271058	-0.292299
-0.27231	-0.29196
-0.273701	-0.291487
-0.275975	-0.291024
-0.278252	-0.290676
-0.280644	-0.29036
-0.282566	-0.289962
-0.284232	-0.289551
-0.286095	-0.288773
-0.286793	-0.289001
-0.286705	-0.288997
-0.285728	-0.289014
-0.283857	-0.289292
-0.282225	-0.28937
-0.280937	-0.289552
-0.279378	-0.289291
-0.278173	-0.28912
-0.277024	-0.288655
-0.274663	-0.28841
-0.271202	-0.288529
-0.267187	-0.288751
-0.262735	-0.289069
-0.259509	-0.289197
-0.25668	-0.28815
-0.254514	-0.287793
-0.253357	-0.287915
-0.253456	-0.28828
-0.253675	-0.289605
-0.254563	-0.289797
-0.254228	-0.289268
-0.2535	-0.287637
-0.253951	-0.286585
-0.254836	-0.285659
-0.256914	-0.284159
-0.259996	-0.282806
-0.263533	-0.281623
-0.265343	-0.281934
-0.26586	-0.281964
-0.265173	-0.281823
-0.263391	-0.281786
-0.260608	-0.281939
-0.257122	-0.282297
-0.255451	-0.282387
-0.255505	-0.282829
-0.256357	-0.284146
-0.257839	-0.285697
-0.260063	-0.287698
-0.262592	-0.290187
-0.264289	-0.292204
-0.265471	-0.293622
-0.266459	-0.294599
-0.267582	-0.295253
-0.268675	-0.295725
-0.270105	-0.295864
-0.271484	-0.296631
-0.272975	-0.297272
-0.274632	-0.29761
-0.276405	-0.297602
-0.278336	-0.297422
-0.280746	-0.297214
-0.282403	-0.296326
-0.283984	-0.294497
-0.285449	-0.292256
-0.287096	-0.289956
-0.288407	-0.287413
-0.288387	-0.285704
-0.287565	-0.284981
-0.286052	-0.284343
-0.283585	-0.284222
-0.280375	-0.284328
-0.277087	-0.284492
-0.273103	-0.284861
-0.268667	-0.28487
-0.263862	-0.285012
-0.258911	-0.285184
-0.255769	-0.285523
-0.254147	-0.286024
-0.253738	-0.286252
-0.254335	-0.286019
-0.256433	-0.286068
-0.25958	-0.286145
-0.263038	-0.286178
-0.265243	-0.286713
-0.265631	-0.287267
-0.265747	-0.288083
-0.264426	-0.289749
-0.263722	-0.2906
-0.262576	-0.291463
-0.260833	-0.291761
-0.259428	-0.291875
-0.25831	-0.290926
-0.256919	-0.288917
-0.256412	-0.287785
-0.256361	-0.288201
-0.256874	-0.289593
-0.257006	-0.28933
-0.258306	-0.288482
-0.260626	-0.287246
-0.260711	-0.28671
-0.259923	-0.286936
-0.260803	-0.287934
-0.260292	-0.28936
-0.260155	-0.290966
-0.259894	-0.292956
-0.260015	-0.293404
-0.259865	-0.292439
-0.26013	-0.290776
-0.261497	-0.288585
-0.261559	-0.287346
-0.260443	-0.287274
-0.258435	-0.287002
-0.258405	-0.287757
-0.259306	-0.289419
-0.259449	-0.289277
-0.259894	-0.28744
-0.260643	-0.286441
-0.260713	-0.286201
-0.25978	-0.286215
-0.260217	-0.286462
-0.259499	-0.287004
-0.259326	-0.28798
-0.259527	-0.289893
-0.259693	-0.289936
-0.260208	-0.288623
-0.259438	-0.288066
-0.2596	-0.288393
-0.260469	-0.289302
-0.262414	-0.290345
-0.264845	-0.291501
-0.267926	-0.29224
-0.271376	-0.292858
-0.275191	-0.293558
-0.279316	-0.294682
-0.283341	-0.296008
-0.287942	-0.296921
-0.29254	-0.297871
-0.29562	-0.298728
-0.298963	-0.299374
-0.301404	-0.300305
-0.303002	-0.301417
-0.303921	-0.302392
-0.303737	-0.303196
-0.303231	-0.304332
-0.302434	-0.305596
-0.301281	-0.307165
-0.299856	-0.309075
-0.298074	-0.311486
-0.295651	-0.314306
-0.293111	-0.317095
-0.289852	-0.319676
-0.287273	-0.322028
-0.285095	-0.323832
-0.283347	-0.324783
-0.281798	-0.324586
-0.279525	-0.324197
-0.277476	-0.323915
-0.275235	-0.323227
-0.273841	-0.322437
-0.272712	-0.320888
-0.271478	-0.319055
-0.270255	-0.317035
-0.269808	-0.31557
-0.269893	-0.314438
-0.270353	-0.31304
-0.270515	-0.311042
-0.271031	-0.309155
-0.272381	-0.30751
-0.274227	-0.305843
-0.276729	-0.30386
-0.279225	-0.302421
-0.282235	-0.30097
-0.286267	-0.300152
-0.290325	-0.298851
-0.292997	-0.297978
-0.294207	-0.29685
-0.294489	-0.296784
-0.294446	-0.296812
-0.293483	-0.297053
-0.291978	-0.297647
-0.289826	-0.298493
-0.286569	-0.299393
-0.284946	-0.300568
-0.284132	-0.301664
-0.28449	-0.302678
-0.285336	-0.304241
-0.286357	-0.306676
-0.287861	-0.309501
-0.290313	-0.311917
-0.292124	-0.313654
-0.293277	-0.315239
-0.294077	-0.316864
-0.294764	-0.319155
-0.295403	-0.321455
-0.296302	-0.323803
-0.297654	-0.326315
-0.299084	-0.328457
-0.300612	-0.330494
-0.302109	-0.332357
-0.304012	-0.333657
-0.305533	-0.334636
-0.307204	-0.335459
-0.308493	-0.336327
-0.310166	-0.337199
-0.311319	-0.337849
-0.312642	-0.338587
-0.314206	-0.339083
-0.316146	-0.339645
-0.318348	-0.340355
-0.320102	-0.340828
-0.321689	-0.34177
-0.32292	-0.343192
-0.324037	-0.345068
-0.324932	-0.346951
-0.325713	-0.347685
-0.326751	-0.348663
-0.327915	-0.349763
-0.329129	-0.35082
-0.330606	-0.351415
-0.332321	-0.352042
-0.334501	-0.352736
-0.336824	-0.353419
-0.339307	-0.354136
-0.341923	-0.355525
-0.34478	-0.356231
-0.347169	-0.356843
-0.349439	-0.35727
-0.351628	-0.357861
-0.353692	-0.35851
-0.355584	-0.359467
-0.358092	-0.360782
-0.360671	-0.362742
-0.363414	-0.364626
-0.3661	-0.366423
-0.368077	-0.368148
-0.370593	-0.370225
-0.372936	-0.373394
-0.375752	-0.376536
-0.378224	-0.37928
-0.380541	-0.382003
-0.382614	-0.384087
-0.384202	-0.385456
-0.385966	-0.38683
-0.386696	-0.388411
-0.38738	-0.389964
-0.388318	-0.391443
-0.389291	-0.392375
-0.390244	-0.393632
-0.391325	-0.394791
-0.392543	-0.395907
-0.393701	-0.397312
-0.39492	-0.39871
-0.396023	-0.400196
-0.397095	-0.401078
-0.397819	-0.402156
-0.398654	-0.403289
-0.399097	-0.404241
-0.39945	-0.405557
-0.399047	-0.40634
-0.398655	-0.407233
-0.398777	-0.408869
-0.399478	-0.409923
-0.40014	-0.410984
-0.400612	-0.412033
-0.401014	-0.412732
-0.401521	-0.413508
-0.401539	-0.414167
-0.401017	-0.414817
-0.400608	-0.415331
-0.399016	-0.415732
-0.397394	-0.416554
-0.395834	-0.41734
-0.393666	-0.417654
-0.392066	-0.418249
-0.390223	-0.418511
-0.388394	-0.419083
-0.386864	-0.4191
-0.385612	-0.419542
-0.384458	-0.419945
-0.383346	-0.420306
-0.382412	-0.42076
-0.382064	-0.421517
-0.381699	-0.422358
-0.380987	-0.423093
-0.380336	-0.4238
-0.379796	-0.425282
-0.378784	-0.426215
-0.378171	-0.42675
-0.377723	-0.42785
-0.377244	-0.428375
-0.377035	-0.428934
-0.377444	-0.429633
-0.377803	-0.430566
-0.377353	-0.432
-0.377319	-0.433716
-0.377756	-0.435458
-0.378452	-0.436844
-0.378903	-0.4383
-0.379566	-0.438894
-0.380358	-0.439347
-0.381414	-0.439704
-0.382616	-0.439871
-0.384289	-0.440212
-0.385954	-0.440459
-0.38791	-0.440456
-0.389871	-0.440408
-0.391414	-0.440209
-0.3936	-0.43979
-0.396122	-0.439483
-0.398814	-0.439232
-0.401521	-0.439073
-0.404094	-0.43892
-0.406391	-0.438699
-0.4085	-0.438351
-0.410494	-0.437955
-0.412652	-0.437771
-0.415152	-0.43798
-0.416832	-0.437723
-0.418773	-0.43716
-0.421013	-0.436484
-0.423134	-0.435792
-0.425144	-0.434766
-0.427514	-0.433675
-0.430868	-0.433096
-0.433762	-0.432071
-0.436322	-0.4313
-0.43866	-0.430648
-0.440792	-0.429976
-0.443007	-0.429392
-0.444764	-0.42902
-0.446911	-0.428527
-0.449622	-0.427837
-0.451987	-0.427616
-0.453873	-0.427452
-0.455926	-0.427705
-0.458358	-0.428287
-0.460386	-0.429124
-0.462632	-0.430151
-0.465087	-0.430716
-0.467432	-0.431218
-0.469718	-0.43176
-0.471504	-0.432642
-0.473232	-0.433559
-0.474453	-0.433565
-0.475583	-0.433564
-0.477447	-0.433726
-0.479456	-0.433576
-0.481494	-0.43359
-0.483687	-0.433529
-0.485796	-0.43208
-0.487917	-0.431072
-0.489795	-0.430213
-0.492238	-0.429161
-0.494411	-0.428928
-0.496977	-0.429116
-0.499103	-0.429017
-0.501261	-0.429585
-0.50334	-0.430756
-0.505415	-0.431921
-0.507359	-0.433049
-0.508934	-0.433729
-0.510741	-0.434021
-0.51202	-0.43375
-0.512646	-0.433412
-0.513442	-0.433
-0.514216	-0.432299
-0.51489	-0.431347
-0.515345	-0.430187
-0.515807	-0.428762
-0.516149	-0.427205
-0.517117	-0.42557
-0.51814	-0.424042
-0.519797	-0.422338
-0.521599	-0.420773
-0.523479	-0.41922
-0.524694	-0.417999
-0.526107	-0.417126
-0.527177	-0.41607
-0.528216	-0.415174
-0.528891	-0.415033
-0.529459	-0.414802
-0.529353	-0.414806
-0.529068	-0.415088
-0.5285	-0.415638
-0.527703	-0.415853
-0.526753	-0.415968
-0.525496	-0.415915
-0.523865	-0.415135
-0.522084	-0.414824
-0.520109	-0.414612
-0.51885	-0.4141
-0.51733	-0.413941
-0.515769	-0.413903
-0.514267	-0.413995
-0.51283	-0.413941
-0.511361	-0.41392
-0.509436	-0.413821
-0.507646	-0.413885
-0.506007	-0.414239
-0.504228	-0.414814
-0.502799	-0.415989
-0.501335	-0.416939
-0.500431	-0.417858
-0.499952	-0.418844
-0.499741	-0.41993
-0.499494	-0.420988
-0.499884	-0.42208
-0.500223	-0.424107
-0.500398	-0.425576
-0.500759	-0.427436
-0.500536	-0.429341
-0.500143	-0.431551
-0.500357	-0.43321
-0.500629	-0.435062
-0.501283	-0.436645
-0.501883	-0.437887
-0.502192	-0.439086
-0.502464	-0.439642
-0.502774	-0.440691
-0.502992	-0.441699
-0.502944	-0.443237
-0.502943	-0.44456
-0.502869	-0.445242
-0.502923	-0.446402
-0.503138	-0.447604
-0.502956	-0.448831
-0.502709	-0.450025
-0.502	-0.45098
-0.501356	-0.452006
-0.501354	-0.452954
-0.500545	-0.453741
-0.499266	-0.454051
-0.497931	-0.454613
-0.496123	-0.455079
-0.492957	-0.455647
-0.489866	-0.4563
-0.487226	-0.456786
-0.484763	-0.457175
-0.482426	-0.457273
-0.480826	-0.457446
-0.479229	-0.457577
-0.477434	-0.457474
-0.476036	-0.457005
-0.474581	-0.456506
-0.473777	-0.455312
-0.472107	-0.454062
-0.470527	-0.45273
-0.469644	-0.45094
-0.469759	-0.448777
-0.469957	-0.446625
-0.469866	-0.443881
-0.469804	-0.44142
-0.469251	-0.43963
-0.468338	-0.438023
-0.46769	-0.436284
-0.467316	-0.434724
-0.46699	-0.433175
-0.46673	-0.431847
-0.465537	-0.430507
-0.464355	-0.429255
-0.463379	-0.428167
-0.462346	-0.427067
-0.461346	-0.426064
-0.460349	-0.425043
-0.458904	-0.422892
-0.457571	-0.420684
-0.456343	-0.418516
-0.455122	-0.416452
-0.453537	-0.414214
-0.452027	-0.412323
-0.450645	-0.411193
-0.44936	-0.410305
-0.447848	-0.409453
-0.446348	-0.408478
-0.444797	-0.407725
-0.443463	-0.406174
-0.442026	-0.405362
-0.440595	-0.404196
-0.439027	-0.402734
-0.436612	-0.400456
-0.434505	-0.398012
-0.433362	-0.395705
-0.43251	-0.393805
-0.431201	-0.391233
-0.430051	-0.38932
-0.429264	-0.387727
-0.428614	-0.386489
-0.428041	-0.385499
-0.42721	-0.384465
-0.426555	-0.383684
-0.425677	-0.382927
-0.424387	-0.382616
-0.423725	-0.383202
-0.423055	-0.384134
-0.422331	-0.385381
-0.421472	-0.387325
-0.420583	-0.389022
-0.419665	-0.390926
-0.4186	-0.393714
-0.416593	-0.396509
-0.414469	-0.399773
-0.411999	-0.403972
-0.409298	-0.407742
-0.406936	-0.411008
-0.404752	-0.41395
-0.4029	-0.416704
-0.401401	-0.419049
-0.400561	-0.42188
-0.399915	-0.424716
-0.399137	-0.427171
-0.399146	-0.430166
-0.399222	-0.433006
-0.399376	-0.435793
-0.39853	-0.437914
-0.397903	-0.439602
-0.397773	-0.441392
-0.397897	-0.442906
-0.398052	-0.444283
-0.39846	-0.445736
-0.398952	-0.446475
-0.399222	-0.447206
-0.399628	-0.447803
-0.400386	-0.448786
-0.401213	-0.449865
-0.402218	-0.450831
-0.403391	-0.451736
-0.404293	-0.451679
-0.405292	-0.451556
-0.406525	-0.451194
-0.408232	-0.450467
-0.409967	-0.450349
-0.412319	-0.449926
-0.41449	-0.449821
-0.416517	-0.449585
-0.418627	-0.44927
-0.420414	-0.449237
-0.422308	-0.449476
-0.424281	-0.449451
-0.426551	-0.449206
-0.42907	-0.448777
-0.432063	-0.44789
-0.434322	-0.446907
-0.436376	-0.446057
-0.437921	-0.444588
-0.440038	-0.443232
-0.442025	-0.441902
-0.443927	-0.440575
-0.446219	-0.439279
-0.448095	-0.438022
-0.450108	-0.43635
-0.451924	-0.434737
-0.453689	-0.433172
-0.455085	-0.431807
-0.456251	-0.430707
-0.457459	-0.429673
-0.458613	-0.428916
-0.459631	-0.428756
-0.460326	-0.428352
-0.461208	-0.427599
-0.461966	-0.427021
-0.462658	-0.426589
-0.462557	-0.425982
-0.462284	-0.425309
-0.461515	-0.424904
-0.460728	-0.424807
-0.459839	-0.425346
-0.458861	-0.426466
-0.458436	-0.427787
-0.457802	-0.429503
-0.457521	-0.431468
-0.456634	-0.432782
-0.454716	-0.433957
-0.45283	-0.435011
-0.45094	-0.435678
-0.45005	-0.43638
-0.449984	-0.436843
-0.449917	-0.43737
-0.449787	-0.437915
-0.449762	-0.43905
-0.449862	-0.44031
-0.449902	-0.441582
-0.449983	-0.442244
-0.449659	-0.443152
-0.449024	-0.443182
-0.447862	-0.44322
-0.446662	-0.443113
-0.44533	-0.443208
-0.444488	-0.443281
-0.44392	-0.443567
-0.44313	-0.444414
-0.441905	-0.44548
-0.440625	-0.446802
-0.438669	-0.448335
-0.436927	-0.449624
-0.435414	-0.450411
-0.433558	-0.450942
-0.431623	-0.451374
-0.429804	-0.451612
-0.427971	-0.451502
-0.426587	-0.451356
-0.424491	-0.451275
-0.422639	-0.450646
-0.421327	-0.451355
-0.42048	-0.452101
-0.41984	-0.45279
-0.420322	-0.453221
-0.420872	-0.453652
-0.421902	-0.454266
-0.423174	-0.454766
-0.424812	-0.45558
-0.426547	-0.456233
-0.428539	-0.456636
-0.430443	-0.456964
-0.431837	-0.457198
-0.434204	-0.456768
-0.436209	-0.456545
-0.438815	-0.456183
-0.441363	-0.455467
-0.44379	-0.455429
-0.446002	-0.455509
-0.448226	-0.455739
-0.4498	-0.456439
-0.451654	-0.456799
-0.453498	-0.457201
-0.455304	-0.457347
-0.456944	-0.456921
-0.458429	-0.457163
-0.459864	-0.457353
-0.461672	-0.457857
-0.463245	-0.457943
-0.464688	-0.457617
-0.465976	-0.457995
-0.466761	-0.458621
-0.467845	-0.458894
-0.469099	-0.459729
-0.46976	-0.460837
-0.470683	-0.462043
-0.471626	-0.463388
-0.472126	-0.464439
-0.472586	-0.465065
-0.473137	-0.465619
-0.473558	-0.465675
-0.473631	-0.465574
-0.473888	-0.464902
-0.474268	-0.464209
-0.474493	-0.463576
-0.474937	-0.462869
-0.475572	-0.461274
-0.475437	-0.458907
-0.475272	-0.456944
-0.474469	-0.45553
-0.473583	-0.453963
-0.472046	-0.452351
-0.470478	-0.450776
-0.468552	-0.450267
-0.46675	-0.450319
-0.46466	-0.450305
-0.462869	-0.450461
-0.461187	-0.450743
-0.459367	-0.45118
-0.457483	-0.451862
-0.45608	-0.452182
-0.454634	-0.45242
-0.453028	-0.452537
-0.451118	-0.45234
-0.449843	-0.451687
-0.448396	-0.450908
-0.447286	-0.450998
-0.446263	-0.450742
-0.445403	-0.450575
-0.443804	-0.45008
-0.442134	-0.449404
-0.44082	-0.448615
-0.4393	-0.447923
-0.437471	-0.44689
-0.435413	-0.446221
-0.433439	-0.445228
-0.430906	-0.443675
-0.428711	-0.442324
-0.426771	-0.441078
-0.425064	-0.439907
-0.423966	-0.438956
-0.422946	-0.43814
-0.42137	-0.436971
-0.420251	-0.435946
-0.41888	-0.435107
-0.417733	-0.434415
-0.416401	-0.433523
-0.414923	-0.432719
-0.412671	-0.432196
-0.410425	-0.431661
-0.408112	-0.431249
-0.405944	-0.43102
-0.403863	-0.430901
-0.402315	-0.430851
-0.401124	-0.431023
-0.400163	-0.431369
-0.400533	-0.430942
-0.401135	-0.430524
-0.401946	-0.42965
-0.402817	-0.428148
-0.403269	-0.427143
-0.40323	-0.426452
-0.402856	-0.42574
-0.403891	-0.425157
-0.404995	-0.424959
-0.406199	-0.424784
-0.406862	-0.424822
-0.407637	-0.42448
-0.408621	-0.42423
-0.409448	-0.423516
-0.410699	-0.422477
-0.411624	-0.421336
-0.41263	-0.420162
-0.412227	-0.418096
-0.412156	-0.415851
-0.412673	-0.414022
-0.413223	-0.412694
-0.41361	-0.41133
-0.414051	-0.409986
-0.414688	-0.409526
-0.415612	-0.409476
-0.417267	-0.409214
-0.418847	-0.409227
-0.420683	-0.40992
-0.423219	-0.41081
-0.425775	-0.41199
-0.427197	-0.413392
-0.428694	-0.414888
-0.430216	-0.416061
-0.431759	-0.416918
-0.433279	-0.417592
-0.435343	-0.418082
-0.437258	-0.419003
-0.439044	-0.420002
-0.441536	-0.421231
-0.443603	-0.422204
-0.445258	-0.4227
-0.447242	-0.423209
-0.449294	-0.423686
-0.451143	-0.424347
-0.453018	-0.425259
-0.455371	-0.425972
-0.457156	-0.426959
-0.458872	-0.428239
-0.460343	-0.430056
-0.461756	-0.432057
-0.46296	-0.434547
-0.464077	-0.437101
-0.465411	-0.439988
-0.466471	-0.442953
-0.467325	-0.445901
-0.468144	-0.448753
-0.469415	-0.451627
-0.471547	-0.454434
-0.473484	-0.456992
-0.475631	-0.459285
-0.477534	-0.461503
-0.47897	-0.463009
-0.480346	-0.464258
-0.481379	-0.465156
-0.481648	-0.465507
-0.481691	-0.465339
-0.482434	-0.464257
-0.483172	-0.462485
-0.483956	-0.460484
-0.484695	-0.459145
-0.485286	-0.458047
-0.485461	-0.457644
-0.485596	-0.45733
-0.485642	-0.456867
-0.486002	-0.456319
-0.485725	-0.455836
-0.485316	-0.455176
-0.485857	-0.454844
-0.486311	-0.454545
-0.486746	-0.454236
-0.487427	-0.454335
-0.488244	-0.454614
-0.489653	-0.454806
-0.491049	-0.455392
-0.492485	-0.456215
-0.493975	-0.457425
-0.495147	-0.45849
-0.496067	-0.459452
-0.496774	-0.460322
-0.497692	-0.461122
-0.498432	-0.462067
-0.499445	-0.463303
-0.50077	-0.464583
-0.50148	-0.465849
-0.50256	-0.467137
-0.502607	-0.468324
-0.501738	-0.469087
-0.500397	-0.469913
-0.49966	-0.470978
-0.499798	-0.471568
-0.500128	-0.471979
-0.500566	-0.472547
-0.500905	-0.473015
-0.50118	-0.473033
-0.501567	-0.473017
-0.501611	-0.47276
-0.50121	-0.472291
-0.500821	-0.470801
-0.500583	-0.469259
-0.500007	-0.467508
-0.498911	-0.464945
-0.497628	-0.462227
-0.496582	-0.459916
-0.495376	-0.458093
-0.493806	-0.456289
-0.492097	-0.454405
-0.490442	-0.452682
-0.48886	-0.451413
-0.487452	-0.450715
-0.48595	-0.450175
-0.483931	-0.449083
-0.481176	-0.447863
-0.478985	-0.447266
-0.477179	-0.446955
-0.475299	-0.446538
-0.47265	-0.446798
-0.470046	-0.446761
-0.467921	-0.447323
-0.465628	-0.447984
-0.463402	-0.448895
-0.460758	-0.450326
-0.458022	-0.451298
-0.455856	-0.452403
-0.454462	-0.453217
-0.452856	-0.454895
-0.451355	-0.4559
-0.450113	-0.457234
-0.449404	-0.45773
-0.449057	-0.458305
-0.448647	-0.459115
-0.448687	-0.460149
-0.44966	-0.462482
-0.450418	-0.463851
-0.450818	-0.465181
-0.450953	-0.466219
-0.451508	-0.465797
-0.45226	-0.464811
-0.45319	-0.46389
-0.45467	-0.46232
-0.4562	-0.460547
-0.457812	-0.458643
-0.45917	-0.456401
-0.460553	-0.454349
-0.461288	-0.452749
-0.462147	-0.451707
-0.463196	-0.450795
-0.464055	-0.450183
-0.465179	-0.449611
-0.466165	-0.44927
-0.466722	-0.450069
-0.467899	-0.450452
-0.468299	-0.451265
-0.468764	-0.452694
-0.468693	-0.454439
-0.468351	-0.456254
-0.468338	-0.458191
-0.468269	-0.46055
-0.468362	-0.463456
-0.468455	-0.465603
-0.468704	-0.467624
-0.468849	-0.468789
-0.468705	-0.47024
-0.468656	-0.471189
-0.468793	-0.472757
-0.469287	-0.4742
-0.470151	-0.475497
-0.471073	-0.477189
-0.471819	-0.478482
-0.472767	-0.479685
-0.47334	-0.480387
-0.474045	-0.480956
-0.47483	-0.482117
-0.475505	-0.483174
-0.476364	-0.48359
-0.477644	-0.483592
-0.479512	-0.483524
-0.482297	-0.483403
-0.485105	-0.482835
-0.488493	-0.482509
-0.491956	-0.481904
-0.494839	-0.481405
-0.497608	-0.480937
-0.499877	-0.479877
-0.502161	-0.479042
-0.504588	-0.477989
-0.506942	-0.47673
-0.508856	-0.474729
-0.51052	-0.472717
-0.511733	-0.470766
-0.512801	-0.468774
-0.513532	-0.467408
-0.514226	-0.465749
-0.514797	-0.464332
-0.515306	-0.462745
-0.515643	-0.461101
-0.515963	-0.459475
-0.516584	-0.457719
-0.516845	-0.455901
-0.516672	-0.45457
-0.516159	-0.453038
-0.515619	-0.451182
-0.514988	-0.449286
-0.513615	-0.447635
-0.511915	-0.445921
-0.510209	-0.444051
-0.508719	-0.442348
-0.506445	-0.439948
-0.504331	-0.43693
-0.502988	-0.433759
-0.502089	-0.431313
-0.50132	-0.429597
-0.50073	-0.428902
-0.500355	-0.428435
-0.500565	-0.428115
-0.500965	-0.427755
-0.501381	-0.427283
-0.501307	-0.427186
-0.50137	-0.42719
-0.502337	-0.42776
-0.503824	-0.428587
-0.505433	-0.429837
-0.507243	-0.431294
-0.508524	-0.433976
-0.509291	-0.436065
-0.510013	-0.437857
-0.51062	-0.439458
-0.511117	-0.441045
-0.511895	-0.442685
-0.511698	-0.443883
-0.511174	-0.445198
-0.510187	-0.447013
-0.508655	-0.449374
-0.507019	-0.451506
-0.505233	-0.453374
-0.503012	-0.455003
-0.500634	-0.456738
-0.498229	-0.458251
-0.4956	-0.459793
-0.49282	-0.461782
-0.489754	-0.463982
-0.487244	-0.465331
-0.485208	-0.466375
-0.483393	-0.466556
-0.481837	-0.466249
-0.480008	-0.46633
-0.478291	-0.465236
-0.476634	-0.463843
-0.474972	-0.462183
-0.473497	-0.461475
-0.471876	-0.460845
-0.470074	-0.460448
-0.46771	-0.461077
-0.464817	-0.462281
-0.462371	-0.463517
-0.460519	-0.464109
-0.458457	-0.463945
-0.456655	-0.463423
-0.455341	-0.462463
-0.453953	-0.460976
-0.453172	-0.46038
-0.452619	-0.459979
-0.451902	-0.460463
-0.451417	-0.462056
-0.450821	-0.464148
-0.450389	-0.465235
-0.450002	-0.465562
-0.44991	-0.465348
-0.449632	-0.463263
-0.449419	-0.460651
-0.449399	-0.458937
-0.449429	-0.457882
-0.449671	-0.45705
-0.450253	-0.456465
-0.450869	-0.455972
-0.452102	-0.455661
-0.453341	-0.455168
-0.455811	-0.454381
-0.458797	-0.453651
-0.462063	-0.453065
-0.465861	-0.452148
-0.468909	-0.451579
-0.471711	-0.451894
-0.473871	-0.452113
-0.476027	-0.453007
-0.47811	-0.454132
-0.479888	-0.455595
-0.481628	-0.457185
-0.482693	-0.459269
-0.484073	-0.461096
-0.486445	-0.46407
-0.488525	-0.466569
-0.490571	-0.468683
-0.492735	-0.470173
-0.494562	-0.470946
-0.496112	-0.471292
-0.49733	-0.471351
-0.498355	-0.471312
-0.498982	-0.471394
-0.500367	-0.471502
-0.501691	-0.471601
-0.502834	-0.47132
-0.503889	-0.470819
-0.504942	-0.470295
-0.505987	-0.46928
-0.506695	-0.46807
-0.507116	-0.466887
-0.507508	-0.465406
-0.507805	-0.463735
-0.507918	-0.461718
-0.508364	-0.45983
-0.508455	-0.4582
-0.508624	-0.456082
-0.508851	-0.453736
-0.508909	-0.45172
-0.508583	-0.450017
-0.508033	-0.448228
-0.507508	-0.446276
-0.506537	-0.444751
-0.506165	-0.442461
-0.505653	-0.44038
-0.505067	-0.438532
-0.505366	-0.436291
-0.505377	-0.434752
-0.504557	-0.433978
-0.502555	-0.433159
-0.500626	-0.432749
-0.4986	-0.43255
-0.49738	-0.432585
-0.496173	-0.432764
-0.495099	-0.433304
-0.494086	-0.434073
-0.492202	-0.435338
-0.489922	-0.436083
-0.486799	-0.437266
-0.483477	-0.438582
-0.480373	-0.440147
-0.477155	-0.442084
-0.474067	-0.444466
-0.471691	-0.446888
-0.469318	-0.449524
-0.466751	-0.452647
-0.463875	-0.455959
-0.461009	-0.459284
-0.459051	-0.463178
-0.457671	-0.465648
-0.457255	-0.466248
-0.457041	-0.465138
-0.456865	-0.463281
-0.456853	-0.461039
-0.457193	-0.459452
-0.457597	-0.458111
-0.458937	-0.457499
-0.459489	-0.456165
-0.46045	-0.454546
-0.461971	-0.453596
-0.463725	-0.452568
-0.465198	-0.451991
-0.466337	-0.451931
-0.466666	-0.452679
-0.466926	-0.453974
-0.466885	-0.455244
-0.46665	-0.45777
-0.46587	-0.461413
-0.465067	-0.46511
-0.464121	-0.46806
-0.463581	-0.469757
-0.463328	-0.47161
-0.463398	-0.471844
-0.463633	-0.471523
-0.464294	-0.469938
-0.464871	-0.467258
-0.465521	-0.464289
-0.4668	-0.460854
-0.467699	-0.45864
-0.467948	-0.457855
-0.468033	-0.457768
-0.468107	-0.458226
-0.468225	-0.459784
-0.468389	-0.462249
-0.468559	-0.465288
-0.468074	-0.468324
-0.467509	-0.470324
-0.467615	-0.473007
-0.467717	-0.474902
-0.467959	-0.476317
-0.468648	-0.476672
-0.46954	-0.476812
-0.471581	-0.476845
-0.473919	-0.476672
-0.477175	-0.476609
-0.480333	-0.47664
-0.483603	-0.476546
-0.487067	-0.476372
-0.490784	-0.475736
-0.4946	-0.474953
-0.497753	-0.474322
-0.500212	-0.473213
-0.501906	-0.472034
-0.503472	-0.470734
-0.504855	-0.46923
-0.506021	-0.467627
-0.506402	-0.465983
-0.506834	-0.463732
-0.507313	-0.461272
-0.507736	-0.459391
-0.507719	-0.457681
-0.507549	-0.456184
-0.507846	-0.455349
-0.507852	-0.454604
-0.507658	-0.453524
-0.507521	-0.452418
-0.507268	-0.451854
-0.506892	-0.451506
-0.506049	-0.451277
-0.504773	-0.45034
-0.503478	-0.449588
-0.501946	-0.448428
-0.50043	-0.447974
-0.499339	-0.447677
-0.497938	-0.447807
-0.495824	-0.447936
-0.49355	-0.448071
-0.491054	-0.448673
-0.487622	-0.450096
-0.484055	-0.451672
-0.480629	-0.45354
-0.477407	-0.455591
-0.474275	-0.457934
-0.471345	-0.460604
-0.468747	-0.463404
-0.466876	-0.465453
-0.465637	-0.46697
-0.46489	-0.468102
-0.464476	-0.468758
-0.464208	-0.469227
-0.464076	-0.468599
-0.46412	-0.467822
-0.464497	-0.466707
-0.465416	-0.465873
-0.466821	-0.464711
-0.469034	-0.462936
-0.471547	-0.460424
-0.473489	-0.458444
-0.475001	-0.457592
-0.476153	-0.457362
-0.478006	-0.4581
-0.480189	-0.45962
-0.482689	-0.461521
-0.485329	-0.463816
-0.488072	-0.46625
-0.491692	-0.468007
-0.494584	-0.469472
-0.496087	-0.469935
-0.497342	-0.470133
-0.498205	-0.470205
-0.499585	-0.469292
-0.50096	-0.467807
-0.502696	-0.466335
-0.504598	-0.465257
-0.506244	-0.464029
-0.506955	-0.462557
-0.507844	-0.460758
-0.508632	-0.459373
-0.509111	-0.458792
-0.509363	-0.458408
-0.509448	-0.458405
-0.509676	-0.458678
-0.509755	-0.459381
-0.509335	-0.461287
-0.509567	-0.463677
-0.509115	-0.465889
-0.509337	-0.467647
-0.509295	-0.469239
-0.509218	-0.470623
-0.508789	-0.47213
-0.508092	-0.473264
-0.507529	-0.474546
-0.507029	-0.475706
-0.506382	-0.47678
-0.505332	-0.477465
-0.503687	-0.477808
-0.501366	-0.477789
-0.499027	-0.477853
-0.496546	-0.478007
-0.493787	-0.477784
-0.490706	-0.47713
-0.489191	-0.477149
-0.488526	-0.477298
-0.488449	-0.477261
-0.487608	-0.477577
-0.487398	-0.477566
-0.487729	-0.477395
-0.488728	-0.477454
-0.491393	-0.47724
-0.493597	-0.476658
-0.495959	-0.476462
-0.498085	-0.476189
-0.500233	-0.475575
-0.50226	-0.475518
-0.503467	-0.475774
-0.504698	-0.475585
-0.506127	-0.475222
-0.507589	-0.474922
-0.509206	-0.47455
-0.510522	-0.474135
-0.511824	-0.473582
-0.51334	-0.473111
-0.514129	-0.472714
-0.515263	-0.472244
-0.517175	-0.473086
-0.519002	-0.473754
-0.520618	-0.474264
-0.521949	-0.475191
-0.522424	-0.475585
-0.52205	-0.47553
-0.520882	-0.475269
-0.518488	-0.474654
-0.516176	-0.474028
-0.513938	-0.473663
-0.51136	-0.473458
-0.508772	-0.473749
-0.506508	-0.474037
-0.50445	-0.474192
-0.502958	-0.473989
-0.502329	-0.473822
-0.501583	-0.473584
-0.500328	-0.47341
-0.498907	-0.473166
-0.49732	-0.472721
-0.495461	-0.472266
-0.493541	-0.472143
-0.491565	-0.471815
-0.489899	-0.471508
-0.488542	-0.470953
-0.487915	-0.470475
-0.488078	-0.470998
-0.488735	-0.471862
-0.489911	-0.47299
-0.491703	-0.474268
-0.493544	-0.475627
-0.495562	-0.4774
-0.497104	-0.479677
-0.49863	-0.481944
-0.500113	-0.4845
-0.501193	-0.486871
-0.502207	-0.489878
-0.503277	-0.49348
-0.503946	-0.495382
-0.504929	-0.496206
-0.505326	-0.496766
-0.505928	-0.496525
-0.506569	-0.496047
-0.507768	-0.49469
-0.50947	-0.492826
-0.511336	-0.49042
-0.514025	-0.488536
-0.516599	-0.486938
-0.519378	-0.48495
-0.521996	-0.483226
-0.522605	-0.482289
-0.522944	-0.481362
-0.522312	-0.480367
-0.521411	-0.479132
-0.519925	-0.477988
-0.518124	-0.477617
-0.516473	-0.477407
-0.514854	-0.477371
-0.513264	-0.477472
-0.512212	-0.478167
-0.510787	-0.478824
-0.50878	-0.479866
-0.506803	-0.481267
-0.50452	-0.482545
-0.50301	-0.484353
-0.501971	-0.486449
-0.501033	-0.488808
-0.49971	-0.491919
-0.498831	-0.493458
-0.497989	-0.493923
-0.497559	-0.493564
-0.496675	-0.492242
-0.496346	-0.490483
-0.496228	-0.489136
-0.49683	-0.488905
-0.498374	-0.48798
-0.500518	-0.487421
-0.503021	-0.486996
-0.505915	-0.48656
-0.508347	-0.486096
-0.510511	-0.485784
-0.514388	-0.485922
-0.518584	-0.485798
-0.523007	-0.485638
-0.525716	-0.486464
-0.526732	-0.487013
-0.526489	-0.487022
-0.525045	-0.486917
-0.522396	-0.486373
-0.519066	-0.48575
-0.516512	-0.485818
-0.514711	-0.486296
-0.513378	-0.487096
-0.512346	-0.488145
-0.510917	-0.489421
-0.509796	-0.491057
-0.50871	-0.493133
-0.508396	-0.493681
-0.508047	-0.493831
-0.508241	-0.492843
-0.508773	-0.489849
-0.510126	-0.488326
-0.511695	-0.487021
-0.513273	-0.485881
-0.515217	-0.484913
-0.516946	-0.484118
-0.519039	-0.483299
-0.521619	-0.482661
-0.522564	-0.482289
-0.522907	-0.482677
-0.522336	-0.482286
-0.520485	-0.481565
-0.517909	-0.481074
-0.515802	-0.481781
-0.514178	-0.483083
-0.512867	-0.484699
-0.511567	-0.486878
-0.510461	-0.489423
-0.509183	-0.492834
-0.508352	-0.494483
-0.507016	-0.495382
-0.506042	-0.495121
-0.504875	-0.493878
-0.503344	-0.491901
-0.501585	-0.488961
-0.50091	-0.486885
-0.500633	-0.485636
-0.501556	-0.485784
-0.503563	-0.486434
-0.505452	-0.487506
-0.507918	-0.489054
-0.51086	-0.490613
-0.513712	-0.49234
-0.515767	-0.492798
-0.517832	-0.492207
-0.519785	-0.491375
-0.521883	-0.489826
-0.522491	-0.488988
-0.521731	-0.489138
-0.51992	-0.489072
-0.519376	-0.489736
-0.518086	-0.490957
-0.516971	-0.492644
-0.516654	-0.491838
-0.515889	-0.489487
-0.516376	-0.487446
-0.517456	-0.486234
-0.519069	-0.485259
-0.521649	-0.485116
-0.521084	-0.48535
-0.519324	-0.486908
-0.518187	-0.48917
-0.517223	-0.49192
-0.516848	-0.493032
-0.516026	-0.492415
-0.514716	-0.490735
-0.51448	-0.49014
-0.514159	-0.490512
-0.513442	-0.491643
-0.513084	-0.491403
-0.512559	-0.490512
-0.512483	-0.490257
-0.512955	-0.490666
-0.514432	-0.491277
-0.515827	-0.492689
-0.516786	-0.492803
-0.518511	-0.493004
-0.519926	-0.491915
-0.52182	-0.490019
-0.52204	-0.488837
-0.52117	-0.487911
-0.51962	-0.486129
-0.518703	-0.485993
-0.518705	-0.486423
-0.518802	-0.487828
-0.519348	-0.489813
-0.52032	-0.492276
-0.521696	-0.493351
-0.522263	-0.49411
-0.522578	-0.495053
-0.522318	-0.49636
-0.522506	-0.497078
-0.522512	-0.497943
-0.522695	-0.499026
-0.523453	-0.500451
-0.523944	-0.500965
-0.524344	-0.501689
-0.524436	-0.502394
-0.524502	-0.50318
-0.524685	-0.504506
-0.524531	-0.506471
-0.524463	-0.508115
-0.523672	-0.50975
-0.522873	-0.511379
-0.522152	-0.512706
-0.521174	-0.514109
-0.519886	-0.515671
-0.518699	-0.515051
-0.517081	-0.513686
-0.515272	-0.511448
-0.513466	-0.508459
-0.512236	-0.504747
-0.511699	-0.500793
-0.510467	-0.49636
-0.508933	-0.491636
-0.507327	-0.485802
-0.506263	-0.482029
-0.505775	-0.479913
-0.505804	-0.478221
-0.506534	-0.477319
-0.50702	-0.476383
-0.507568	-0.476225
-0.508863	-0.476088
-0.510763	-0.476301
-0.51339	-0.476296
-0.516355	-0.477594
-0.519755	-0.479205
-0.523557	-0.481183
-0.525629	-0.482559
-0.525909	-0.48333
-0.525116	-0.483867
-0.523353	-0.484756
-0.52026	-0.485606
-0.516625	-0.485978
-0.51415	-0.486749
-0.512179	-0.487882
-0.5102	-0.490016
-0.508568	-0.492649
-0.5075	-0.493718
-0.507113	-0.493549
-0.505884	-0.492647
-0.504449	-0.490789
-0.504399	-0.489683
-0.504696	-0.489301
-0.50572	-0.488114
-0.507375	-0.487192
-0.509768	-0.486502
-0.512705	-0.486102
-0.516203	-0.485355
-0.520226	-0.485082
-0.524581	-0.485243
-0.526442	-0.484757
-0.52681	-0.484495
-0.526115	-0.484741
-0.524801	-0.484754
-0.52337	-0.485118
-0.521366	-0.485563
-0.519376	-0.487263
-0.517741	-0.489595
-0.516484	-0.492309
-0.515991	-0.493528
-0.515669	-0.493656
-0.515753	-0.49298
-0.515976	-0.4911
-0.516206	-0.490144
-0.51661	-0.489838
-0.517638	-0.48875
-0.518927	-0.487852
-0.521276	-0.487737
-0.522451	-0.487617
-0.522125	-0.487711
-0.520792	-0.488231
-0.518507	-0.488977
-0.517065	-0.490081
-0.516349	-0.491711
-0.515859	-0.490673
-0.515457	-0.490502
-0.516252	-0.490669
-0.518038	-0.491203
-0.520495	-0.492508
-0.522528	-0.493519
-0.524392	-0.494209
-0.525942	-0.494849
-0.527293	-0.494955
-0.528525	-0.494737
-0.529648	-0.495141
-0.530906	-0.495389
-0.531763	-0.495694
-0.532551	-0.495912
-0.533545	-0.496467
-0.534844	-0.49675
-0.536032	-0.496942
-0.536457	-0.497227
-0.536809	-0.497565
-0.536801	-0.497805
-0.536238	-0.497904
-0.535401	-0.498056
-0.53424	-0.498212
-0.532283	-0.498255
-0.530276	-0.498282
-0.528811	-0.498416
-0.526946	-0.498825
-0.525042	-0.499058
-0.522934	-0.499991
-0.520597	-0.500923
-0.517782	-0.502364
-0.515952	-0.50316
-0.515211	-0.502534
-0.514444	-0.501026
-0.513636	-0.498611
-0.51303	-0.495202
-0.512138	-0.491122
-0.512044	-0.489228
-0.512355	-0.48883
-0.513229	-0.488913
-0.515055	-0.489176
-0.518168	-0.489602
-0.52189	-0.490405
-0.523306	-0.491663
-0.524702	-0.493747
-0.52587	-0.495586
-0.526607	-0.497428
-0.52749	-0.498379
-0.528664	-0.499054
-0.529595	-0.499586
-0.530473	-0.500077
-0.531261	-0.500629
-0.532406	-0.500469
-0.533729	-0.499944
-0.534902	-0.500085
-0.536016	-0.500084
-0.53768	-0.499463
-0.538888	-0.498866
-0.540289	-0.498209
-0.542634	-0.49758
-0.544347	-0.497209
-0.546018	-0.496864
-0.546921	-0.496648
-0.548224	-0.496351
-0.549499	-0.496009
-0.550366	-0.496088
-0.550975	-0.49607
-0.550415	-0.49566
-0.549673	-0.495223
-0.548594	-0.494542
-0.546548	-0.494426
-0.543915	-0.494483
-0.540911	-0.494592
-0.537293	-0.494663
-0.533544	-0.494579
-0.53001	-0.49447
-0.526733	-0.494447
-0.524273	-0.494714
-0.522464	-0.4947
-0.520603	-0.494659
-0.518782	-0.494734
-0.517704	-0.493949
-0.516489	-0.492203
-0.515161	-0.489676
-0.514752	-0.488484
-0.514393	-0.488089
-0.514911	-0.488421
-0.515093	-0.490362
-0.515573	-0.493282
-0.515704	-0.494557
-0.515649	-0.494545
-0.516226	-0.493978
-0.517284	-0.492761
-0.518451	-0.490712
-0.519463	-0.489751
-0.521281	-0.489144
-0.521592	-0.489056
-0.520116	-0.488639
-0.519491	-0.488415
-0.519921	-0.488867
-0.521085	-0.4898
-0.520668	-0.490356
-0.5193	-0.49195
-0.519028	-0.492133
-0.519496	-0.491306
-0.520668	-0.490943
-0.520277	-0.489939
-0.517969	-0.488637
-0.517621	-0.488063
-0.517979	-0.487856
-0.519334	-0.487813
-0.52146	-0.488115
-0.521393	-0.488424
-0.520318	-0.489248
-0.518819	-0.490012
-0.518156	-0.491488
-0.51805	-0.491394
-0.517461	-0.489743
-0.517047	-0.489959
-0.517534	-0.49071
-0.518683	-0.492728
-0.519313	-0.49292
-0.520202	-0.492378
-0.521593	-0.491654
-0.522926	-0.49094
-0.523073	-0.491263
-0.522455	-0.491908
-0.521858	-0.492455
-0.521168	-0.492754
-0.520047	-0.492953
-0.519155	-0.491752
-0.518008	-0.489443
-0.517784	-0.488759
-0.518671	-0.48917
-0.520493	-0.489965
-0.520746	-0.49
-0.51899	-0.490286
-0.518143	-0.490551
-0.517877	-0.490815
-0.517591	-0.493071
-0.517505	-0.493704
-0.517762	-0.492972
-0.518307	-0.491068
-0.519715	-0.490226
-0.522343	-0.489512
-0.523014	-0.490055
-0.522596	-0.489157
-0.521148	-0.488075
-0.518865	-0.487088
-0.518772	-0.486376
-0.519393	-0.486747
-0.520948	-0.487959
-0.52128	-0.489304
-0.520651	-0.490888
-0.519013	-0.492839
-0.518227	-0.493314
-0.518361	-0.492821
-0.518511	-0.490955
-0.51933	-0.489926
-0.520989	-0.489991
-0.520994	-0.490081
-0.520146	-0.490814
-0.519938	-0.492688
-0.518923	-0.494337
-0.518774	-0.494475
-0.519289	-0.493952
-0.520326	-0.492495
-0.521391	-0.490624
-0.521424	-0.489608
-0.520219	-0.488959
-0.520124	-0.489129
-0.520089	-0.489843
-0.519757	-0.492152
-0.520145	-0.492501
-0.520642	-0.491974
-0.520759	-0.491437
-0.520675	-0.490574
-0.520199	-0.490148
-0.520386	-0.489706
-0.519268	-0.489971
-0.519062	-0.490667
-0.519084	-0.491847
-0.519206	-0.491446
-0.519335	-0.48966
-0.519897	-0.489007
-0.520857	-0.48854
-0.520493	-0.488583
-0.519042	-0.488517
-0.518843	-0.489427
-0.519384	-0.4914
-0.5201	-0.491598
-0.520902	-0.491229
-0.520222	-0.49126
-0.520421	-0.491789
-0.520734	-0.492651
-0.521298	-0.49342
-0.521948	-0.494817
-0.522547	-0.496475
-0.522628	-0.497502
-0.522083	-0.499288
-0.521446	-0.501395
-0.520829	-0.503789
-0.5201	-0.506877
-0.520015	-0.508529
-0.519941	-0.508656
-0.520565	-0.507798
-0.521267	-0.506945
-0.522114	-0.506445
-0.523417	-0.506116
-0.524862	-0.505866
-0.525858	-0.505826
-0.527167	-0.506022
-0.528329	-0.505847
-0.529536	-0.505577
-0.53084	-0.505513
-0.532413	-0.505268
-0.533949	-0.504742
-0.535764	-0.503824
-0.537759	-0.503141
-0.53976	-0.502326
-0.541675	-0.501724
-0.543677	-0.501081
-0.545994	-0.500453
-0.548332	-0.49974
-0.550331	-0.499615
-0.551642	-0.499807
-0.552149	-0.500017
-0.552034	-0.500423
-0.55151	-0.501332
-0.550552	-0.502644
-0.549257	-0.503987
-0.547557	-0.505567
-0.545569	-0.506957
-0.54351	-0.508122
-0.541796	-0.50908
-0.540631	-0.510432
-0.539476	-0.512071
-0.53819	-0.514448
-0.536689	-0.516707
-0.535205	-0.519104
-0.533527	-0.522282
-0.532401	-0.524586
-0.531485	-0.525709
-0.530482	-0.525133
-0.529482	-0.524619
-0.52827	-0.523754
-0.526834	-0.522416
-0.52524	-0.520998
-0.523712	-0.51888
-0.522025	-0.517313
-0.520775	-0.516648
-0.519815	-0.516777
-0.519148	-0.515907
-0.517778	-0.514206
-0.516346	-0.511422
-0.515093	-0.507823
-0.513266	-0.504167
-0.512057	-0.499564
-0.510738	-0.494564
-0.509542	-0.489297
-0.50911	-0.486056
-0.509351	-0.485687
-0.510423	-0.485825
-0.511705	-0.486006
-0.513936	-0.486565
-0.516719	-0.487705
-0.520568	-0.489469
-0.522372	-0.490735
-0.52273	-0.491505
-0.523389	-0.492208
-0.523903	-0.492878
-0.524467	-0.49442
-0.525137	-0.496183
-0.525551	-0.497591
-0.526123	-0.499419
-0.526125	-0.501688
-0.526358	-0.503766
-0.526624	-0.506136
-0.527139	-0.50895
-0.527497	-0.51191
-0.527712	-0.51513
-0.527876	-0.517774
-0.528681	-0.519932
-0.530299	-0.522813
-0.531145	-0.524639
-0.531516	-0.525868
-0.531985	-0.526666
-0.532593	-0.526198
-0.533676	-0.525737
-0.535368	-0.524997
-0.537107	-0.523739
-0.538967	-0.522053
-0.540958	-0.51967
-0.542874	-0.517993
-0.545145	-0.516884
-0.54726	-0.516257
-0.549924	-0.515929
-0.551935	-0.516403
-0.552119	-0.517352
-0.551248	-0.518418
-0.550111	-0.520066
-0.548611	-0.521921
-0.547641	-0.522725
-0.546551	-0.522783
-0.545359	-0.522333
-0.544068	-0.522318
-0.543015	-0.521709
-0.541908	-0.520706
-0.540967	-0.519429
-0.540702	-0.51851
-0.541106	-0.51801
-0.541434	-0.517186
-0.541407	-0.517068
-0.541661	-0.517094
-0.542972	-0.517735
-0.544787	-0.518479
-0.546399	-0.519404
-0.549045	-0.520943
-0.551206	-0.521503
-0.55305	-0.5213
-0.5545	-0.521114
-0.555808	-0.521395
-0.557003	-0.521443
-0.558153	-0.521911
-0.559605	-0.522252
-0.560667	-0.522845
-0.562253	-0.523268
-0.563718	-0.523641
-0.564873	-0.523195
-0.566305	-0.523186
-0.568077	-0.522415
-0.569671	-0.521568
-0.571417	-0.520118
-0.571943	-0.518973
-0.572045	-0.518103
-0.571813	-0.517139
-0.571118	-0.515965
-0.569776	-0.514595
-0.568031	-0.513648
-0.565599	-0.512422
-0.562415	-0.511185
-0.55898	-0.510067
-0.555427	-0.508987
-0.55208	-0.507355
-0.54872	-0.504883
-0.545785	-0.502672
-0.542579	-0.500978
-0.540536	-0.500109
-0.538524	-0.499831
-0.53687	-0.499763
-0.535454	-0.50038
-0.533582	-0.501313
-0.531783	-0.502101
-0.530358	-0.503844
-0.529044	-0.505731
-0.528272	-0.507663
-0.527651	-0.510097
-0.527453	-0.51301
-0.527495	-0.516793
-0.527693	-0.521341
-0.52833	-0.524391
-0.529461	-0.52625
-0.530169	-0.527321
-0.530626	-0.527832
-0.530988	-0.527981
-0.531634	-0.527631
-0.532647	-0.526751
-0.533805	-0.525475
-0.535245	-0.523667
-0.536929	-0.521688
-0.538822	-0.51928
-0.540558	-0.51752
-0.542472	-0.515965
-0.544717	-0.514185
-0.54738	-0.512432
-0.550468	-0.510777
-0.553187	-0.509043
-0.554839	-0.507326
-0.555735	-0.506872
-0.555938	-0.507199
-0.55532	-0.507452
-0.553826	-0.507645
-0.551866	-0.508008
-0.548893	-0.50886
-0.54638	-0.509756
-0.544122	-0.510378
-0.54217	-0.510914
-0.540883	-0.511447
-0.539457	-0.512082
-0.538417	-0.513312
-0.537639	-0.514937
-0.536558	-0.517038
-0.535079	-0.518374
-0.533679	-0.520159
-0.53229	-0.52226
-0.531357	-0.523481
-0.530469	-0.52456
-0.529938	-0.525103
-0.529661	-0.525068
-0.529037	-0.524545
-0.527549	-0.522892
-0.526211	-0.521115
-0.525325	-0.519357
-0.524734	-0.518445
-0.524476	-0.517717
-0.524547	-0.517468
-0.524644	-0.517449
-0.524939	-0.516779
-0.525676	-0.515925
-0.52669	-0.515253
-0.528208	-0.51535
-0.530151	-0.515689
-0.532492	-0.516288
-0.535299	-0.516049
-0.538067	-0.516012
-0.542005	-0.516145
-0.545867	-0.516854
-0.5495	-0.51775
-0.551787	-0.51852
-0.553078	-0.519287
-0.553385	-0.518891
-0.553177	-0.518367
-0.552904	-0.518866
-0.55172	-0.519214
-0.550631	-0.519672
-0.549026	-0.520381
-0.547739	-0.52064
-0.546627	-0.520442
-0.546665	-0.519363
-0.547112	-0.518424
-0.547776	-0.51774
-0.548468	-0.517105
-0.549313	-0.51639
-0.549376	-0.516199
-0.5492	-0.516416
-0.548461	-0.517227
-0.547447	-0.518277
-0.546965	-0.519192
-0.546861	-0.520858
-0.546892	-0.521597
-0.547138	-0.521586
-0.548522	-0.521197
-0.550286	-0.520368
-0.552133	-0.519512
-0.553022	-0.519161
-0.553335	-0.519061
-0.552902	-0.518817
-0.55174	-0.518466
-0.549767	-0.518105
-0.547043	-0.517345
-0.545479	-0.516763
-0.544707	-0.516516
-0.544099	-0.516258
-0.543868	-0.516247
-0.544217	-0.516429
-0.544642	-0.517498
-0.545352	-0.519064
-0.546638	-0.521605
-0.547716	-0.523143
-0.54898	-0.524486
-0.550459	-0.525586
-0.551376	-0.526759
-0.552347	-0.527954
-0.552806	-0.529874
-0.553117	-0.531568
-0.553382	-0.533133
-0.55376	-0.534268
-0.553922	-0.535433
-0.554157	-0.536374
-0.554455	-0.537431
-0.554357	-0.538326
-0.554336	-0.539287
-0.554821	-0.540639
-0.555156	-0.541736
-0.55607	-0.543205
-0.556813	-0.544624
-0.557562	-0.546059
-0.558654	-0.546817
-0.559974	-0.547702
-0.56211	-0.54872
-0.564579	-0.550554
-0.56661	-0.552294
-0.568708	-0.554125
-0.570686	-0.55576
-0.572302	-0.557929
-0.574061	-0.559568
-0.575688	-0.561047
-0.577315	-0.562439
-0.578719	-0.56348
-0.580414	-0.564538
-0.582436	-0.565374
-0.584164	-0.565985
-0.585625	-0.566438
-0.587329	-0.567098
-0.589345	-0.568074
-0.591433	-0.568152
-0.593296	-0.568463
-0.59505	-0.568735
-0.596803	-0.568801
-0.598261	-0.568344
-0.600173	-0.568116
-0.601991	-0.567818
-0.603338	-0.567062
-0.604713	-0.566072
-0.605828	-0.565233
-0.606756	-0.56436
-0.607272	-0.563225
-0.607782	-0.561975
-0.608161	-0.560727
-0.608762	-0.558686
-0.609335	-0.556775
-0.609807	-0.555098
-0.61056	-0.553185
-0.611435	-0.551223
-0.612747	-0.549625
-0.613958	-0.548157
-0.61521	-0.546763
-0.616239	-0.545242
-0.617254	-0.542875
-0.6181	-0.540507
-0.619073	-0.538234
-0.619043	-0.536044
-0.619006	-0.533965
-0.618779	-0.532271
-0.618209	-0.530257
-0.618157	-0.52813
-0.618001	-0.525966
-0.617832	-0.523862
-0.61756	-0.521714
-0.617378	-0.519713
-0.61766	-0.51783
-0.618132	-0.51568
-0.618018	-0.513687
-0.618502	-0.512277
-0.619006	-0.510697
-0.619246	-0.509464
-0.619433	-0.508202
-0.619749	-0.506709
-0.620046	-0.50507
-0.620726	-0.503348
-0.621485	-0.501759
-0.622756	-0.500127
-0.623961	-0.498532
-0.625354	-0.496567
-0.62675	-0.494211
-0.627987	-0.491999
-0.628915	-0.489924
-0.629902	-0.488046
-0.630537	-0.486294
-0.630833	-0.48448
-0.630943	-0.483002
-0.631038	-0.481867
-0.631994	-0.480816
-0.633124	-0.479976
-0.634523	-0.479071
-0.635996	-0.478144
-0.637566	-0.477165
-0.639011	-0.476148
-0.639924	-0.474592
-0.640733	-0.473045
-0.64134	-0.471295
-0.641906	-0.470056
-0.642695	-0.469152
-0.643525	-0.468124
-0.644205	-0.466771
-0.644914	-0.465553
-0.645297	-0.464751
-0.645642	-0.463399
-0.646358	-0.462096
-0.647038	-0.460815
-0.647747	-0.459632
-0.648553	-0.458416
-0.649248	-0.456753
-0.649887	-0.454653
-0.650927	-0.452093
-0.652389	-0.449645
-0.653942	-0.44772
-0.655638	-0.446061
-0.657045	-0.444431
-0.658713	-0.442993
-0.660654	-0.441607
-0.662651	-0.440179
-0.664123	-0.438089
-0.66535	-0.436344
-0.666571	-0.434412
-0.667002	-0.432903
-0.667226	-0.431101
-0.667487	-0.429324
-0.667873	-0.427234
-0.668008	-0.425466
-0.668602	-0.423943
-0.668555	-0.422701
-0.668511	-0.421131
-0.668516	-0.419589
-0.668555	-0.418099
-0.669281	-0.416803
-0.670263	-0.415228
-0.671314	-0.412857
-0.672425	-0.410455
-0.673613	-0.408188
-0.674889	-0.406113
-0.676109	-0.404173
-0.677423	-0.402461
-0.678812	-0.40074
-0.680018	-0.399298
-0.681303	-0.398172
-0.682084	-0.396778
-0.682203	-0.395357
-0.682458	-0.393996
-0.682397	-0.393937
-0.682179	-0.393693
-0.681878	-0.392446
-0.68158	-0.391175
-0.681317	-0.389342
-0.681344	-0.387243
-0.681443	-0.385244
-0.682017	-0.383212
-0.682738	-0.381325
-0.683501	-0.379254
-0.684077	-0.376572
-0.684742	-0.375374
-0.685966	-0.374664
-0.686918	-0.373192
-0.687356	-0.372032
-0.688278	-0.371298
-0.68839	-0.370547
-0.688705	-0.36937
-0.688868	-0.368154
-0.689293	-0.366594
-0.689682	-0.365048
-0.690217	-0.363512
-0.691132	-0.36242
-0.691962	-0.361282
-0.693087	-0.360024
-0.694209	-0.358793
-0.694911	-0.357286
-0.695309	-0.355568
-0.695235	-0.354078
-0.695148	-0.352169
-0.695173	-0.350412
-0.695129	-0.348636
-0.695271	-0.34636
-0.695587	-0.344212
-0.695948	-0.342242
-0.696696	-0.340464
-0.69773	-0.338586
-0.698475	-0.336642
-0.699388	-0.334887
-0.701027	-0.333377
-0.702649	-0.331537
-0.704361	-0.329807
-0.706631	-0.327841
-0.708896	-0.32601
-0.710973	-0.324952
-0.712628	-0.323877
-0.714381	-0.322669
-0.716	-0.321746
-0.717731	-0.320966
-0.71941	-0.320492
-0.720359	-0.320079
-0.721469	-0.319912
-0.722899	-0.320433
-0.724591	-0.320999
-0.726276	-0.321572
-0.727666	-0.322243
-0.729266	-0.322891
-0.730868	-0.322595
-0.732461	-0.322404
-0.734097	-0.322749
-0.735537	-0.322856
-0.737437	-0.323021
-0.739493	-0.322456
-0.741826	-0.32173
-0.74398	-0.321313
-0.746427	-0.320826
-0.748807	-0.320625
-0.750283	-0.320827
-0.751695	-0.32108
-0.753085	-0.321217
-0.753759	-0.321718
-0.754621	-0.32229
-0.75555	-0.323239
-0.756275	-0.324489
-0.756343	-0.32587
-0.756287	-0.32746
-0.756241	-0.329094
-0.756214	-0.330795
-0.755725	-0.331855
-0.755641	-0.332949
-0.755413	-0.333976
-0.754281	-0.335635
-0.753755	-0.338583
-0.753446	-0.341008
-0.753099	-0.343405
-0.752968	-0.345801
-0.75248	-0.348292
-0.751357	-0.349828
-0.749938	-0.351298
-0.748134	-0.352987
-0.745744	-0.35446
-0.743298	-0.355808
-0.741669	-0.356071
-0.739588	-0.356734
-0.737466	-0.357149
-0.736669	-0.357779
-0.736553	-0.357895
-0.736111	-0.358511
-0.73514	-0.359089
-0.734065	-0.35968
-0.732686	-0.359554
-0.731299	-0.36008
-0.729094	-0.360557
-0.727147	-0.360763
-0.725592	-0.361287
-0.723945	-0.361758
-0.722053	-0.362393
-0.71987	-0.361991
-0.717448	-0.361774
-0.715008	-0.361657
-0.712818	-0.361604
-0.710375	-0.361652
-0.708068	-0.361773
-0.706082	-0.362091
-0.703437	-0.362894
-0.700339	-0.364322
-0.697448	-0.365629
-0.694875	-0.367067
-0.692593	-0.368201
-0.690886	-0.370155
-0.688718	-0.371979
-0.686584	-0.373763
-0.685273	-0.376368
-0.68407	-0.379261
-0.682794	-0.382697
-0.681729	-0.385831
-0.679956	-0.388453
-0.678566	-0.39125
-0.677359	-0.393802
-0.677085	-0.396049
-0.677069	-0.3978
-0.677248	-0.399482
-0.676831	-0.400944
-0.676348	-0.402656
-0.675851	-0.404584
-0.675098	-0.406349
-0.67467	-0.408949
-0.674385	-0.411349
-0.674237	-0.413774
-0.674086	-0.416063
-0.67406	-0.418062
-0.674385	-0.421253
-0.674738	-0.424247
-0.675184	-0.426714
-0.675534	-0.429061
-0.675932	-0.431268
-0.676509	-0.433615
-0.67739	-0.436262
-0.677717	-0.438673
-0.678076	-0.440255
-0.67878	-0.440541
-0.67984	-0.440891
-0.681316	-0.440885
-0.682618	-0.440414
-0.683623	-0.439437
-0.684471	-0.437952
-0.685407	-0.436189
-0.686285	-0.434451
-0.687261	-0.433154
-0.688321	-0.431811
-0.689583	-0.43115
-0.690907	-0.430441
-0.692073	-0.429389
-0.692982	-0.427343
-0.693697	-0.424788
-0.694451	-0.422195
-0.695076	-0.419578
-0.695791	-0.417237
-0.696652	-0.415495
-0.697525	-0.413842
-0.69806	-0.412543
-0.698765	-0.41143
-0.699429	-0.410768
-0.700294	-0.409632
-0.701334	-0.408476
-0.702472	-0.407453
-0.703599	-0.406441
-0.705019	-0.405758
-0.706525	-0.405017
-0.707853	-0.403587
-0.709243	-0.401577
-0.710516	-0.400318
-0.712043	-0.398988
-0.713113	-0.397914
-0.714202	-0.396842
-0.715213	-0.395632
-0.715815	-0.394536
-0.716112	-0.392897
-0.716598	-0.391607
-0.717279	-0.390074
-0.717676	-0.388613
-0.718191	-0.387482
-0.718822	-0.385928
-0.719474	-0.384025
-0.720514	-0.382594
-0.722767	-0.381124
-0.724633	-0.379834
-0.726335	-0.37871
-0.728051	-0.376864
-0.730469	-0.37464
-0.732638	-0.372527
-0.734852	-0.370087
-0.73702	-0.368415
-0.738837	-0.366936
-0.740281	-0.365868
-0.741654	-0.364573
-0.742513	-0.363078
-0.743548	-0.36169
-0.743914	-0.3599
-0.743512	-0.358558
-0.74316	-0.357064
-0.742808	-0.355569
-0.742333	-0.354583
-0.741435	-0.353411
-0.741184	-0.352705
-0.741105	-0.350785
-0.740073	-0.348697
-0.739116	-0.346633
-0.738017	-0.34478
-0.737137	-0.342797
-0.736179	-0.340829
-0.735077	-0.33846
-0.733758	-0.335559
-0.732558	-0.332978
-0.730889	-0.330671
-0.729186	-0.328655
-0.727743	-0.32676
-0.72622	-0.324679
-0.724964	-0.32271
-0.723909	-0.320897
-0.723123	-0.319157
-0.72255	-0.31748
-0.721774	-0.315845
-0.720982	-0.313773
-0.720137	-0.311819
-0.719297	-0.309866
-0.718831	-0.307834
-0.717593	-0.305499
-0.716563	-0.303731
-0.715787	-0.3015
-0.714911	-0.29937
-0.713946	-0.297434
-0.712908	-0.295249
-0.711933	-0.293172
-0.71168	-0.29099
-0.711602	-0.288109
-0.711194	-0.284927
-0.710311	-0.282212
-0.709465	-0.27984
-0.708735	-0.278143
-0.707955	-0.276744
-0.707912	-0.275069
-0.70798	-0.273342
-0.708148	-0.271508
-0.708332	-0.26987
-0.708861	-0.268784
-0.709521	-0.267576
-0.710597	-0.266487
-0.711402	-0.26538
-0.712323	-0.264262
-0.713516	-0.263738
-0.714715	-0.26336
-0.716238	-0.262936
-0.71837	-0.261976
-0.721374	-0.261495
-0.724043	-0.260395
-0.725976	-0.258659
-0.727872	-0.257206
-0.729702	-0.255916
-0.73155	-0.254725
-0.733696	-0.253822
-0.735619	-0.253036
-0.737352	-0.252213
-0.73884	-0.2515
-0.74055	-0.250592
-0.742112	-0.250075
-0.742904	-0.249342
-0.743368	-0.248106
-0.744333	-0.246454
-0.745436	-0.244958
-0.746515	-0.243963
-0.747775	-0.242799
-0.749587	-0.241698
-0.750621	-0.240274
-0.751813	-0.238876
-0.753006	-0.237481
-0.754101	-0.236291
-0.755575	-0.236026
-0.757091	-0.235752
-0.758634	-0.235486
-0.760517	-0.23552
-0.762561	-0.235755
-0.764303	-0.236039
-0.765575	-0.236015
-0.766832	-0.235514
-0.768686	-0.235688
-0.770714	-0.235928
-0.772602	-0.236145
-0.774558	-0.236329
-0.776508	-0.236583
-0.778777	-0.237729
-0.781856	-0.239037
-0.784296	-0.240493
-0.787124	-0.241432
-0.78973	-0.242679
-0.791787	-0.243506
-0.793893	-0.244447
-0.795802	-0.245308
-0.797429	-0.246059
-0.798919	-0.246916
-0.800401	-0.247741
-0.802023	-0.248636
-0.803742	-0.24965
-0.805262	-0.251252
-0.806873	-0.252918
-0.807983	-0.254758
-0.808784	-0.25689
-0.810095	-0.258395
-0.811851	-0.259483
-0.813771	-0.260461
-0.81602	-0.261445
-0.817497	-0.261994
-0.818847	-0.262547
-0.820189	-0.262959
-0.821284	-0.264564
-0.823272	-0.266454
-0.825104	-0.268503
-0.827098	-0.270172
-0.828984	-0.271682
-0.831242	-0.272946
-0.834122	-0.274845
-0.836545	-0.276532
-0.839097	-0.277741
-0.841715	-0.278675
-0.843869	-0.279281
-0.845853	-0.280172
-0.848043	-0.280396
-0.850166	-0.280405
-0.852178	-0.280127
-0.854171	-0.279724
-0.856202	-0.279769
-0.858078	-0.279733
-0.858854	-0.279275
-0.858997	-0.278679
-0.859308	-0.277849
-0.860494	-0.277043
-0.862186	-0.276413
-0.863349	-0.276216
-0.865146	-0.27593
-0.867113	-0.27564
-0.869052	-0.275457
-0.87073	-0.275354
-0.87202	-0.274636
-0.872937	-0.274176
-0.873226	-0.274355
-0.873676	-0.274663
-0.873891	-0.27445
-0.874251	-0.273612
-0.87433	-0.272399
-0.874865	-0.271208
-0.875396	-0.270234
-0.875968	-0.269226
-0.876435	-0.2682
-0.876631	-0.266657
-0.877241	-0.264964
-0.878493	-0.263858
-0.87973	-0.262783
-0.880857	-0.261649
-0.882004	-0.260096
-0.883082	-0.258906
-0.884343	-0.257584
-0.885527	-0.256571
-0.886147	-0.255826
-0.887	-0.254841
-0.88814	-0.253751
-0.889591	-0.252379
-0.890846	-0.25093
-0.892161	-0.249695
-0.894384	-0.248349
-0.896513	-0.247298
-0.898577	-0.246309
-0.900575	-0.245199
-0.903186	-0.244411
-0.905167	-0.243756
-0.907692	-0.24227
-0.91059	-0.2412
-0.913444	-0.239601
-0.916306	-0.238623
-0.919069	-0.237559
-0.921559	-0.236499
-0.923455	-0.235785
-0.925757	-0.235117
-0.92807	-0.234562
-0.930149	-0.23487
-0.932391	-0.235394
-0.934993	-0.23587
-0.936821	-0.235868
-0.938913	-0.236438
-0.940777	-0.23679
-0.942528	-0.237299
-0.945103	-0.236765
-0.947254	-0.235119
-0.948983	-0.233493
-0.950614	-0.231971
-0.952155	-0.230307
-0.9537	-0.228752
-0.95402	-0.227898
-0.95432	-0.226882
-0.954515	-0.225749
-0.95476	-0.224419
-0.955049	-0.223022
-0.955899	-0.221901
-0.956711	-0.221584
-0.95765	-0.220906
-0.958988	-0.220523
-0.96043	-0.220219
-0.962175	-0.221011
-0.963574	-0.22145
-0.965135	-0.221658
-0.966109	-0.222935
-0.967313	-0.224343
-0.968401	-0.225928
-0.96927	-0.227054
-0.969738	-0.228045
-0.970926	-0.228914
-0.971448	-0.22966
-0.97269	-0.230564
-0.974032	-0.231544
-0.974949	-0.232497
-0.975695	-0.233342
-0.976371	-0.234664
-0.977635	-0.236542
-0.978814	-0.238695
-0.979791	-0.240624
-0.980824	-0.242619
-0.981936	-0.244375
-0.983087	-0.246115
-0.984163	-0.247806
-0.984936	-0.249671
-0.985949	-0.25135
-0.986914	-0.252969
-0.987761	-0.254521
-0.98868	-0.256074
-0.989564	-0.25739
-0.990443	-0.258669
-0.991348	-0.259859
-0.992112	-0.261048
-0.992844	-0.262224
-0.993851	-0.264041
-0.994972	-0.264754
-0.996239	-0.265539
-0.997876	-0.266329
-0.999669	-0.267133
-1.00155	-0.267742
-1.00339	-0.268645
-1.00549	-0.26926
-1.00795	-0.270882
-1.00974	-0.271436
-1.01132	-0.272249
-1.01259	-0.272928
-1.01451	-0.272071
-1.0166	-0.270956
-1.01875	-0.270002
-1.02066	-0.269075
-1.0229	-0.268533
-1.02475	-0.267018
-1.02607	-0.265751
-1.02769	-0.26438
-1.02898	-0.262893
-1.03025	-0.261364
-1.03178	-0.260035
-1.03322	-0.258771
-1.0345	-0.257752
-1.03529	-0.25767
-1.03616	-0.2574
-1.03693	-0.256134
-1.03766	-0.254455
-1.03827	-0.25219
-1.03857	-0.249894
-1.03818	-0.247526
-1.03742	-0.244985
-1.037	-0.242477
-1.03541	-0.239979
-1.03406	-0.237638
-1.03196	-0.235211
-1.03032	-0.232552
-1.0293	-0.229258
-1.02853	-0.226129
-1.02815	-0.222832
-1.0278	-0.220451
-1.02732	-0.217948
-1.02682	-0.215791
-1.02607	-0.213586
-1.02528	-0.211226
-1.02443	-0.208694
-1.02371	-0.206351
-1.02297	-0.204315
-1.02335	-0.203121
-1.02376	-0.202212
-1.02406	-0.201158
-1.02416	-0.199849
-1.02428	-0.198519
-1.02419	-0.196994
-1.02418	-0.195643
-1.02351	-0.194676
-1.02256	-0.193361
-1.02159	-0.19203
-1.02081	-0.190046
-1.01994	-0.187911
-1.01916	-0.185822
-1.01882	-0.184102
-1.01867	-0.181293
-1.01867	-0.178773
-1.01904	-0.17629
-1.01941	-0.174013
-1.01979	-0.171185
-1.02066	-0.168543
-1.02147	-0.166148
-1.02259	-0.163646
-1.02364	-0.161335
-1.02471	-0.159565
-1.02659	-0.158222
-1.02774	-0.156373
-1.02889	-0.154631
-1.03034	-0.152562
-1.03172	-0.150661
-1.03324	-0.148545
-1.03403	-0.147599
-1.03427	-0.146274
-1.03442	-0.145063
-1.03383	-0.143385
-1.03339	-0.142235
-1.03295	-0.141578
-1.03263	-0.14067
-1.03207	-0.139852
-1.03149	-0.139025
-1.03086	-0.1381
-1.03018	-0.136799
-1.02918	-0.135178
-1.02801	-0.133519
-1.0276	-0.132008
-1.02724	-0.130507
-1.02711	-0.12944
-1.02685	-0.128864
-1.02572	-0.127526
-1.02465	-0.126261
-1.02397	-0.12484
-1.02296	-0.12326
-1.02201	-0.121789
-1.02119	-0.120318
-1.02007	-0.119147
-1.019	-0.118018
-1.01773	-0.117198
-1.01642	-0.116171
-1.01405	-0.115964
-1.01204	-0.115915
-1.01042	-0.115843
-1.00887	-0.115339
-1.00723	-0.114611
-1.00557	-0.114067
-1.00393	-0.113553
-1.003	-0.113318
-1.00193	-0.113105
-1.00085	-0.112977
-0.999808	-0.113273
-0.998838	-0.113459
-0.997625	-0.114397
-0.996977	-0.115404
-0.996448	-0.116751
-0.995998	-0.117989
-0.99546	-0.119209
-0.994911	-0.120494
-0.994687	-0.121736
-0.994466	-0.123028
-0.993795	-0.124748
-0.993003	-0.125566
-0.992356	-0.127106
-0.992064	-0.128798
-0.991599	-0.130286
-0.990096	-0.13114
-0.988916	-0.132335
-0.987717	-0.133664
-0.985843	-0.134796
-0.984007	-0.136389
-0.982405	-0.137228
-0.980561	-0.138505
-0.97854	-0.140982
-0.976582	-0.143315
-0.974801	-0.145536
-0.973702	-0.147961
-0.972852	-0.150086
-0.972096	-0.15167
-0.971531	-0.153982
-0.970632	-0.155764
-0.969332	-0.156959
-0.968057	-0.158051
-0.966696	-0.159867
-0.964855	-0.161493
-0.962935	-0.162865
-0.961763	-0.164724
-0.960603	-0.166802
-0.959465	-0.168723
-0.958697	-0.170586
-0.958044	-0.172148
-0.957714	-0.173604
-0.957345	-0.174998
-0.956547	-0.176166
-0.955854	-0.176452
-0.954352	-0.175878
-0.952915	-0.175321
-0.951826	-0.174381
-0.950733	-0.172852
-0.949607	-0.170877
-0.948296	-0.168626
-0.946701	-0.166266
-0.945375	-0.163817
-0.94439	-0.161853
-0.943281	-0.160357
-0.942359	-0.15866
-0.941889	-0.157412
-0.94187	-0.155922
-0.941788	-0.154565
-0.941815	-0.152941
-0.942289	-0.150916
-0.942768	-0.150144
-0.943268	-0.149178
-0.944013	-0.148775
-0.945188	-0.147915
-0.946437	-0.147215
-0.947779	-0.146546
-0.948602	-0.146279
-0.949477	-0.145181
-0.949605	-0.143029
-0.949704	-0.140823
-0.949798	-0.138645
-0.949839	-0.136383
-0.948978	-0.133864
-0.948214	-0.131498
-0.94751	-0.128665
-0.946822	-0.125905
-0.945739	-0.123333
-0.944728	-0.120839
-0.943628	-0.118692
-0.942154	-0.116995
-0.940368	-0.115824
-0.938806	-0.11512
-0.936944	-0.114128
-0.935219	-0.113154
-0.933664	-0.112152
-0.932411	-0.111308
-0.930901	-0.110362
-0.929172	-0.109229
-0.927051	-0.107703
-0.925149	-0.106283
-0.923181	-0.105152
-0.921527	-0.10381
-0.919808	-0.102432
-0.918299	-0.100602
-0.916867	-0.0989905
-0.915872	-0.0974393
-0.915061	-0.0961355
-0.914074	-0.0945197
-0.913117	-0.0929217
-0.912206	-0.0915503
-0.911321	-0.0901103
-0.910758	-0.0883553
-0.91026	-0.0866186
-0.909588	-0.0846568
-0.909671	-0.0833927
-0.90994	-0.0828185
-0.91036	-0.0820362
-0.910898	-0.0811168
-0.911474	-0.0796725
-0.911488	-0.0786592
-0.911559	-0.0773268
-0.911222	-0.0756595
-0.911251	-0.0736934
-0.911673	-0.0718962
-0.912214	-0.0697826
-0.913563	-0.067668
-0.914549	-0.0658916
-0.916539	-0.0647619
-0.918437	-0.0637229
-0.920319	-0.063263
-0.922706	-0.0630975
-0.925097	-0.0629706
-0.927137	-0.0627475
-0.929309	-0.0627108
-0.931336	-0.0629102
-0.933236	-0.0630545
-0.934605	-0.0632913
-0.935521	-0.0637351
-0.936664	-0.0640859
-0.937966	-0.0646612
-0.938996	-0.0650035
-0.940327	-0.06553
-0.941333	-0.0663076
-0.942519	-0.066989
-0.943705	-0.0681718
-0.945115	-0.0694344
-0.9465	-0.0706387
-0.948127	-0.0731616
-0.949661	-0.0755678
-0.951032	-0.0780211
-0.952527	-0.080568
-0.954486	-0.083384
-0.955996	-0.0859131
-0.957279	-0.0881729
-0.958488	-0.0900088
-0.958931	-0.0921804
-0.959346	-0.0942176
-0.959945	-0.0961873
-0.960591	-0.098154
-0.961211	-0.099419
-0.96217	-0.100541
-0.963308	-0.102021
-0.964638	-0.10353
-0.966813	-0.10425
-0.968755	-0.104788
-0.971476	-0.106426
-0.974511	-0.108022
-0.977764	-0.109396
-0.980152	-0.109856
-0.982375	-0.110315
-0.984915	-0.110953
-0.988084	-0.111778
-0.99058	-0.112958
-0.992869	-0.114097
-0.994894	-0.115063
-0.996998	-0.11603
-0.999011	-0.11699
-1.00111	-0.118169
-1.00264	-0.119232
-1.00396	-0.119724
-1.00562	-0.119858
-1.00795	-0.120265
-1.01041	-0.120853
-1.01255	-0.121615
-1.01486	-0.122153
-1.01709	-0.12273
-1.01922	-0.123279
-1.02145	-0.124583
-1.02357	-0.125494
-1.02573	-0.126357
-1.02773	-0.127078
-1.02902	-0.128419
-1.03044	-0.129921
-1.03211	-0.131349
-1.03399	-0.132845
-1.03618	-0.134304
-1.03837	-0.135556
-1.04044	-0.136878
-1.04246	-0.138196
-1.04437	-0.140062
-1.04565	-0.141428
-1.0477	-0.142313
-1.04879	-0.143352
-1.04934	-0.144674
-1.04985	-0.146033
-1.05008	-0.147274
-1.05	-0.147971
-1.0497	-0.149085
-1.04973	-0.15103
-1.04993	-0.152542
-1.05012	-0.154227
-1.05032	-0.155878
-1.05039	-0.157639
-1.05088	-0.159289
-1.05122	-0.160738
-1.0513	-0.162255
-1.05176	-0.163879
-1.05194	-0.165762
-1.05177	-0.167356
-1.05183	-0.169341
-1.05223	-0.170861
-1.0528	-0.17244
-1.0532	-0.174455
-1.05384	-0.176412
-1.05513	-0.178822
-1.05656	-0.180063
-1.05765	-0.181612
-1.05839	-0.183185
-1.0595	-0.184125
-1.06049	-0.185103
-1.06158	-0.185994
-1.06372	-0.187237
-1.06548	-0.188295
-1.06727	-0.188784
-1.06932	-0.189439
-1.07097	-0.190419
-1.07208	-0.191758
-1.07316	-0.192847
-1.07502	-0.194186
-1.07711	-0.195066
-1.0791	-0.19593
-1.08104	-0.19696
-1.08278	-0.197925
-1.08455	-0.198891
-1.08633	-0.198706
-1.08823	-0.198515
-1.08947	-0.198184
-1.09128	-0.197433
-1.09307	-0.196857
-1.09537	-0.196794
-1.09898	-0.196404
-1.10204	-0.195657
-1.10435	-0.195412
-1.1065	-0.195172
-1.10858	-0.194903
-1.11017	-0.195653
-1.11103	-0.195363
-1.11199	-0.194744
-1.11411	-0.193551
-1.11619	-0.192319
-1.1176	-0.190882
-1.11918	-0.189397
-1.12172	-0.187524
-1.12466	-0.185855
-1.12737	-0.184389
-1.13009	-0.183255
-1.13266	-0.182053
-1.13507	-0.181195
-1.13704	-0.180528
-1.13919	-0.179777
-1.14173	-0.17907
-1.14416	-0.178154
-1.14667	-0.176205
-1.14898	-0.174593
-1.15097	-0.172608
-1.15257	-0.171532
-1.15349	-0.17014
-1.15514	-0.16918
-1.15677	-0.168379
-1.15816	-0.167159
-1.15933	-0.166064
-1.16087	-0.164431
-1.16244	-0.162842
-1.16363	-0.161485
-1.16488	-0.160373
-1.16625	-0.159011
-1.16785	-0.15773
-1.16987	-0.155231
-1.17146	-0.152778
-1.17212	-0.150751
-1.17339	-0.149195
-1.17455	-0.147685
-1.17554	-0.146345
-1.17616	-0.145247
-1.17668	-0.143963
-1.17684	-0.143301
-1.17805	-0.142529
-1.17959	-0.142065
-1.18107	-0.141805
-1.18274	-0.141355
-1.18481	-0.140736
-1.18764	-0.140433
-1.18959	-0.140417
-1.19182	-0.140279
-1.19423	-0.139968
-1.19612	-0.138255
-1.19789	-0.137505
-1.19945	-0.13722
-1.20103	-0.136955
-1.20292	-0.136483
-1.20471	-0.136011
-1.20704	-0.135541
-1.20821	-0.134385
-1.20993	-0.133331
-1.21196	-0.131892
-1.21399	-0.130857
-1.21695	-0.129319
-1.22035	-0.127246
-1.22316	-0.125287
-1.22482	-0.122438
-1.22695	-0.120574
-1.22919	-0.119369
-1.23126	-0.117885
-1.23291	-0.116252
-1.2345	-0.114587
-1.23567	-0.113277
-1.23676	-0.112383
-1.23774	-0.111557
-1.23867	-0.110669
-1.23939	-0.110514
-1.23956	-0.111313
-1.23987	-0.112526
-1.24021	-0.114514
-1.23989	-0.116188
-1.23969	-0.118318
-1.23975	-0.120517
-1.23907	-0.12279
-1.23834	-0.125011
-1.23818	-0.127145
-1.23705	-0.129445
-1.23584	-0.132331
-1.23475	-0.134981
-1.23427	-0.137598
-1.23383	-0.140058
-1.23283	-0.142515
-1.23152	-0.144995
-1.23054	-0.147386
-1.22902	-0.148845
-1.22761	-0.150296
-1.22657	-0.151638
-1.22512	-0.152922
-1.22385	-0.15408
-1.22314	-0.154527
-1.22182	-0.155205
-1.22074	-0.15608
-1.21944	-0.15702
-1.21824	-0.158254
-1.21637	-0.160516
-1.21491	-0.16237
-1.21422	-0.164313
-1.21377	-0.166119
-1.21299	-0.167664
-1.21217	-0.168706
-1.21144	-0.169711
-1.21037	-0.170998
-1.20923	-0.172538
-1.20854	-0.174218
-1.20837	-0.17565
-1.20758	-0.177185
-1.20767	-0.179124
-1.20824	-0.179956
-1.2089	-0.180912
-1.20941	-0.181986
-1.20988	-0.183013
-1.21109	-0.184948
-1.21213	-0.186452
-1.21319	-0.187959
-1.21411	-0.188633
-1.21475	-0.18899
-1.21509	-0.189513
-1.21547	-0.190768
-1.21593	-0.192552
-1.21632	-0.194545
-1.21724	-0.196603
-1.2178	-0.198848
-1.2179	-0.200609
-1.21793	-0.201543
-1.21798	-0.202537
-1.21795	-0.203762
-1.21795	-0.205064
-1.21787	-0.206273
-1.21775	-0.207534
-1.21847	-0.20931
-1.21922	-0.211303
-1.21983	-0.213119
-1.22051	-0.214268
-1.22166	-0.215165
-1.2233	-0.216403
-1.22488	-0.217602
-1.22691	-0.21897
-1.22867	-0.220454
-1.2298	-0.2215
-1.23117	-0.222891
-1.2324	-0.224024
-1.23373	-0.225204
-1.23505	-0.226757
-1.23645	-0.228556
-1.23763	-0.230102
-1.23892	-0.232121
-1.2403	-0.233261
-1.24133	-0.234624
-1.24227	-0.23628
-1.24326	-0.237714
-1.24375	-0.239499
-1.24459	-0.241008
-1.24526	-0.2428
-1.24609	-0.244721
-1.24693	-0.246546
-1.24776	-0.248067
-1.24864	-0.249554
-1.24933	-0.251178
-1.24899	-0.251914
-1.24843	-0.252254
-1.24796	-0.252974
-1.24756	-0.253619
-1.24772	-0.255211
-1.24714	-0.256601
-1.24758	-0.258237
-1.248	-0.259962
-1.24865	-0.261944
-1.25001	-0.263714
-1.25134	-0.265299
-1.25268	-0.266346
-1.25451	-0.267381
-1.25648	-0.268134
-1.2582	-0.268593
-1.26	-0.268841
-1.26201	-0.269243
-1.26376	-0.269413
-1.26553	-0.269586
-1.26725	-0.269653
-1.26878	-0.269617
-1.27	-0.26946
-1.27192	-0.269398
-1.27342	-0.269222
-1.27495	-0.269037
-1.27665	-0.268428
-1.27761	-0.267748
-1.27838	-0.266864
-1.27899	-0.266862
-1.27991	-0.266469
-1.28112	-0.26608
-1.28219	-0.265187
-1.28376	-0.264506
-1.28558	-0.264236
-1.28734	-0.263983
-1.28916	-0.263645
-1.29094	-0.26331
-1.29309	-0.263222
-1.29538	-0.26277
-1.29763	-0.262405
-1.30033	-0.262835
-1.30295	-0.264207
-1.30525	-0.265562
-1.30737	-0.267072
-1.30893	-0.268827
-1.31002	-0.270435
-1.31027	-0.272221
-1.31049	-0.274064
-1.31082	-0.275776
-1.3119	-0.276944
-1.31301	-0.278213
-1.31468	-0.279541
-1.31673	-0.280939
-1.31855	-0.282339
-1.32043	-0.283856
-1.32243	-0.285368
-1.32438	-0.285616
-1.32646	-0.28539
-1.32816	-0.28473
-1.32954	-0.284313
-1.33073	-0.283763
-1.33195	-0.283274
-1.33272	-0.282433
-1.33403	-0.281495
-1.33531	-0.280572
-1.33688	-0.279767
-1.33907	-0.280329
-1.34121	-0.279769
-1.34277	-0.279173
-1.34377	-0.278998
-1.34501	-0.278549
-1.34663	-0.278791
-1.34818	-0.279086
-1.34914	-0.279819
-1.35039	-0.280856
-1.3518	-0.282087
-1.35383	-0.282772
-1.35538	-0.283414
-1.3571	-0.284857
-1.35883	-0.286215
-1.36055	-0.287263
-1.36122	-0.28851
-1.36288	-0.289208
-1.36459	-0.289694
-1.36616	-0.290042
-1.36771	-0.290334
-1.36941	-0.290776
-1.37079	-0.291628
-1.37272	-0.291944
-1.37488	-0.292044
-1.3775	-0.292504
-1.37979	-0.292886
-1.38153	-0.293548
-1.3836	-0.294439
-1.38549	-0.294477
-1.38695	-0.294659
-1.38895	-0.294242
-1.39106	-0.293962
-1.39303	-0.293683
-1.39484	-0.293432
-1.39661	-0.29321
-1.39819	-0.292592
-1.40062	-0.291304
-1.40316	-0.290606
-1.40531	-0.29068
-1.40717	-0.290802
-1.40918	-0.290683
-1.41104	-0.29105
-1.4129	-0.29151
-1.4149	-0.292414
-1.4167	-0.293279
-1.41889	-0.294444
-1.42058	-0.295515
-1.42146	-0.296259
-1.42235	-0.297084
-1.42341	-0.298162
-1.42436	-0.299105
-1.42495	-0.300143
-1.42507	-0.301281
-1.42518	-0.302496
-1.42511	-0.303713
-1.42502	-0.305077
-1.42458	-0.306321
-1.42369	-0.307874
-1.42306	-0.309044
-1.42218	-0.310565
-1.42152	-0.312285
-1.42087	-0.31404
-1.42016	-0.316307
-1.41902	-0.318577
-1.41825	-0.320804
-1.41776	-0.322496
-1.41744	-0.32355
-1.41688	-0.324475
-1.41607	-0.325128
-1.41517	-0.325828
-1.41444	-0.327293
-1.41382	-0.328878
-1.4134	-0.33048
-1.41302	-0.331832
-1.41275	-0.333143
-1.41236	-0.334391
-1.412	-0.33572
-1.4116	-0.337226
-1.4105	-0.338821
-1.40913	-0.34015
-1.40822	-0.342195
-1.4083	-0.343833
-1.40927	-0.345388
-1.4107	-0.346946
-1.41168	-0.347652
-1.41271	-0.347543
-1.41358	-0.347926
-1.41487	-0.348048
-1.41638	-0.348643
-1.41812	-0.349426
-1.41944	-0.350291
-1.42081	-0.350718
-1.42221	-0.351067
-1.42287	-0.351452
-1.42441	-0.351752
-1.42614	-0.352102
-1.42768	-0.352758
-1.42931	-0.353432
-1.431	-0.354047
-1.43297	-0.355176
-1.43489	-0.355603
-1.4359	-0.356343
-1.43709	-0.356815
-1.43844	-0.357315
-1.44011	-0.357648
-1.44181	-0.358569
-1.44389	-0.35959
-1.44617	-0.360408
-1.44846	-0.361309
-1.45086	-0.362136
-1.45314	-0.362901
-1.45493	-0.36354
-1.4563	-0.364291
-1.45764	-0.36506
-1.45861	-0.365142
-1.45974	-0.365186
-1.46034	-0.365352
-1.4608	-0.365243
-1.46188	-0.36581
-1.46264	-0.365922
-1.46394	-0.366764
-1.46583	-0.368209
-1.46758	-0.368838
-1.46936	-0.369567
-1.47052	-0.370032
-1.47239	-0.369914
-1.47494	-0.369195
-1.47676	-0.368508
-1.47788	-0.367593
-1.47851	-0.366696
-1.47974	-0.365727
-1.48035	-0.364659
-1.48082	-0.363745
-1.48118	-0.362284
-1.48062	-0.360615
-1.4801	-0.359014
-1.48019	-0.358074
-1.48015	-0.357263
-1.47936	-0.357302
-1.47855	-0.357476
-1.47725	-0.357932
-1.47528	-0.358586
-1.4735	-0.359497
-1.47178	-0.359999
-1.46998	-0.360577
-1.46822	-0.361199
-1.46712	-0.361925
-1.46591	-0.362746
-1.46439	-0.363964
-1.46277	-0.36549
-1.4613	-0.366775
-1.45966	-0.367917
-1.4579	-0.369235
-1.4562	-0.370858
-1.45541	-0.372672
-1.45529	-0.375043
-1.45506	-0.377364
-1.4542	-0.379752
-1.45314	-0.382197
-1.45215	-0.384324
-1.45123	-0.386248
-1.45027	-0.38835
-1.44904	-0.389314
-1.4478	-0.390157
-1.4459	-0.391409
-1.44453	-0.392759
-1.44286	-0.394325
-1.441	-0.395351
-1.43914	-0.39641
-1.43682	-0.396952
-1.43464	-0.397442
-1.43248	-0.398167
-1.43016	-0.399233
-1.42802	-0.400386
-1.42599	-0.401371
-1.42461	-0.402563
-1.42302	-0.404112
-1.42102	-0.405899
-1.41909	-0.407352
-1.41735	-0.408648
-1.41577	-0.409591
-1.41392	-0.410709
-1.41218	-0.411741
-1.41054	-0.412334
-1.4081	-0.41263
-1.40523	-0.412839
-1.40254	-0.412905
-1.40017	-0.41257
-1.3984	-0.412741
-1.39723	-0.412275
-1.39575	-0.411868
-1.39441	-0.411486
-1.39263	-0.411142
-1.39121	-0.410321
-1.38943	-0.409274
-1.38777	-0.408617
-1.38669	-0.407884
-1.38552	-0.407064
-1.38482	-0.406024
-1.38385	-0.404704
-1.38264	-0.402917
-1.38143	-0.401346
-1.38034	-0.399864
-1.37891	-0.3987
-1.37753	-0.397612
-1.37621	-0.396788
-1.37486	-0.395991
-1.37352	-0.395199
-1.37227	-0.394252
-1.37107	-0.393327
-1.3699	-0.393109
-1.36879	-0.392632
-1.36694	-0.392267
-1.36523	-0.392119
-1.36331	-0.392143
-1.36143	-0.391966
-1.35986	-0.391778
-1.3585	-0.391524
-1.35752	-0.390693
-1.35651	-0.389784
-1.35539	-0.388833
-1.35424	-0.387982
-1.35314	-0.386924
-1.35113	-0.385672
-1.34837	-0.384926
-1.34633	-0.38404
-1.34426	-0.383161
-1.3424	-0.382307
-1.34067	-0.381578
-1.33851	-0.380459
-1.33707	-0.3793
-1.33565	-0.377984
-1.3342	-0.377325
-1.33281	-0.377507
-1.33107	-0.377816
-1.32969	-0.378395
-1.32832	-0.379
-1.32743	-0.38
-1.3262	-0.380625
-1.32457	-0.381139
-1.32234	-0.382122
-1.3204	-0.382982
-1.31739	-0.383741
-1.31495	-0.384512
-1.31278	-0.384982
-1.31051	-0.385456
-1.30834	-0.38581
-1.30554	-0.38611
-1.30297	-0.386437
-1.30102	-0.387395
-1.29884	-0.388948
-1.29679	-0.390422
-1.29482	-0.391842
-1.29317	-0.393244
-1.29133	-0.394743
-1.28936	-0.396084
-1.28753	-0.397339
-1.28588	-0.398763
-1.28544	-0.400018
-1.28498	-0.401367
-1.2844	-0.402666
-1.28381	-0.403911
-1.28294	-0.405377
-1.28212	-0.406679
-1.28129	-0.408216
-1.28036	-0.409646
-1.27947	-0.411048
-1.27842	-0.411901
-1.27802	-0.412344
-1.27774	-0.412271
-1.27749	-0.412132
-1.2768	-0.411717
-1.27592	-0.411143
-1.27508	-0.410731
-1.27435	-0.409784
-1.27432	-0.4084
-1.27425	-0.406862
-1.27396	-0.404973
-1.27389	-0.402891
-1.27396	-0.401244
-1.27354	-0.399654
-1.27305	-0.397725
-1.27234	-0.396201
-1.27176	-0.394986
-1.27096	-0.393345
-1.27036	-0.391349
-1.26893	-0.389414
-1.26779	-0.388437
-1.26677	-0.387338
-1.26561	-0.386168
-1.26409	-0.385767
-1.26182	-0.384753
-1.25996	-0.383737
-1.25812	-0.382952
-1.25632	-0.382107
-1.25421	-0.38202
-1.25273	-0.382407
-1.25138	-0.382097
-1.24984	-0.380723
-1.24831	-0.379242
-1.24685	-0.377272
-1.24574	-0.375744
-1.2452	-0.374318
-1.24465	-0.372857
-1.24406	-0.37137
-1.24352	-0.369803
-1.24289	-0.367774
-1.2423	-0.365833
-1.24143	-0.364288
-1.24112	-0.362446
-1.24051	-0.36173
-1.23904	-0.360794
-1.23766	-0.359159
-1.23614	-0.357157
-1.23489	-0.355298
-1.23416	-0.353663
-1.23424	-0.352405
-1.23509	-0.350286
-1.23666	-0.348963
-1.23854	-0.346583
-1.24117	-0.344752
-1.24356	-0.343102
-1.24593	-0.342116
-1.24809	-0.341127
-1.25137	-0.340568
-1.25458	-0.339456
-1.25764	-0.338862
-1.26096	-0.33789
-1.26412	-0.336448
-1.26671	-0.335616
-1.2694	-0.334589
-1.27183	-0.333813
-1.27438	-0.333075
-1.27627	-0.332879
-1.27847	-0.332356
-1.28039	-0.331975
-1.28161	-0.331147
-1.28261	-0.330759
-1.28409	-0.330484
-1.28531	-0.329936
-1.28634	-0.328808
-1.28736	-0.327729
-1.28852	-0.325994
-1.28892	-0.324501
-1.28936	-0.322942
-1.28972	-0.321383
-1.29042	-0.320014
-1.29065	-0.318699
-1.29092	-0.317273
-1.2912	-0.315737
-1.29153	-0.314485
-1.29223	-0.31361
-1.29254	-0.312232
-1.29266	-0.310658
-1.29368	-0.308762
-1.29479	-0.306981
-1.29588	-0.305011
-1.29691	-0.303143
-1.29834	-0.301411
-1.29991	-0.299468
-1.30102	-0.297364
-1.30231	-0.295045
-1.3033	-0.293234
-1.30441	-0.291672
-1.30438	-0.28981
-1.30455	-0.288303
-1.30512	-0.286346
-1.30603	-0.284471
-1.30683	-0.282875
-1.3072	-0.281514
-1.30745	-0.280468
-1.30771	-0.279366
-1.30802	-0.278304
-1.30844	-0.277193
-1.30937	-0.276069
-1.31021	-0.275253
-1.31111	-0.274105
-1.31204	-0.272922
-1.31262	-0.271774
-1.31348	-0.270819
-1.31447	-0.269614
-1.31532	-0.268515
-1.31616	-0.266744
-1.31681	-0.264703
-1.31737	-0.262679
-1.31849	-0.260884
-1.31928	-0.259114
-1.31912	-0.257663
-1.31932	-0.25614
-1.31963	-0.254278
-1.32056	-0.25278
-1.32117	-0.251048
-1.32147	-0.249215
-1.32143	-0.247553
-1.32129	-0.245699
-1.3215	-0.24393
-1.32123	-0.242023
-1.32083	-0.240353
-1.32071	-0.238944
-1.32039	-0.237131
-1.32021	-0.234867
-1.32058	-0.232535
-1.3216	-0.229235
-1.32254	-0.226266
-1.32357	-0.223511
-1.32433	-0.220533
-1.32514	-0.218926
-1.32617	-0.217509
-1.32713	-0.216609
-1.32724	-0.215515
-1.32722	-0.214273
-1.3273	-0.213677
-1.32736	-0.212944
-1.32751	-0.212045
-1.3277	-0.211005
-1.32759	-0.209085
-1.32734	-0.207319
-1.32708	-0.205719
-1.32684	-0.204169
-1.32747	-0.20229
-1.32815	-0.2003
-1.32886	-0.198486
-1.32944	-0.196795
-1.33006	-0.194836
-1.33063	-0.192998
-1.33131	-0.190646
-1.33164	-0.18855
-1.33217	-0.186603
-1.33208	-0.184765
-1.33203	-0.183017
-1.33211	-0.181326
-1.33153	-0.17994
-1.33062	-0.178815
-1.32972	-0.177684
-1.32884	-0.175874
-1.3282	-0.173923
-1.32764	-0.171507
-1.32816	-0.169261
-1.32898	-0.16665
-1.32926	-0.164453
-1.32981	-0.162329
-1.33022	-0.160686
-1.33027	-0.158548
-1.33022	-0.156286
-1.33023	-0.154519
-1.32981	-0.152294
-1.33008	-0.150428
-1.33032	-0.14863
-1.33061	-0.147333
-1.33093	-0.145378
-1.33144	-0.143849
-1.33174	-0.141491
-1.33165	-0.139827
-1.33173	-0.138104
-1.33193	-0.136469
-1.33217	-0.134729
-1.3324	-0.133039
-1.33311	-0.130598
-1.33347	-0.128819
-1.33387	-0.127535
-1.33458	-0.126167
-1.33539	-0.124825
-1.33632	-0.123607
-1.337	-0.123126
-1.33775	-0.122562
-1.33769	-0.122397
-1.33747	-0.121538
-1.33731	-0.12054
-1.33727	-0.119238
-1.33734	-0.11785
-1.33738	-0.116399
-1.3379	-0.114241
-1.33826	-0.112334
-1.33823	-0.110843
-1.33761	-0.108678
-1.33696	-0.106584
-1.33621	-0.104573
-1.33557	-0.102927
-1.33496	-0.101251
-1.33446	-0.0994493
-1.33424	-0.0976915
-1.33345	-0.0953789
-1.33277	-0.0931798
-1.3321	-0.0908588
-1.33166	-0.0885961
-1.33073	-0.0866439
-1.3293	-0.0854766
-1.32772	-0.0847043
-1.32639	-0.084019
-1.32508	-0.0835187
-1.32377	-0.0831605
-1.32265	-0.0828414
-1.32163	-0.0826345
-1.32017	-0.0820552
-1.31866	-0.0814803
-1.31689	-0.0813051
-1.31505	-0.0807739
-1.31349	-0.0804696
-1.31163	-0.0802442
-1.30979	-0.0804939
-1.30804	-0.0807704
-1.30607	-0.0812555
-1.30503	-0.0806645
-1.30439	-0.0796561
-1.30344	-0.0789112
-1.30258	-0.0778879
-1.30138	-0.0769933
-1.30006	-0.0757735
-1.29912	-0.0746397
-1.29805	-0.0724071
-1.29697	-0.0704244
-1.29559	-0.0682309
-1.29356	-0.0667947
-1.29131	-0.0651192
-1.28899	-0.0634833
-1.28677	-0.0623775
-1.28477	-0.0611049
-1.28255	-0.0601018
-1.28051	-0.0593138
-1.27871	-0.0581063
-1.2759	-0.0576882
-1.27324	-0.0575146
-1.27039	-0.0571
-1.26765	-0.0567053
-1.26499	-0.0564584
-1.26267	-0.0560183
-1.26149	-0.0555775
-1.26032	-0.0549664
-1.26009	-0.0538238
-1.25964	-0.0526549
-1.25921	-0.0516485
-1.25876	-0.0508334
-1.25846	-0.0498306
-1.25785	-0.0488428
-1.25737	-0.0479045
-1.25685	-0.0472497
-1.25655	-0.046304
-1.25609	-0.0452416
-1.2557	-0.0431611
-1.25539	-0.0407944
-1.25546	-0.0385982
-1.25556	-0.0367799
-1.25545	-0.0351793
-1.25571	-0.0330745
-1.25637	-0.0314921
-1.25738	-0.0301019
-1.25872	-0.0277882
-1.26019	-0.0260334
-1.26161	-0.024357
-1.26318	-0.0228675
-1.26433	-0.0215584
-1.26502	-0.0206804
-1.26559	-0.0198575
-1.26695	-0.0193516
-1.26843	-0.0187956
-1.27044	-0.0182712
-1.27234	-0.0176786
-1.27416	-0.0170088
-1.27578	-0.0162854
-1.27727	-0.015827
-1.27867	-0.0151775
-1.28009	-0.0145077
-1.28151	-0.013804
-1.28292	-0.0130096
-1.28415	-0.0119636
-1.2854	-0.0108644
-1.28679	-0.0101297
-1.28836	-0.00965803
-1.28995	-0.00918798
-1.29131	-0.00833847
-1.29282	-0.00765125
-1.29509	-0.00674024
-1.2971	-0.0056291
-1.29909	-0.00436432
-1.30067	-0.00340263
-1.30206	-0.00218432
-1.30303	-0.00133294
-1.30415	-0.00100947
-1.30647	-0.000376509
-1.30891	0.000528911
-1.31102	0.0010284
-1.31374	0.00129788
-1.31573	0.00188965
-1.31802	0.00218797
-1.32037	0.00245578
-1.32226	0.00253488
-1.3246	0.00203345
-1.32646	0.0012409
-1.32906	0.0010202
-1.33157	0.00123231
-1.33298	0.00152421
-1.33454	0.00195358
-1.33668	0.00188517
-1.33825	0.00144068
-1.34047	0.00151744
-1.34246	0.0017236
-1.34469	0.00150839
-1.34664	0.00198899
-1.34971	0.00216843
-1.35233	0.00233669
-1.35497	0.00263445
-1.35711	0.00304169
-1.35935	0.0036352
-1.36161	0.00411275
