0.00421214	0.00420724
0.00719917	0.00826646
0.00969642	0.0120051
0.0117441	0.0154612
0.0134477	0.0186816
0.0151468	0.0215843
0.0164144	0.0240018
0.017055	0.0261799
0.0175309	0.0279355
0.017096	0.0296413
0.0168387	0.0318422
0.0165648	0.0339693
0.0164525	0.0358377
0.0163303	0.0371511
0.0160372	0.0385075
0.0157049	0.0398455
0.0156616	0.0410929
0.0163548	0.0419788
0.0163623	0.0423543
0.0165626	0.0431608
0.0167819	0.044149
0.017012	0.0451663
0.0173345	0.0466038
0.0172645	0.0478494
0.0171939	0.0487772
0.0164585	0.0498618
0.0156085	0.0508856
0.0146597	0.0523945
0.0136062	0.0543395
0.0126025	0.0562155
0.0116476	0.0577131
0.0106363	0.059081
0.00918462	0.0604226
0.00777513	0.061907
0.0064659	0.0625097
0.00524276	0.0628882
0.00394385	0.0631261
0.00288137	0.0629707
0.00234262	0.0621299
0.00164226	0.0604776
0.000913698	0.058806
0.000640573	0.0576059
0.000273568	0.0561463
0.000634539	0.0543377
0.00110535	0.0524883
0.0019312	0.0505648
0.00251835	0.0485724
0.00291593	0.0469497
0.00366605	0.0452612
0.00441556	0.0434125
0.00537508	0.041523
0.0063099	0.0394246
0.00708772	0.036833
0.00734841	0.0341312
0.00731459	0.0316384
0.0072089	0.0290724
0.0070217	0.0268653
0.00599531	0.0239595
0.00518986	0.0219821
0.00453831	0.0197003
0.0035851	0.0171112
0.00267565	0.0142351
0.00150122	0.0111585
0.00023638	0.0076759
-0.00142536	0.00422612
-0.00272721	0.000689782
-0.00357592	-0.00264174
-0.00409018	-0.00540618
-0.00424836	-0.00711924
-0.00474136	-0.00857786
-0.00480322	-0.00906145
-0.00482449	-0.00944373
-0.00509342	-0.00943141
-0.0050496	-0.00914462
-0.00471382	-0.00825227
-0.00407133	-0.00677117
-0.00309762	-0.00469989
-0.00132865	-0.00285862
0.000360998	-0.000938844
0.00162183	0.00176685
0.00231157	0.00363612
0.00262034	0.00557647
0.00243326	0.0071451
0.00186271	0.00801832
0.000883559	0.0086886
-0.000529068	0.00941587
-0.00165121	0.00976755
-0.00227661	0.00996277
-0.00232965	0.00956638
-0.00224479	0.00861291
-0.00196321	0.00718725
-0.00150961	0.00546431
-0.00110084	0.00319907
-0.00051437	5.75916e-05
0.000765753	-0.00282675
0.000945712	-0.00471743
0.00118239	-0.00607338
0.00130016	-0.00664229
0.00130796	-0.0070496
0.0011116	-0.00659608
0.000336948	-0.00574066
-0.00104405	-0.00483883
-0.00259187	-0.00471902
-0.00408131	-0.00438439
-0.00627307	-0.00377131
-0.00858209	-0.00361503
-0.0111263	-0.00385564
-0.013929	-0.00395231
-0.01649	-0.00390849
-0.0190323	-0.00371523
-0.02127	-0.00369169
-0.0233288	-0.00387984
-0.025236	-0.00384483
-0.0268041	-0.00345282
-0.0289543	-0.00272902
-0.0301368	-0.00195934
-0.0311462	-0.00117562
-0.0318093	-0.000408163
-0.0319496	0.000132975
-0.0318272	0.000759343
-0.0311763	0.00188876
-0.0302253	0.00292168
-0.0288001	0.00423702
-0.0273447	0.00497885
-0.0258221	0.00516675
-0.0243326	0.00469529
-0.022591	0.00453442
-0.0204414	0.00431827
-0.0185424	0.00393739
-0.0161718	0.00412387
-0.0138241	0.00377033
-0.0108709	0.0037537
-0.00689347	0.00278361
-0.00339539	0.00257934
0.00110132	0.00202349
0.00472018	0.00195686
0.00726095	0.00150571
0.00901636	0.0010474
0.0098782	0.000398149
0.010318	-0.000646431
0.0104111	-0.000936506
0.0102888	-0.000778496
0.00961221	-0.000101308
0.00830783	0.000231997
0.00637666	8.76362e-05
0.00368811	4.45565e-05
0.00042465	-0.000148591
-0.00271908	-0.000954688
-0.00616453	-0.00137321
-0.00955375	-0.00162313
-0.01291	-0.00237267
-0.0158252	-0.00281031
-0.0187752	-0.00303685
-0.0212744	-0.00319459
-0.0237867	-0.0031701
-0.0264356	-0.00292309
-0.0294217	-0.00308149
-0.0315952	-0.00308079
-0.0327087	-0.00352097
-0.0329198	-0.00500932
-0.0330854	-0.00614406
-0.0328953	-0.0078132
-0.0324498	-0.0102128
-0.0317809	-0.0128226
-0.0307666	-0.0155145
-0.0288118	-0.0184913
-0.0272245	-0.0210905
-0.02651	-0.0231652
-0.0264801	-0.0243789
-0.0265894	-0.0257067
-0.0272294	-0.0267127
-0.0281889	-0.0284848
-0.0285792	-0.0303249
-0.0287755	-0.0316994
-0.02824	-0.0329992
-0.0279919	-0.0337631
-0.0278897	-0.0337009
-0.0273474	-0.0330697
-0.0268563	-0.0322467
-0.0261026	-0.0311292
-0.0253687	-0.0288351
-0.0252342	-0.0272794
-0.0256132	-0.0258097
-0.0263653	-0.0239241
-0.0268806	-0.0223169
-0.0275759	-0.0213672
-0.0286501	-0.0202697
-0.0301171	-0.0186335
-0.0309514	-0.0175581
-0.0312588	-0.0169004
-0.0314719	-0.0160848
-0.0305462	-0.0151107
-0.0293231	-0.0141817
-0.027185	-0.0132588
-0.0260167	-0.0126622
-0.025384	-0.0122452
-0.0249345	-0.0121886
-0.0243851	-0.0123821
-0.0244137	-0.0127234
-0.0248216	-0.013606
-0.0258331	-0.0151495
-0.0277258	-0.0172237
-0.0301615	-0.0199908
-0.0318665	-0.022708
-0.0330907	-0.0255526
-0.0339462	-0.028434
-0.0350437	-0.0314306
-0.0361727	-0.033248
-0.0372634	-0.0351366
-0.0377618	-0.0360002
-0.0377944	-0.0367314
-0.0378038	-0.0372263
-0.0373472	-0.0369608
-0.0361581	-0.0362684
-0.0347797	-0.0352823
-0.0332102	-0.0341057
-0.0317092	-0.03264
-0.0301081	-0.0309621
-0.0290468	-0.0289205
-0.027767	-0.0268783
-0.0274015	-0.0253571
-0.0274484	-0.0237049
-0.0279493	-0.0221328
-0.0289052	-0.0209083
-0.0296386	-0.0204917
-0.0300745	-0.0205163
-0.0304302	-0.0209094
-0.0305837	-0.0220829
-0.0305332	-0.0240268
-0.0303872	-0.0265613
-0.0300415	-0.0295366
-0.029769	-0.0315506
-0.0297562	-0.0330587
-0.0296397	-0.0348096
-0.0293929	-0.035941
-0.0296295	-0.036171
-0.0299924	-0.0356173
-0.030612	-0.0343517
-0.0313325	-0.0327643
-0.0325158	-0.0305327
-0.0337947	-0.0281966
-0.0347127	-0.0267843
-0.0351413	-0.0261276
-0.0351064	-0.0261699
-0.0345327	-0.0271357
-0.0334962	-0.0285352
-0.0312995	-0.0309034
-0.029594	-0.0323191
-0.0274778	-0.034014
-0.0260728	-0.0344455
-0.0250257	-0.0343635
-0.0235218	-0.0338508
-0.021442	-0.0328124
-0.0190153	-0.0313085
-0.0167811	-0.0295527
-0.0147376	-0.0276066
-0.0137335	-0.0262583
-0.0138626	-0.0256191
-0.0144297	-0.0249537
-0.0159399	-0.024182
-0.0181791	-0.0233464
-0.0214684	-0.0227232
-0.0239232	-0.0221426
-0.0270397	-0.020882
-0.0299423	-0.0200802
-0.0324389	-0.0198694
-0.0345216	-0.0201351
-0.0357633	-0.0206935
-0.036888	-0.0212794
-0.0382881	-0.0228032
-0.039284	-0.02474
-0.0401705	-0.0271368
-0.0412085	-0.0298705
-0.0424458	-0.0317104
-0.0438429	-0.033393
-0.0453132	-0.0350406
-0.0469936	-0.0366463
-0.049419	-0.0381869
-0.0516239	-0.0404928
-0.0535233	-0.0431327
-0.0554101	-0.0458028
-0.0580639	-0.0488115
-0.0598469	-0.0515782
-0.0610345	-0.0542417
-0.0615799	-0.0565203
-0.0617516	-0.0587835
-0.0614945	-0.0605523
-0.0612463	-0.0623171
-0.0610703	-0.0644239
-0.0612334	-0.0661483
-0.0613837	-0.0676604
-0.0608611	-0.0689067
-0.0598074	-0.0700765
-0.0591311	-0.0713116
-0.0584498	-0.07246
-0.0577227	-0.0736506
-0.0572105	-0.074017
-0.0570525	-0.0736847
-0.056821	-0.0724769
-0.0569151	-0.0708925
-0.0565885	-0.0685657
-0.0562704	-0.0656869
-0.0563602	-0.0619094
-0.0564001	-0.0577878
-0.0564747	-0.0545328
-0.0570355	-0.0516283
-0.0586527	-0.0480851
-0.0588899	-0.045128
-0.0584545	-0.0428553
-0.0575436	-0.0407419
-0.0566242	-0.0391579
-0.0562855	-0.0388985
-0.0564076	-0.0387803
-0.0567748	-0.0379379
-0.0575168	-0.037648
-0.0590447	-0.0371519
-0.0593212	-0.0372409
-0.0582724	-0.0371263
-0.0563473	-0.0362686
-0.0552681	-0.0356922
-0.054855	-0.0352503
-0.0550379	-0.0349649
-0.0556592	-0.0340152
-0.0569831	-0.0328372
-0.059715	-0.0308387
-0.06097	-0.0297929
-0.0619285	-0.0284681
-0.0618176	-0.0280228
-0.0607995	-0.0269042
-0.0591009	-0.0255877
-0.0572711	-0.0240163
-0.0554212	-0.0231058
-0.0536413	-0.0229862
-0.0515857	-0.023208
-0.0491773	-0.0240545
-0.0468861	-0.0253298
-0.044749	-0.0274883
-0.0426251	-0.0301806
-0.0414174	-0.0325914
-0.040468	-0.035135
-0.0400043	-0.0378987
-0.0402017	-0.0405806
-0.0407783	-0.0433915
-0.0414361	-0.0474753
-0.0430841	-0.0517223
-0.0452684	-0.0559985
-0.0479194	-0.0601981
-0.0502327	-0.0629318
-0.0515549	-0.0648431
-0.0521198	-0.0652096
-0.0528298	-0.0646172
-0.0538206	-0.0630623
-0.0554181	-0.0613554
-0.0571795	-0.0592307
-0.0590721	-0.0567978
-0.0600266	-0.055288
-0.0599752	-0.0540795
-0.0594972	-0.0530427
-0.0584824	-0.0519469
-0.0570575	-0.0500123
-0.0563337	-0.0486835
-0.056207	-0.0475946
-0.0566723	-0.0467734
-0.057445	-0.0457333
-0.0589807	-0.0448874
-0.0599151	-0.0450439
-0.0598805	-0.0452659
-0.0593696	-0.046152
-0.0582692	-0.0472974
-0.056228	-0.0486887
-0.0548863	-0.0507314
-0.0542705	-0.0527349
-0.0537144	-0.0547186
-0.0535222	-0.0568664
-0.0538463	-0.0595938
-0.0538952	-0.0606785
-0.0543788	-0.0608115
-0.0548913	-0.0608785
-0.0558152	-0.060429
-0.0573313	-0.0593325
-0.0585326	-0.0577904
-0.0589945	-0.0568175
-0.0589343	-0.0561973
-0.0583123	-0.0557484
-0.0574089	-0.0551364
-0.0576529	-0.0548327
-0.0585596	-0.0542321
-0.0580658	-0.0542226
-0.0565996	-0.054321
-0.0558978	-0.0546589
-0.0557949	-0.0546675
-0.0562267	-0.0549605
-0.0582042	-0.0564607
-0.0590337	-0.0579435
-0.0602436	-0.0590801
-0.0616632	-0.0604514
-0.0634741	-0.0615713
-0.0654567	-0.0626831
-0.0677756	-0.0637373
-0.0701362	-0.064657
-0.0720088	-0.0657423
-0.0742382	-0.0669263
-0.0763589	-0.0681598
-0.0779292	-0.0687755
-0.0799955	-0.0700239
-0.0824595	-0.0712544
-0.0852575	-0.0729324
-0.0887904	-0.0749106
-0.0912422	-0.0769913
-0.0933115	-0.0789407
-0.0949898	-0.0803937
-0.0964606	-0.0818509
-0.0975884	-0.0828693
-0.0989047	-0.0844399
-0.0998716	-0.0864006
-0.100689	-0.0883652
-0.101261	-0.0907718
-0.101518	-0.0933422
-0.101442	-0.0953212
-0.100185	-0.0971662
-0.0981851	-0.0985576
-0.0959969	-0.0993332
-0.0938985	-0.100931
-0.0919451	-0.102251
-0.0898049	-0.103608
-0.0880447	-0.106098
-0.0864924	-0.108292
-0.0849843	-0.109889
-0.084074	-0.111109
-0.0834763	-0.111705
-0.082095	-0.112162
-0.0810319	-0.112446
-0.080129	-0.112428
-0.079226	-0.112526
-0.0776302	-0.112439
-0.0762014	-0.112153
-0.0754988	-0.112314
-0.0747022	-0.112012
-0.0734112	-0.111856
-0.0722078	-0.111406
-0.0711361	-0.110609
-0.0701891	-0.109851
-0.0690243	-0.109196
-0.0677579	-0.108235
-0.0664431	-0.107194
-0.0650517	-0.105636
-0.0641424	-0.10439
-0.0637457	-0.102536
-0.0638558	-0.100436
-0.0637708	-0.0973302
-0.0633895	-0.0942473
-0.0632865	-0.090598
-0.0635467	-0.0868279
-0.0639553	-0.0829919
-0.0646297	-0.079575
-0.0654976	-0.0764211
-0.06647	-0.0736831
-0.0677145	-0.0713291
-0.0701934	-0.0698622
-0.0736145	-0.068831
-0.0758523	-0.0687068
-0.0798793	-0.0691172
-0.0834794	-0.0702843
-0.086783	-0.0717204
-0.0897507	-0.0729049
-0.0922966	-0.0743217
-0.0938127	-0.076159
-0.0950897	-0.0781047
-0.0956278	-0.0803181
-0.0960795	-0.0822863
-0.0964104	-0.0842778
-0.0969035	-0.0861945
-0.0973773	-0.0883269
-0.0977431	-0.0891119
-0.0990053	-0.089991
-0.100486	-0.0909542
-0.102491	-0.091749
-0.104513	-0.092572
-0.106223	-0.0933295
-0.108129	-0.0941094
-0.110297	-0.0952714
-0.112465	-0.096377
-0.113737	-0.0976129
-0.114448	-0.0987424
-0.114725	-0.0998671
-0.114527	-0.100845
-0.114219	-0.101689
-0.113979	-0.102647
-0.113954	-0.104177
-0.113928	-0.105508
-0.113996	-0.106697
-0.11373	-0.107985
-0.113739	-0.109134
-0.113832	-0.110405
-0.114422	-0.111602
-0.11524	-0.112907
-0.116253	-0.115074
-0.116467	-0.117323
-0.116266	-0.119769
-0.116362	-0.122248
-0.116151	-0.124621
-0.116592	-0.127163
-0.117232	-0.130629
-0.117918	-0.134021
-0.119372	-0.136668
-0.120832	-0.139276
-0.122453	-0.141862
-0.12364	-0.145108
-0.124282	-0.147743
-0.124704	-0.14974
-0.125092	-0.15147
-0.125624	-0.152958
-0.125941	-0.154279
-0.125727	-0.156025
-0.125398	-0.157516
-0.125097	-0.158868
-0.124834	-0.160127
-0.12473	-0.161389
-0.124467	-0.16239
-0.124969	-0.163004
-0.125489	-0.16322
-0.125987	-0.163483
-0.125948	-0.162756
-0.125145	-0.161093
-0.123904	-0.159479
-0.122603	-0.157592
-0.121198	-0.155602
-0.119453	-0.153654
-0.11782	-0.152611
-0.116266	-0.151633
-0.114739	-0.151321
-0.112805	-0.151411
-0.111014	-0.151478
-0.109509	-0.152167
-0.10803	-0.152883
-0.10619	-0.153937
-0.104245	-0.154352
-0.102031	-0.154656
-0.10024	-0.154936
-0.0985648	-0.155134
-0.0972662	-0.155275
-0.0952117	-0.154418
-0.0941756	-0.153885
-0.0927908	-0.153143
-0.0916816	-0.152454
-0.090472	-0.151826
-0.0892805	-0.150811
-0.0877036	-0.148724
-0.0869396	-0.146838
-0.0862791	-0.145012
-0.085819	-0.143298
-0.0853803	-0.141247
-0.0849411	-0.139047
-0.084059	-0.136351
-0.0836594	-0.13343
-0.0829745	-0.130579
-0.082492	-0.127976
-0.0822959	-0.125609
-0.0822833	-0.123215
-0.082282	-0.120477
-0.0833635	-0.117058
-0.0842957	-0.113699
-0.0854698	-0.111196
-0.0866681	-0.108453
-0.0880455	-0.105522
-0.0894987	-0.10289
-0.0909915	-0.100396
-0.0924964	-0.098066
-0.0941111	-0.095891
-0.0959468	-0.0939007
-0.0976584	-0.0921828
-0.0993305	-0.0901769
-0.100971	-0.0878064
-0.102305	-0.0851318
-0.103101	-0.0830563
-0.103441	-0.0813171
-0.103235	-0.0792854
-0.102941	-0.077809
-0.102113	-0.0769151
-0.101115	-0.0759356
-0.0997245	-0.0751432
-0.0980932	-0.0745697
-0.0961177	-0.0744835
-0.0939012	-0.0746909
-0.0914778	-0.0752096
-0.0889092	-0.0759385
-0.0862098	-0.0769559
-0.0841063	-0.077858
-0.0822159	-0.078752
-0.0807244	-0.0794191
-0.0795532	-0.0794914
-0.0788844	-0.0795344
-0.0787915	-0.0794314
-0.0789672	-0.0798471
-0.0795967	-0.0808909
-0.0805966	-0.0822552
-0.0819693	-0.0839731
-0.0836383	-0.0859118
-0.0853125	-0.0881516
-0.0869972	-0.0899903
-0.0896061	-0.0925214
-0.0922701	-0.0950278
-0.0949817	-0.097561
-0.0976163	-0.10037
-0.100483	-0.103549
-0.103012	-0.106392
-0.10567	-0.109671
-0.108221	-0.113246
-0.110479	-0.116216
-0.112102	-0.117733
-0.113268	-0.118855
-0.114724	-0.11957
-0.116498	-0.119621
-0.119082	-0.119459
-0.121113	-0.119302
-0.124122	-0.119253
-0.126951	-0.119399
-0.129546	-0.119552
-0.132327	-0.119565
-0.13482	-0.119712
-0.137491	-0.119695
-0.139846	-0.119564
-0.142357	-0.119446
-0.144246	-0.119519
-0.146559	-0.119295
-0.148324	-0.119221
-0.149448	-0.120056
-0.149859	-0.121096
-0.149858	-0.122104
-0.149702	-0.122927
-0.149437	-0.124329
-0.149152	-0.126048
-0.148346	-0.127296
-0.147097	-0.128524
-0.14516	-0.129958
-0.14248	-0.1321
-0.140276	-0.133987
-0.138223	-0.135707
-0.136111	-0.136888
-0.134204	-0.138593
-0.132615	-0.140283
-0.131405	-0.142315
-0.130417	-0.144386
-0.129435	-0.14618
-0.12872	-0.14737
-0.128445	-0.148113
-0.128204	-0.148859
-0.127981	-0.149599
-0.127877	-0.150297
-0.127951	-0.152436
-0.128071	-0.154335
-0.128461	-0.156221
-0.128899	-0.157929
-0.129328	-0.159383
-0.129568	-0.161288
-0.129535	-0.162752
-0.129659	-0.163787
-0.12998	-0.165004
-0.130587	-0.165957
-0.131517	-0.167122
-0.13238	-0.168761
-0.133399	-0.170953
-0.134546	-0.172634
-0.135695	-0.174128
-0.137198	-0.175425
-0.138846	-0.176236
-0.139953	-0.17665
-0.141111	-0.176943
-0.142135	-0.177469
-0.142998	-0.177877
-0.144067	-0.178115
-0.14562	-0.178552
-0.147189	-0.178898
-0.148817	-0.178577
-0.150727	-0.178286
-0.151972	-0.178539
-0.15338	-0.178726
-0.154899	-0.178963
-0.157894	-0.178545
-0.160578	-0.177925
-0.162974	-0.176998
-0.165309	-0.176048
-0.167523	-0.174719
-0.169489	-0.173099
-0.171338	-0.1723
-0.17314	-0.171799
-0.17452	-0.171425
-0.176081	-0.171871
-0.178743	-0.172159
-0.180205	-0.172741
-0.181926	-0.172804
-0.18304	-0.17281
-0.183751	-0.172328
-0.183156	-0.171694
-0.182237	-0.170856
-0.180619	-0.170312
-0.178725	-0.169637
-0.176513	-0.169452
-0.173872	-0.16863
-0.171304	-0.167985
-0.16887	-0.167275
-0.166559	-0.166557
-0.163935	-0.166067
-0.161534	-0.166285
-0.159721	-0.166769
-0.157869	-0.167549
-0.155982	-0.168916
-0.15459	-0.170395
-0.15317	-0.17201
-0.151314	-0.174015
-0.149682	-0.175273
-0.148014	-0.176378
-0.146796	-0.177689
-0.145542	-0.178774
-0.14432	-0.179914
-0.143333	-0.180819
-0.142865	-0.181626
-0.142529	-0.182296
-0.142497	-0.183215
-0.142851	-0.184189
-0.142694	-0.185307
-0.142434	-0.186175
-0.142286	-0.187031
-0.142316	-0.187851
-0.142426	-0.188764
-0.142745	-0.18966
-0.143552	-0.190305
-0.144606	-0.190941
-0.145816	-0.191314
-0.146609	-0.190643
-0.14731	-0.189753
-0.147663	-0.188422
-0.148169	-0.186909
-0.148733	-0.18509
-0.149164	-0.183116
-0.149788	-0.181227
-0.150267	-0.179286
-0.150573	-0.176977
-0.151161	-0.174919
-0.151833	-0.172839
-0.152419	-0.171091
-0.153311	-0.169894
-0.153675	-0.168811
-0.153125	-0.167683
-0.152521	-0.166677
-0.151908	-0.165817
-0.151659	-0.165057
-0.151483	-0.164801
-0.152192	-0.165344
-0.153353	-0.166174
-0.154727	-0.167306
-0.155836	-0.16846
-0.156969	-0.169535
-0.158138	-0.172386
-0.159245	-0.175311
-0.160146	-0.177542
-0.160754	-0.179468
-0.161461	-0.181404
-0.162535	-0.182733
-0.163494	-0.183935
-0.164648	-0.184842
-0.16531	-0.185813
-0.166243	-0.187087
-0.166773	-0.188223
-0.16754	-0.18958
-0.168104	-0.19067
-0.167512	-0.191331
-0.166668	-0.192463
-0.1656	-0.19343
-0.165045	-0.194234
-0.164516	-0.194793
-0.163862	-0.195358
-0.162839	-0.195667
-0.162241	-0.195753
-0.161319	-0.195339
-0.161116	-0.19527
-0.160879	-0.194962
-0.16061	-0.194806
-0.159969	-0.19504
-0.158777	-0.195589
-0.157252	-0.19693
-0.156024	-0.19775
-0.155939	-0.198333
-0.155846	-0.198865
-0.155833	-0.199467
-0.156454	-0.200243
-0.156628	-0.201333
-0.157115	-0.20259
-0.157024	-0.203583
-0.157201	-0.204815
-0.157924	-0.205676
-0.158708	-0.206535
-0.159756	-0.207245
-0.16098	-0.208061
-0.162304	-0.209411
-0.163599	-0.210591
-0.164538	-0.212212
-0.165451	-0.213665
-0.165641	-0.215134
-0.165969	-0.216502
-0.166715	-0.217424
-0.167298	-0.218219
-0.167749	-0.218787
-0.168744	-0.21858
-0.170361	-0.217518
-0.172217	-0.216153
-0.173565	-0.214608
-0.17426	-0.213124
-0.175431	-0.211791
-0.176704	-0.210272
-0.178191	-0.208816
-0.179561	-0.207597
-0.180594	-0.205968
-0.181673	-0.204252
-0.182658	-0.202056
-0.183627	-0.200443
-0.184443	-0.199748
-0.184713	-0.199095
-0.184683	-0.198587
-0.185283	-0.198127
-0.186123	-0.197623
-0.186668	-0.196802
-0.187075	-0.196106
-0.186735	-0.195533
-0.186686	-0.194775
-0.186585	-0.194008
-0.186425	-0.193451
-0.186	-0.192686
-0.185524	-0.192086
-0.18509	-0.191291
-0.183611	-0.191081
-0.182637	-0.190565
-0.181288	-0.189938
-0.180069	-0.189595
-0.178877	-0.189493
-0.177249	-0.189404
-0.175892	-0.189887
-0.174233	-0.190875
-0.171977	-0.19215
-0.17006	-0.193193
-0.168335	-0.193895
-0.166898	-0.194725
-0.165529	-0.195
-0.164206	-0.195701
-0.162968	-0.19697
-0.16236	-0.19863
-0.161561	-0.199767
-0.160883	-0.201058
-0.160384	-0.202374
-0.160081	-0.203031
-0.160036	-0.204016
-0.160095	-0.204935
-0.160079	-0.205889
-0.160718	-0.206217
-0.161582	-0.206055
-0.163591	-0.206351
-0.165981	-0.206583
-0.168366	-0.20632
-0.171307	-0.20587
-0.174295	-0.205039
-0.176538	-0.203496
-0.178393	-0.201722
-0.179964	-0.20037
-0.181301	-0.199685
-0.182821	-0.199659
-0.18434	-0.199723
-0.18622	-0.199602
-0.188041	-0.19972
-0.18983	-0.200221
-0.191651	-0.200921
-0.193983	-0.202084
-0.196005	-0.203568
-0.197709	-0.205101
-0.198815	-0.206309
-0.200086	-0.207491
-0.20097	-0.208551
-0.201965	-0.209586
-0.203106	-0.210418
-0.204546	-0.211699
-0.206016	-0.213321
-0.207285	-0.215347
-0.208408	-0.217435
-0.209574	-0.219755
-0.211035	-0.221779
-0.212392	-0.223846
-0.21387	-0.226527
-0.215061	-0.228485
-0.216321	-0.230296
-0.217287	-0.230973
-0.218178	-0.231577
-0.218449	-0.231004
-0.218517	-0.230715
-0.218549	-0.230334
-0.218427	-0.229926
-0.218336	-0.229589
-0.218749	-0.2292
-0.219567	-0.228483
-0.219999	-0.227656
-0.220636	-0.226915
-0.2213	-0.226142
-0.222082	-0.224708
-0.222748	-0.223521
-0.224206	-0.222579
-0.225075	-0.221592
-0.226297	-0.220113
-0.226704	-0.219153
-0.226938	-0.218363
-0.226029	-0.217461
-0.224986	-0.216495
-0.223952	-0.215299
-0.222689	-0.214413
-0.22133	-0.213692
-0.220181	-0.212988
-0.218923	-0.212776
-0.217421	-0.212555
-0.215465	-0.211966
-0.213408	-0.211572
-0.211339	-0.210973
-0.209269	-0.210699
-0.207463	-0.210602
-0.205785	-0.210641
-0.203638	-0.210658
-0.201281	-0.211085
-0.198817	-0.210924
-0.1964	-0.211104
-0.194333	-0.211473
-0.192218	-0.211958
-0.190539	-0.212498
-0.188782	-0.212812
-0.186804	-0.212917
-0.185505	-0.21286
-0.184271	-0.212628
-0.182653	-0.212005
-0.181006	-0.21193
-0.179487	-0.211451
-0.178111	-0.210965
-0.177236	-0.210248
-0.176226	-0.209232
-0.175082	-0.208146
-0.174062	-0.207746
-0.173244	-0.207371
-0.172882	-0.207193
-0.17283	-0.206758
-0.172953	-0.205955
-0.173523	-0.204882
-0.174244	-0.203655
-0.175188	-0.202333
-0.176526	-0.201031
-0.177729	-0.200244
-0.179033	-0.200792
-0.181012	-0.20129
-0.183194	-0.202106
-0.185601	-0.203185
-0.187895	-0.204143
-0.190221	-0.205171
-0.192732	-0.206532
-0.195488	-0.208215
-0.19896	-0.209712
-0.202461	-0.211302
-0.205485	-0.212967
-0.208571	-0.214604
-0.211151	-0.21629
-0.213503	-0.217516
-0.215801	-0.218865
-0.218395	-0.220543
-0.221367	-0.222208
-0.223891	-0.224136
-0.226555	-0.226586
-0.228906	-0.229012
-0.230735	-0.231558
-0.232028	-0.233275
-0.232494	-0.234902
-0.232723	-0.236292
-0.23276	-0.2378
-0.232347	-0.2391
-0.231743	-0.240533
-0.231643	-0.242641
-0.23109	-0.244793
-0.230373	-0.245727
-0.229114	-0.246091
-0.227526	-0.245979
-0.226707	-0.245847
-0.225444	-0.245425
-0.223958	-0.244574
-0.221723	-0.243195
-0.219478	-0.241673
-0.216474	-0.240066
-0.213475	-0.238724
-0.21057	-0.237332
-0.207439	-0.23616
-0.204385	-0.234936
-0.201202	-0.233788
-0.19845	-0.23216
-0.196509	-0.230793
-0.194949	-0.229657
-0.194015	-0.228785
-0.193676	-0.228232
-0.193546	-0.2279
-0.193685	-0.227276
-0.193777	-0.225985
-0.194637	-0.224851
-0.196124	-0.223996
-0.197706	-0.223406
-0.19988	-0.222648
-0.202357	-0.222282
-0.20488	-0.222165
-0.20753	-0.221958
-0.209465	-0.22325
-0.211696	-0.224759
-0.213911	-0.226651
-0.216104	-0.229167
-0.217773	-0.231479
-0.219465	-0.23361
-0.220974	-0.23515
-0.222047	-0.235611
-0.223152	-0.236049
-0.224366	-0.236445
-0.225864	-0.236769
-0.22804	-0.237017
-0.229892	-0.236751
-0.23186	-0.236333
-0.233078	-0.236132
-0.233305	-0.235756
-0.233087	-0.235461
-0.232326	-0.234698
-0.230921	-0.233748
-0.22983	-0.232984
-0.228835	-0.232116
-0.228015	-0.231154
-0.226949	-0.230956
-0.224975	-0.23159
-0.222271	-0.23163
-0.220887	-0.232674
-0.219198	-0.233311
-0.217888	-0.233776
-0.217501	-0.23344
-0.217698	-0.233175
-0.218742	-0.231809
-0.220173	-0.229497
-0.221209	-0.228025
-0.222155	-0.226475
-0.222469	-0.225879
-0.22398	-0.226164
-0.225668	-0.226937
-0.22774	-0.228387
-0.22969	-0.230307
-0.231042	-0.232217
-0.232891	-0.234382
-0.233862	-0.235964
-0.233835	-0.237665
-0.233338	-0.239541
-0.232456	-0.241307
-0.231322	-0.243121
-0.230036	-0.245221
-0.229078	-0.247293
-0.228931	-0.249453
-0.228403	-0.250846
-0.228104	-0.252485
-0.227628	-0.254331
-0.227328	-0.256427
-0.227406	-0.258711
-0.227878	-0.261254
-0.228575	-0.261594
-0.22858	-0.261211
-0.228524	-0.260261
-0.228817	-0.258517
-0.229555	-0.255976
-0.230638	-0.253657
-0.232017	-0.250159
-0.232067	-0.247053
-0.231668	-0.244936
-0.230904	-0.243485
-0.230631	-0.242702
-0.230687	-0.242454
-0.231201	-0.241579
-0.232329	-0.240584
-0.232163	-0.239264
-0.231229	-0.237691
-0.229789	-0.23611
-0.229331	-0.235286
-0.229365	-0.235655
-0.23013	-0.235916
-0.231802	-0.236494
-0.232308	-0.237048
-0.232255	-0.237683
-0.231451	-0.238931
-0.230814	-0.240778
-0.230882	-0.243065
-0.231351	-0.245865
-0.231294	-0.248831
-0.230981	-0.252474
-0.231104	-0.25627
-0.231691	-0.260766
-0.231953	-0.26448
-0.23222	-0.267364
-0.232001	-0.269266
-0.231813	-0.270333
-0.231604	-0.270909
-0.23139	-0.271072
-0.230937	-0.270811
-0.230139	-0.269318
-0.229177	-0.266896
-0.227547	-0.263737
-0.226046	-0.260146
-0.224756	-0.256628
-0.224331	-0.253886
-0.224402	-0.252182
-0.225057	-0.251006
-0.226437	-0.249974
-0.228557	-0.249139
-0.231438	-0.248025
-0.233162	-0.247583
-0.233061	-0.247722
-0.232146	-0.248978
-0.230566	-0.250812
-0.229529	-0.253045
-0.229327	-0.255246
-0.229798	-0.258067
-0.230541	-0.2619
-0.231078	-0.263804
-0.231473	-0.26367
-0.232255	-0.263016
-0.233142	-0.262054
-0.23403	-0.259962
-0.234039	-0.258938
-0.234021	-0.25944
-0.233807	-0.259807
-0.233188	-0.26084
-0.231754	-0.261712
-0.22939	-0.26199
-0.228185	-0.261255
-0.226305	-0.259864
-0.225487	-0.259092
-0.225655	-0.259197
-0.226852	-0.25997
-0.228556	-0.261308
-0.230286	-0.261538
-0.232668	-0.261404
-0.234739	-0.260998
-0.236568	-0.260546
-0.237945	-0.259434
-0.238218	-0.259129
-0.237259	-0.260149
-0.236412	-0.260495
-0.235499	-0.260439
-0.234171	-0.260066
-0.231755	-0.2604
-0.229901	-0.260524
-0.228849	-0.25974
-0.228897	-0.259716
-0.229581	-0.259811
-0.231704	-0.25987
-0.232493	-0.26056
-0.233057	-0.260469
-0.233997	-0.260077
-0.23384	-0.260365
-0.233347	-0.260045
-0.2313	-0.260022
-0.229303	-0.259872
-0.228825	-0.259849
-0.229897	-0.260718
-0.230448	-0.260651
-0.231806	-0.260064
-0.231765	-0.260155
-0.231872	-0.259846
-0.231398	-0.260815
-0.230894	-0.260849
-0.230977	-0.260002
-0.231894	-0.259482
-0.231632	-0.260235
-0.231161	-0.260487
-0.231334	-0.259973
-0.230976	-0.260687
-0.231559	-0.259722
-0.231653	-0.260607
-0.232096	-0.260454
-0.233137	-0.260184
-0.23355	-0.260361
-0.234203	-0.259825
-0.23384	-0.260258
-0.233832	-0.26007
-0.233916	-0.260785
-0.233821	-0.261369
-0.233607	-0.261374
-0.233035	-0.260554
-0.232481	-0.259735
-0.231122	-0.259377
-0.231302	-0.259957
-0.231283	-0.261851
-0.231832	-0.263119
-0.232107	-0.263803
-0.232451	-0.264191
-0.232852	-0.264171
-0.233605	-0.263781
-0.23479	-0.263004
-0.235994	-0.262142
-0.237119	-0.260299
-0.239019	-0.258161
-0.239511	-0.256266
-0.239412	-0.25583
-0.238869	-0.256038
-0.237236	-0.256837
-0.235027	-0.258502
-0.232356	-0.260665
-0.230318	-0.262012
-0.229504	-0.262083
-0.229449	-0.261624
-0.229396	-0.259586
-0.229868	-0.258314
-0.231568	-0.256949
-0.232384	-0.256915
-0.232859	-0.257784
-0.233893	-0.259731
-0.234953	-0.262379
-0.236352	-0.264349
-0.237671	-0.265628
-0.239064	-0.266538
-0.240663	-0.267316
-0.242427	-0.267453
-0.244172	-0.266748
-0.246674	-0.265433
-0.249591	-0.263457
-0.252621	-0.261412
-0.254994	-0.259989
-0.255551	-0.26025
-0.256316	-0.260654
-0.257556	-0.260968
-0.259648	-0.262198
-0.262013	-0.263481
-0.262753	-0.264345
-0.263006	-0.265676
-0.26207	-0.266634
-0.260384	-0.267893
-0.25792	-0.269217
-0.255878	-0.27001
-0.254206	-0.270474
-0.254249	-0.271336
-0.254523	-0.272089
-0.255356	-0.272647
-0.257555	-0.274388
-0.260056	-0.276065
-0.262801	-0.277787
-0.264255	-0.278886
-0.264531	-0.279684
-0.263666	-0.280502
-0.261949	-0.281625
-0.259084	-0.28309
-0.257294	-0.284072
-0.25643	-0.284791
-0.257107	-0.284613
-0.258895	-0.283747
-0.261702	-0.283091
-0.263104	-0.283155
-0.263167	-0.283216
-0.262336	-0.283182
-0.260351	-0.283127
-0.257812	-0.282796
-0.256007	-0.28203
-0.254956	-0.282083
-0.254606	-0.282171
-0.254544	-0.28214
-0.254965	-0.282322
-0.256793	-0.28162
-0.259375	-0.280342
-0.262251	-0.279002
-0.263531	-0.278768
-0.263388	-0.27863
-0.262256	-0.27809
-0.259559	-0.277299
-0.257868	-0.276716
-0.257427	-0.276714
-0.257739	-0.277121
-0.258718	-0.278046
-0.260756	-0.279679
-0.261177	-0.280735
-0.260568	-0.281898
-0.259043	-0.283781
-0.257875	-0.286091
-0.25702	-0.288423
-0.256941	-0.290562
-0.256912	-0.291565
-0.256413	-0.29073
-0.25572	-0.289217
-0.254339	-0.286784
-0.252995	-0.285007
-0.252599	-0.283837
-0.25295	-0.282643
-0.254011	-0.281324
-0.255816	-0.279533
-0.259003	-0.277082
-0.262119	-0.27467
-0.263112	-0.272895
-0.263475	-0.272007
-0.26288	-0.271745
-0.261063	-0.271231
-0.258326	-0.270145
-0.257105	-0.269847
-0.257488	-0.270301
-0.258699	-0.271485
-0.26096	-0.272939
-0.261642	-0.274111
-0.261636	-0.275314
-0.261679	-0.277368
-0.260328	-0.279857
-0.258305	-0.282689
-0.257237	-0.285438
-0.257232	-0.288368
-0.257732	-0.291615
-0.258031	-0.292935
-0.258174	-0.293266
-0.257687	-0.292517
-0.256933	-0.290697
-0.2557	-0.288422
-0.25605	-0.286601
-0.257161	-0.284926
-0.258718	-0.28314
-0.261382	-0.282063
-0.262384	-0.281709
-0.262525	-0.28151
-0.261914	-0.282046
-0.260533	-0.283325
-0.258297	-0.285025
-0.257913	-0.286775
-0.258159	-0.289019
-0.258371	-0.289351
-0.258206	-0.288387
-0.259195	-0.288748
-0.260914	-0.289791
-0.263157	-0.291255
-0.264687	-0.292907
-0.266071	-0.293917
-0.267416	-0.294947
-0.26892	-0.296042
-0.270585	-0.297238
-0.272276	-0.298645
-0.274151	-0.299776
-0.276592	-0.300787
-0.279434	-0.300974
-0.282351	-0.301042
-0.284889	-0.301293
-0.287105	-0.301139
-0.289613	-0.300718
-0.291592	-0.300044
-0.29241	-0.299826
-0.293055	-0.299456
-0.292502	-0.299853
-0.291659	-0.300048
-0.290073	-0.300615
-0.288039	-0.301411
-0.287146	-0.302624
-0.286862	-0.304035
-0.28657	-0.304673
-0.286522	-0.305375
-0.286196	-0.30608
-0.286149	-0.307221
-0.286603	-0.308664
-0.28724	-0.310092
-0.288051	-0.311597
-0.288858	-0.313185
-0.289955	-0.314767
-0.29084	-0.316222
-0.292145	-0.317329
-0.292962	-0.318341
-0.293573	-0.3196
-0.294319	-0.321145
-0.294842	-0.322777
-0.295395	-0.324435
-0.295729	-0.325821
-0.29746	-0.32734
-0.299208	-0.328769
-0.301037	-0.330126
-0.302274	-0.331409
-0.303645	-0.332869
-0.30502	-0.334293
-0.306535	-0.335833
-0.307739	-0.337299
-0.309289	-0.338819
-0.311062	-0.340086
-0.312871	-0.340991
-0.314603	-0.341972
-0.316392	-0.343547
-0.317623	-0.344695
-0.319394	-0.345724
-0.320937	-0.346422
-0.321973	-0.346554
-0.323366	-0.347114
-0.324629	-0.347822
-0.326844	-0.347119
-0.328919	-0.346275
-0.331004	-0.345697
-0.332931	-0.344847
-0.334524	-0.344419
-0.336072	-0.344166
-0.337542	-0.343997
-0.338929	-0.343817
-0.33983	-0.344026
-0.341342	-0.344927
-0.342754	-0.345846
-0.344163	-0.346768
-0.345209	-0.347226
-0.346476	-0.347856
-0.347729	-0.348938
-0.349242	-0.35037
-0.350804	-0.351678
-0.352149	-0.353186
-0.353576	-0.354171
-0.355177	-0.355059
-0.356577	-0.355635
-0.357341	-0.356441
-0.358146	-0.357434
-0.358591	-0.358853
-0.359013	-0.360213
-0.359358	-0.361636
-0.359064	-0.363497
-0.358753	-0.365801
-0.358833	-0.36824
-0.359434	-0.370168
-0.359772	-0.372258
-0.359917	-0.374822
-0.360194	-0.377374
-0.360429	-0.379903
-0.359899	-0.382152
-0.359863	-0.384112
-0.360026	-0.386081
-0.360192	-0.387875
-0.360371	-0.389408
-0.360615	-0.390712
-0.360951	-0.391989
-0.361474	-0.393872
-0.362023	-0.395524
-0.362623	-0.396475
-0.363354	-0.397969
-0.364248	-0.399541
-0.365134	-0.401046
-0.365998	-0.402476
-0.367215	-0.404188
-0.369078	-0.405067
-0.370722	-0.405738
-0.371864	-0.405734
-0.373657	-0.406238
-0.375552	-0.406762
-0.376747	-0.40605
-0.3781	-0.404832
-0.380387	-0.403286
-0.38274	-0.401381
-0.384193	-0.400139
-0.385637	-0.398637
-0.386335	-0.396737
-0.387224	-0.394563
-0.387368	-0.393063
-0.388134	-0.391086
-0.388981	-0.389087
-0.389728	-0.387094
-0.39065	-0.384686
-0.391497	-0.382364
-0.391655	-0.379997
-0.391963	-0.377432
-0.392167	-0.374912
-0.392142	-0.372859
-0.392788	-0.370733
-0.392887	-0.369271
-0.392931	-0.367803
-0.393098	-0.366625
-0.39319	-0.36537
-0.393206	-0.364154
-0.392094	-0.362905
-0.391351	-0.362438
-0.390219	-0.361141
-0.38882	-0.360028
-0.386999	-0.358255
-0.385729	-0.356516
-0.384151	-0.355833
-0.382007	-0.355243
-0.380505	-0.354754
-0.379116	-0.354365
-0.378105	-0.354237
-0.377078	-0.354294
-0.376301	-0.355101
-0.375331	-0.356157
-0.374792	-0.357327
-0.374235	-0.358236
-0.373082	-0.360178
-0.372058	-0.362026
-0.371059	-0.363885
-0.369826	-0.365739
-0.368828	-0.367354
-0.367836	-0.368972
-0.36684	-0.371009
-0.365506	-0.3731
-0.364217	-0.37534
-0.363705	-0.377646
-0.363665	-0.380072
-0.363748	-0.381672
-0.363225	-0.382643
-0.362472	-0.382947
-0.36155	-0.383478
-0.361229	-0.383909
-0.360784	-0.385113
-0.360464	-0.386043
-0.360837	-0.387322
-0.361292	-0.388505
-0.361351	-0.390057
-0.361949	-0.39159
-0.363159	-0.39297
-0.36434	-0.394225
-0.365744	-0.395377
-0.3674	-0.396685
-0.36901	-0.397431
-0.370668	-0.398125
-0.370866	-0.399122
-0.371124	-0.400178
-0.371616	-0.401233
-0.372207	-0.402282
-0.372788	-0.40409
-0.373925	-0.40578
-0.375162	-0.406995
-0.376252	-0.407349
-0.377414	-0.407454
-0.378508	-0.407909
-0.380039	-0.408529
-0.381645	-0.409067
-0.383243	-0.409423
-0.384344	-0.41004
-0.385449	-0.410756
-0.386192	-0.411451
-0.387087	-0.412293
-0.388098	-0.413176
-0.388943	-0.413831
-0.390047	-0.41441
-0.391706	-0.414917
-0.393362	-0.415317
-0.394824	-0.415645
-0.39661	-0.415475
-0.398777	-0.415347
-0.400945	-0.414745
-0.403548	-0.415265
-0.40605	-0.416407
-0.408258	-0.416942
-0.410943	-0.416563
-0.413876	-0.416212
-0.416296	-0.416501
-0.418668	-0.416673
-0.421591	-0.417312
-0.424249	-0.417914
-0.426652	-0.418586
-0.428915	-0.419227
-0.430968	-0.419933
-0.43363	-0.42029
-0.434874	-0.420618
-0.435914	-0.420828
-0.437112	-0.421626
-0.439109	-0.421631
-0.44123	-0.421936
-0.4432	-0.422535
-0.445084	-0.42303
-0.446807	-0.423685
-0.448028	-0.424343
-0.449224	-0.424971
-0.450485	-0.425715
-0.451027	-0.426067
-0.452201	-0.426442
-0.453577	-0.427179
-0.454841	-0.428036
-0.456712	-0.429078
-0.458274	-0.429791
-0.459856	-0.430274
-0.461417	-0.430842
-0.462105	-0.431616
-0.462375	-0.432871
-0.462033	-0.434367
-0.461851	-0.435835
-0.461475	-0.43731
-0.460877	-0.439072
-0.460004	-0.440162
-0.459483	-0.441435
-0.458589	-0.442414
-0.457708	-0.443543
-0.45619	-0.444575
-0.45449	-0.445059
-0.452831	-0.445458
-0.45066	-0.445453
-0.448117	-0.445675
-0.446067	-0.445939
-0.44392	-0.446155
-0.44253	-0.446373
-0.441426	-0.446416
-0.440206	-0.446422
-0.437789	-0.446373
-0.435573	-0.446476
-0.434015	-0.446386
-0.432677	-0.446295
-0.430942	-0.446532
-0.42897	-0.447133
-0.427253	-0.44792
-0.425152	-0.448232
-0.422842	-0.448508
-0.421411	-0.449178
-0.42034	-0.44993
-0.419153	-0.450632
-0.417864	-0.451306
-0.415563	-0.451964
-0.413564	-0.452501
-0.411526	-0.453026
-0.409561	-0.453469
-0.408054	-0.453494
-0.406503	-0.453406
-0.403969	-0.453022
-0.401193	-0.453021
-0.399761	-0.453109
-0.399258	-0.452518
-0.398677	-0.451685
-0.397834	-0.45056
-0.397068	-0.449412
-0.39546	-0.44798
-0.394656	-0.446436
-0.393647	-0.444687
-0.39266	-0.442885
-0.391662	-0.441515
-0.390547	-0.440452
-0.389505	-0.439153
-0.388543	-0.437689
-0.386975	-0.435732
-0.386129	-0.434334
-0.385612	-0.432271
-0.385126	-0.430477
-0.384766	-0.428721
-0.384701	-0.426714
-0.384808	-0.424524
-0.384761	-0.422452
-0.384762	-0.420447
-0.385514	-0.419581
-0.386022	-0.418035
-0.386688	-0.416398
-0.387557	-0.414473
-0.388782	-0.412217
-0.389653	-0.409738
-0.391421	-0.407754
-0.393706	-0.405436
-0.395701	-0.403098
-0.397002	-0.401522
-0.398739	-0.399913
-0.400159	-0.397875
-0.401451	-0.396173
-0.403672	-0.394709
-0.405966	-0.393738
-0.408179	-0.393765
-0.41019	-0.393851
-0.412194	-0.394549
-0.414424	-0.394887
-0.416726	-0.395839
-0.418734	-0.396693
-0.42015	-0.397464
-0.421542	-0.398308
-0.422754	-0.399159
-0.423982	-0.400122
-0.425349	-0.400933
-0.42679	-0.401919
-0.428189	-0.402977
-0.428888	-0.404232
-0.42935	-0.405954
-0.429755	-0.407393
-0.429716	-0.40852
-0.429625	-0.409694
-0.429432	-0.410934
-0.429102	-0.412066
-0.428818	-0.413256
-0.428326	-0.414766
-0.427922	-0.416531
-0.427953	-0.418714
-0.427861	-0.421394
-0.42767	-0.423656
-0.427376	-0.425725
-0.427196	-0.428336
-0.426874	-0.430342
-0.426319	-0.432389
-0.425776	-0.434507
-0.425478	-0.436318
-0.425434	-0.437327
-0.425588	-0.438501
-0.425826	-0.439079
-0.425652	-0.439429
-0.425397	-0.439986
-0.425456	-0.440168
-0.425628	-0.439906
-0.425783	-0.439385
-0.426227	-0.438854
-0.426434	-0.4384
-0.427123	-0.437379
-0.427531	-0.436087
-0.427366	-0.434126
-0.426954	-0.432287
-0.426276	-0.430523
-0.426049	-0.42868
-0.425048	-0.425988
-0.423924	-0.423594
-0.422973	-0.421341
-0.422073	-0.419193
-0.421618	-0.417111
-0.421459	-0.414755
-0.420639	-0.412774
-0.4199	-0.410576
-0.419176	-0.408502
-0.418609	-0.406419
-0.417551	-0.404577
-0.416556	-0.402993
-0.415511	-0.401818
-0.414663	-0.400521
-0.413235	-0.398947
-0.411811	-0.39725
-0.410482	-0.395761
-0.408934	-0.394215
-0.407647	-0.393896
-0.405791	-0.393592
-0.404016	-0.393419
-0.403541	-0.393535
-0.402172	-0.394498
-0.401602	-0.396189
-0.40276	-0.397872
-0.403919	-0.39935
-0.405103	-0.400855
-0.405941	-0.403798
-0.405949	-0.406739
-0.406063	-0.409175
-0.406129	-0.410904
-0.405827	-0.412741
-0.405537	-0.414643
-0.405534	-0.417118
-0.40549	-0.419293
-0.404591	-0.421013
-0.403664	-0.422641
-0.403023	-0.423434
-0.402525	-0.424136
-0.402203	-0.424762
-0.401743	-0.424498
-0.401446	-0.423989
-0.401286	-0.423378
-0.400375	-0.422476
-0.399516	-0.42193
-0.398668	-0.421453
-0.398148	-0.42115
-0.397131	-0.420731
-0.396631	-0.42074
-0.396324	-0.420751
-0.395713	-0.420655
-0.395289	-0.42053
-0.395844	-0.419987
-0.397165	-0.418839
-0.400052	-0.417595
-0.403306	-0.416878
-0.406872	-0.41635
-0.410254	-0.41561
-0.412933	-0.415238
-0.415376	-0.414985
-0.417679	-0.415102
-0.419447	-0.414405
-0.420612	-0.413901
-0.421901	-0.413492
-0.42304	-0.413127
-0.424077	-0.412952
-0.425483	-0.41294
-0.426844	-0.412911
-0.428625	-0.412366
-0.430412	-0.411772
-0.432487	-0.4113
-0.435079	-0.410067
-0.437316	-0.409114
-0.438894	-0.408968
-0.44024	-0.408961
-0.441443	-0.408896
-0.442942	-0.408314
-0.443653	-0.407283
-0.443366	-0.406228
-0.442995	-0.405196
-0.442199	-0.404205
-0.441265	-0.403269
-0.439461	-0.402424
-0.437288	-0.40109
-0.434499	-0.399699
-0.431622	-0.397445
-0.429107	-0.395512
-0.426812	-0.394389
-0.424887	-0.393476
-0.423251	-0.392892
-0.421511	-0.392193
-0.419766	-0.39199
-0.418086	-0.392117
-0.417022	-0.39282
-0.415524	-0.393732
-0.41441	-0.39585
-0.413296	-0.398338
-0.411709	-0.400351
-0.410439	-0.402369
-0.409675	-0.404905
-0.409	-0.40712
-0.40879	-0.409253
-0.408345	-0.411353
-0.407838	-0.413168
-0.406932	-0.414417
-0.406018	-0.415657
-0.405112	-0.416897
-0.403829	-0.418146
-0.403568	-0.419481
-0.403949	-0.421294
-0.404877	-0.423273
-0.406207	-0.424619
-0.407048	-0.426519
-0.408398	-0.428519
-0.409599	-0.430304
-0.410946	-0.432154
-0.413247	-0.433367
-0.415004	-0.434575
-0.417447	-0.434513
-0.419821	-0.434287
-0.421888	-0.433658
-0.42436	-0.433086
-0.426651	-0.432488
-0.428448	-0.431451
-0.430267	-0.430427
-0.432284	-0.428467
-0.43419	-0.426829
-0.435592	-0.425283
-0.436652	-0.423721
-0.437518	-0.42313
-0.438069	-0.422471
-0.43904	-0.421704
-0.43983	-0.420946
-0.440499	-0.419661
-0.441144	-0.418685
-0.441662	-0.417779
-0.441978	-0.416553
-0.442264	-0.41561
-0.44269	-0.415435
-0.443612	-0.415196
-0.444098	-0.415566
-0.444337	-0.415044
-0.444755	-0.414614
-0.445071	-0.415046
-0.445863	-0.415381
-0.44677	-0.415966
-0.447635	-0.416663
-0.44862	-0.417473
-0.449807	-0.418636
-0.450796	-0.420068
-0.451816	-0.42179
-0.453404	-0.424548
-0.454805	-0.427442
-0.455629	-0.430611
-0.456196	-0.433497
-0.456377	-0.436643
-0.456501	-0.439279
-0.456496	-0.441566
-0.457022	-0.443564
-0.457675	-0.445272
-0.458681	-0.445835
-0.459802	-0.446725
-0.460823	-0.447394
-0.462883	-0.447932
-0.465911	-0.448936
-0.468907	-0.449665
-0.47203	-0.450034
-0.475358	-0.450356
-0.47822	-0.450602
-0.48063	-0.450762
-0.482518	-0.451132
-0.484129	-0.451717
-0.485604	-0.452309
-0.487068	-0.452872
-0.488652	-0.453688
-0.489542	-0.454839
-0.490395	-0.456048
-0.49106	-0.457322
-0.491929	-0.458623
-0.49234	-0.459446
-0.492648	-0.460282
-0.492631	-0.461116
-0.492843	-0.462138
-0.492602	-0.462175
-0.491415	-0.462184
-0.490125	-0.462002
-0.48872	-0.461902
-0.486851	-0.461722
-0.484749	-0.461591
-0.481997	-0.460877
-0.479187	-0.460244
-0.477074	-0.45895
-0.474845	-0.457752
-0.472654	-0.456562
-0.470748	-0.455689
-0.468355	-0.454631
-0.466118	-0.453643
-0.463282	-0.45186
-0.460659	-0.450305
-0.457991	-0.448378
-0.455522	-0.446555
-0.453352	-0.444495
-0.451263	-0.442117
-0.44922	-0.439345
-0.448601	-0.436403
-0.447956	-0.433695
-0.447126	-0.430915
-0.44672	-0.42873
-0.446092	-0.426632
-0.445055	-0.424831
-0.444294	-0.423518
-0.444294	-0.422149
-0.444553	-0.420924
-0.44523	-0.420597
-0.445873	-0.420217
-0.446545	-0.419985
-0.446795	-0.420372
-0.447335	-0.421327
-0.448334	-0.422091
-0.449961	-0.423098
-0.452087	-0.423818
-0.45405	-0.424639
-0.455946	-0.42638
-0.457897	-0.428531
-0.459805	-0.430833
-0.461692	-0.432659
-0.464033	-0.434093
-0.466119	-0.435552
-0.467627	-0.436922
-0.469159	-0.438743
-0.470579	-0.440122
-0.471851	-0.441511
-0.4737	-0.442883
-0.475186	-0.444315
-0.476612	-0.446133
-0.477976	-0.447818
-0.479618	-0.449646
-0.481334	-0.452089
-0.483029	-0.454316
-0.484254	-0.45647
-0.48473	-0.459128
-0.484776	-0.461954
-0.484831	-0.464625
-0.484977	-0.46705
-0.484714	-0.468976
-0.484651	-0.470357
-0.484235	-0.471714
-0.484071	-0.473101
-0.483918	-0.474189
-0.483506	-0.474831
-0.483074	-0.475392
-0.482627	-0.475623
-0.481503	-0.475653
-0.480134	-0.475504
-0.478472	-0.475016
-0.476707	-0.474552
-0.475199	-0.474482
-0.473969	-0.47376
-0.471254	-0.472565
-0.468622	-0.471863
-0.46604	-0.470706
-0.463665	-0.469611
-0.461723	-0.468114
-0.459913	-0.466473
-0.457752	-0.464582
-0.45548	-0.462653
-0.453272	-0.460923
-0.45165	-0.459291
-0.449637	-0.458166
-0.447318	-0.457062
-0.445221	-0.455876
-0.443332	-0.454627
-0.441629	-0.453274
-0.440358	-0.451263
-0.438853	-0.449069
-0.437367	-0.447239
-0.436128	-0.445259
-0.436226	-0.443326
-0.436698	-0.441768
-0.437137	-0.440153
-0.437622	-0.437548
-0.437908	-0.435108
-0.438114	-0.432631
-0.43844	-0.430704
-0.438718	-0.429343
-0.438302	-0.428088
-0.43763	-0.426887
-0.437114	-0.426276
-0.43678	-0.426321
-0.436011	-0.426389
-0.435407	-0.426335
-0.434603	-0.426387
-0.434182	-0.427181
-0.433562	-0.4285
-0.432763	-0.430077
-0.431587	-0.431436
-0.43057	-0.432537
-0.429595	-0.433852
-0.42778	-0.434242
-0.426771	-0.434186
-0.426104	-0.433954
-0.426416	-0.433425
-0.426676	-0.433328
-0.427103	-0.43391
-0.427989	-0.434987
-0.429017	-0.436366
-0.430628	-0.437241
-0.432332	-0.43797
-0.433948	-0.438754
-0.435852	-0.438631
-0.437733	-0.438398
-0.438869	-0.438401
-0.440509	-0.439356
-0.440998	-0.439848
-0.441614	-0.440501
-0.442738	-0.442393
-0.443669	-0.443954
-0.444567	-0.445598
-0.445427	-0.447437
-0.44628	-0.44918
-0.446802	-0.450794
-0.447206	-0.452165
-0.44781	-0.45311
-0.448545	-0.454132
-0.449797	-0.455014
-0.450932	-0.456152
-0.45232	-0.457102
-0.454228	-0.458653
-0.455616	-0.460412
-0.456472	-0.462198
-0.457185	-0.463865
-0.458553	-0.463651
-0.460464	-0.463851
-0.461856	-0.464199
-0.463459	-0.465003
-0.464838	-0.465309
-0.466772	-0.465459
-0.468623	-0.465852
-0.470482	-0.466071
-0.472974	-0.46614
-0.475537	-0.465931
-0.478331	-0.465314
-0.481545	-0.464526
-0.484131	-0.463802
-0.486958	-0.462518
-0.488755	-0.461361
-0.491046	-0.459885
-0.492567	-0.4587
-0.493591	-0.456722
-0.494129	-0.454712
-0.494414	-0.453006
-0.494606	-0.450566
-0.49468	-0.448226
-0.495043	-0.44617
-0.495243	-0.444032
-0.495301	-0.44202
-0.495654	-0.439658
-0.49655	-0.437873
-0.497315	-0.436214
-0.498039	-0.434548
-0.499248	-0.43263
-0.500043	-0.431015
-0.500707	-0.428781
-0.501283	-0.426861
-0.501721	-0.425055
-0.502229	-0.423516
-0.502248	-0.421672
-0.502368	-0.420261
-0.502287	-0.418947
-0.502476	-0.417724
-0.503262	-0.415814
-0.504037	-0.414796
-0.504961	-0.414106
-0.506873	-0.413775
-0.508668	-0.413327
-0.510604	-0.41299
-0.512645	-0.412744
-0.514979	-0.412622
-0.517212	-0.412808
-0.518788	-0.413377
-0.520455	-0.413924
-0.521781	-0.41448
-0.523335	-0.414364
-0.524918	-0.41428
-0.526475	-0.413921
-0.527883	-0.413651
-0.528995	-0.413544
-0.529154	-0.413396
-0.529382	-0.41355
-0.530324	-0.414597
-0.531103	-0.415001
-0.531916	-0.415502
-0.53238	-0.416339
-0.532701	-0.417754
-0.532832	-0.419287
-0.532968	-0.420908
-0.533505	-0.422793
-0.534325	-0.425596
-0.534984	-0.427658
-0.535918	-0.430323
-0.537129	-0.432525
-0.538192	-0.43482
-0.538932	-0.436737
-0.539878	-0.437697
-0.539812	-0.439111
-0.539726	-0.440319
-0.540018	-0.441304
-0.540336	-0.442867
-0.540455	-0.445078
-0.540447	-0.446831
-0.540431	-0.448487
-0.540846	-0.449586
-0.540013	-0.450619
-0.53852	-0.45186
-0.53692	-0.453175
-0.534996	-0.454656
-0.533017	-0.455946
-0.53121	-0.457044
-0.529406	-0.45796
-0.52775	-0.458811
-0.526141	-0.460027
-0.524641	-0.46119
-0.523211	-0.462047
-0.521706	-0.462744
-0.520274	-0.463021
-0.518389	-0.463106
-0.516392	-0.463061
-0.514274	-0.462905
-0.512157	-0.462516
-0.509259	-0.462528
-0.506417	-0.462933
-0.503648	-0.46319
-0.501227	-0.463884
-0.499042	-0.464815
-0.496831	-0.465764
-0.49496	-0.467068
-0.492635	-0.468094
-0.490461	-0.46885
-0.488237	-0.468241
-0.486138	-0.467586
-0.484437	-0.46634
-0.482652	-0.465252
-0.480643	-0.464763
-0.478406	-0.463631
-0.47576	-0.462739
-0.473186	-0.461642
-0.470719	-0.461003
-0.468477	-0.460354
-0.466475	-0.459784
-0.464476	-0.459561
-0.462173	-0.459224
-0.460297	-0.458419
-0.458834	-0.457646
-0.45685	-0.456784
-0.454934	-0.455643
-0.45366	-0.454663
-0.45285	-0.453746
-0.452189	-0.452813
-0.451915	-0.452765
-0.451595	-0.452909
-0.451094	-0.452822
-0.450459	-0.45284
-0.449674	-0.452899
-0.448993	-0.452827
-0.448429	-0.452525
-0.447545	-0.452578
-0.446796	-0.452792
-0.446435	-0.452706
-0.445794	-0.453086
-0.445051	-0.453547
-0.444851	-0.45354
-0.444468	-0.452706
-0.444042	-0.452165
-0.443432	-0.451274
-0.442971	-0.450557
-0.442846	-0.450126
-0.442703	-0.449421
-0.442742	-0.448801
-0.442928	-0.447802
-0.442458	-0.447606
-0.442438	-0.448051
-0.442423	-0.449549
-0.442377	-0.451759
-0.442306	-0.454368
-0.442388	-0.457095
-0.442718	-0.459894
-0.443772	-0.462246
-0.445124	-0.464857
-0.445738	-0.466707
-0.446058	-0.467813
-0.446285	-0.468048
-0.447298	-0.467606
-0.448809	-0.466714
-0.450626	-0.465359
-0.453004	-0.463133
-0.455341	-0.460506
-0.456798	-0.458056
-0.458333	-0.455945
-0.460122	-0.453416
-0.461698	-0.451957
-0.4635	-0.450977
-0.464553	-0.450322
-0.465098	-0.450027
-0.465517	-0.449723
-0.465807	-0.44975
-0.466041	-0.4501
-0.466399	-0.451009
-0.466689	-0.452523
-0.467311	-0.454305
-0.467915	-0.456328
-0.468404	-0.458781
-0.468705	-0.462034
-0.468621	-0.465257
-0.468703	-0.468112
-0.468686	-0.470307
-0.469148	-0.472502
-0.469866	-0.473423
-0.470682	-0.474176
-0.472934	-0.474223
-0.474718	-0.473978
-0.476515	-0.472897
-0.478446	-0.472289
-0.480533	-0.471469
-0.482935	-0.470397
-0.485616	-0.469231
-0.488604	-0.468487
-0.491489	-0.467481
-0.493628	-0.467155
-0.495021	-0.466641
-0.496151	-0.466157
-0.496915	-0.46595
-0.497742	-0.465248
-0.498465	-0.463789
-0.499231	-0.462124
-0.499202	-0.460786
-0.499222	-0.459315
-0.499088	-0.457873
-0.498637	-0.456509
-0.498064	-0.454649
-0.496967	-0.452058
-0.495393	-0.449395
-0.493379	-0.447335
-0.490515	-0.446261
-0.487777	-0.445272
-0.485464	-0.444595
-0.482987	-0.444823
-0.480442	-0.445489
-0.477662	-0.446467
-0.475172	-0.447793
-0.472595	-0.449164
-0.469807	-0.450837
-0.466586	-0.452587
-0.463132	-0.454328
-0.459415	-0.456134
-0.456414	-0.457852
-0.453863	-0.459035
-0.451782	-0.460424
-0.450225	-0.461611
-0.448551	-0.462896
-0.447569	-0.462895
-0.446629	-0.462327
-0.445997	-0.461591
-0.446318	-0.460829
-0.446696	-0.460535
-0.447941	-0.459333
-0.4491	-0.458432
-0.450547	-0.45772
-0.453038	-0.457107
-0.455426	-0.45636
-0.458217	-0.456049
-0.461274	-0.455765
-0.46439	-0.455069
-0.466684	-0.454864
-0.46832	-0.4555
-0.470134	-0.457477
-0.471846	-0.459774
-0.473337	-0.462308
-0.473673	-0.464778
-0.474384	-0.466175
-0.475132	-0.468247
-0.475636	-0.469157
-0.476346	-0.469744
-0.477027	-0.4702
-0.477672	-0.470392
-0.478727	-0.470699
-0.479367	-0.471186
-0.480796	-0.471336
-0.482483	-0.471451
-0.484691	-0.471368
-0.487112	-0.471139
-0.489692	-0.470747
-0.492656	-0.47024
-0.494769	-0.470031
-0.496718	-0.469327
-0.498442	-0.4685
-0.499883	-0.467609
-0.50108	-0.466869
-0.502192	-0.466345
-0.503211	-0.465781
-0.504188	-0.464464
-0.504909	-0.463405
-0.505656	-0.46217
-0.506195	-0.461097
-0.506404	-0.459351
-0.506734	-0.457995
-0.507302	-0.456863
-0.50817	-0.456798
-0.508287	-0.457062
-0.508302	-0.457334
-0.508283	-0.458453
-0.508168	-0.460096
-0.507861	-0.462038
-0.507754	-0.464334
-0.507538	-0.465872
-0.507597	-0.467147
-0.507357	-0.468945
-0.506934	-0.47037
-0.505889	-0.471009
-0.504075	-0.471305
-0.501801	-0.471012
-0.49911	-0.46948
-0.496562	-0.467836
-0.494377	-0.465661
-0.492174	-0.463421
-0.490009	-0.4611
-0.487935	-0.459443
-0.48581	-0.458468
-0.48365	-0.457813
-0.481503	-0.457597
-0.479836	-0.457243
-0.477712	-0.456812
-0.475688	-0.457048
-0.473577	-0.457725
-0.471592	-0.458685
-0.469426	-0.46005
-0.467825	-0.461589
-0.465748	-0.463712
-0.464248	-0.465932
-0.463835	-0.468393
-0.463594	-0.47014
-0.463093	-0.470947
-0.46276	-0.471283
-0.462276	-0.471229
-0.461802	-0.470672
-0.461191	-0.469469
-0.460899	-0.467494
-0.460151	-0.464648
-0.459325	-0.461924
-0.460033	-0.460744
-0.462075	-0.45954
-0.465029	-0.459089
-0.468068	-0.458995
-0.470333	-0.459478
-0.472057	-0.459959
-0.47373	-0.460969
-0.475455	-0.461359
-0.477594	-0.462709
-0.479657	-0.464145
-0.481855	-0.465339
-0.484492	-0.466405
-0.487615	-0.467109
-0.490783	-0.467458
-0.494359	-0.467206
-0.497462	-0.466076
-0.499602	-0.464672
-0.501945	-0.463174
-0.504439	-0.461333
-0.506768	-0.460027
-0.508279	-0.459216
-0.509193	-0.458527
-0.509499	-0.457968
-0.509395	-0.457657
-0.509158	-0.457124
-0.509353	-0.456704
-0.510306	-0.455714
-0.510929	-0.455018
-0.511274	-0.454475
-0.512113	-0.45399
-0.513083	-0.453383
-0.513943	-0.45224
-0.514987	-0.451295
-0.516054	-0.450715
-0.516823	-0.450894
-0.516571	-0.451964
-0.516226	-0.453331
-0.516058	-0.45511
-0.515767	-0.457294
-0.515898	-0.459766
-0.51575	-0.462366
-0.515782	-0.465032
-0.515606	-0.467759
-0.515439	-0.470133
-0.515169	-0.472351
-0.514734	-0.474113
-0.51421	-0.475504
-0.513908	-0.476907
-0.513494	-0.477914
-0.51283	-0.478657
-0.512396	-0.479258
-0.511774	-0.479597
-0.511005	-0.479868
-0.509812	-0.479824
-0.508126	-0.47971
-0.505651	-0.479555
-0.503097	-0.479237
-0.499692	-0.479334
-0.49638	-0.479306
-0.493785	-0.478825
-0.491546	-0.477633
-0.489445	-0.475834
-0.488268	-0.47396
-0.487387	-0.471952
-0.486633	-0.469572
-0.486085	-0.467047
-0.485801	-0.464305
-0.486027	-0.461776
-0.486136	-0.460307
-0.485857	-0.459258
-0.485862	-0.458749
-0.485301	-0.458644
-0.484407	-0.459167
-0.482776	-0.459717
-0.480889	-0.461011
-0.478803	-0.462804
-0.477159	-0.464058
-0.475645	-0.465501
-0.474329	-0.465839
-0.474027	-0.46579
-0.473932	-0.465385
-0.473268	-0.464058
-0.47284	-0.462549
-0.473153	-0.460395
-0.473316	-0.459449
-0.473519	-0.459366
-0.473981	-0.459587
-0.475264	-0.460478
-0.476726	-0.462243
-0.47847	-0.464225
-0.48027	-0.466131
-0.482283	-0.467997
-0.484557	-0.469694
-0.487024	-0.471299
-0.490203	-0.472683
-0.49313	-0.473947
-0.495008	-0.474791
-0.496438	-0.475425
-0.498116	-0.475899
-0.499612	-0.476145
-0.50078	-0.475871
-0.501567	-0.475553
-0.502378	-0.475131
-0.503318	-0.474451
-0.504303	-0.473581
-0.505163	-0.472206
-0.506024	-0.470291
-0.50713	-0.468325
-0.507951	-0.466237
-0.508559	-0.464192
-0.509708	-0.461771
-0.510461	-0.46012
-0.510824	-0.458986
-0.511052	-0.458594
-0.511841	-0.459554
-0.512771	-0.460737
-0.513752	-0.462409
-0.515279	-0.464033
-0.516511	-0.465372
-0.517683	-0.46632
-0.518639	-0.467415
-0.519292	-0.468463
-0.520378	-0.469132
-0.520673	-0.469723
-0.520661	-0.469834
-0.520224	-0.470043
-0.520028	-0.4701
-0.519713	-0.470212
-0.518779	-0.470359
-0.517462	-0.470562
-0.515916	-0.47071
-0.51364	-0.470963
-0.51168	-0.470433
-0.50917	-0.469748
-0.507298	-0.468983
-0.505308	-0.468149
-0.503296	-0.466707
-0.500933	-0.465275
-0.498101	-0.464323
-0.495349	-0.463705
-0.49287	-0.462755
-0.490575	-0.461881
-0.488615	-0.461647
-0.486762	-0.461909
-0.485051	-0.461852
-0.482998	-0.461762
-0.480751	-0.462542
-0.479811	-0.463593
-0.479193	-0.46496
-0.478967	-0.466083
-0.478726	-0.467124
-0.479602	-0.468014
-0.481006	-0.469105
-0.482942	-0.470565
-0.484982	-0.471846
-0.487519	-0.473343
-0.490653	-0.47457
-0.494667	-0.475562
-0.498757	-0.476777
-0.503004	-0.4784
-0.506537	-0.479581
-0.509943	-0.480401
-0.512757	-0.481673
-0.515955	-0.482939
-0.518768	-0.484058
-0.521069	-0.485672
-0.521989	-0.486835
-0.521605	-0.487414
-0.520503	-0.488377
-0.518747	-0.490022
-0.516819	-0.492087
-0.515556	-0.49295
-0.514173	-0.493149
-0.512759	-0.492796
-0.510614	-0.492323
-0.508439	-0.491257
-0.506103	-0.49055
-0.50404	-0.490112
-0.501589	-0.488759
-0.499408	-0.487615
-0.49739	-0.486691
-0.495315	-0.485866
-0.493409	-0.484975
-0.49134	-0.485034
-0.489237	-0.48525
-0.488409	-0.485372
-0.48865	-0.485209
-0.490772	-0.485306
-0.493299	-0.485602
-0.495712	-0.486268
-0.498425	-0.48692
-0.501079	-0.487457
-0.504193	-0.488402
-0.507052	-0.489311
-0.510018	-0.490383
-0.513013	-0.491578
-0.5154	-0.491924
-0.518346	-0.49069
-0.520248	-0.489349
-0.520749	-0.488554
-0.519879	-0.488063
-0.518828	-0.487616
-0.517773	-0.487021
-0.516853	-0.486974
-0.515966	-0.487114
-0.515255	-0.487726
-0.514519	-0.488491
-0.51345	-0.489751
-0.512399	-0.491435
-0.511793	-0.491705
-0.511743	-0.491159
-0.512318	-0.490644
-0.513932	-0.489038
-0.515696	-0.487623
-0.517881	-0.48593
-0.519281	-0.483875
-0.520793	-0.481972
-0.521068	-0.480322
-0.520064	-0.479009
-0.518833	-0.478554
-0.517873	-0.478358
-0.517269	-0.478669
-0.516912	-0.479345
-0.516123	-0.480521
-0.514902	-0.482256
-0.513151	-0.485637
-0.511259	-0.489232
-0.509823	-0.492371
-0.509074	-0.493887
-0.509236	-0.494446
-0.509946	-0.493923
-0.511328	-0.492647
-0.513062	-0.49063
-0.515236	-0.489077
-0.517274	-0.487298
-0.51895	-0.485774
-0.52076	-0.484386
-0.52134	-0.483761
-0.520509	-0.483592
-0.518818	-0.482775
-0.517812	-0.482357
-0.517217	-0.482271
-0.516861	-0.482465
-0.516534	-0.483291
-0.516018	-0.484534
-0.515837	-0.486208
-0.515812	-0.488569
-0.516409	-0.491407
-0.516837	-0.492851
-0.51718	-0.493193
-0.517298	-0.492839
-0.517782	-0.491804
-0.51882	-0.489535
-0.520283	-0.487885
-0.521109	-0.487073
-0.520441	-0.486365
-0.518569	-0.484769
-0.517132	-0.484069
-0.516427	-0.483729
-0.51636	-0.483741
-0.516526	-0.483102
-0.517346	-0.482705
-0.518637	-0.482123
-0.520502	-0.481766
-0.520943	-0.481868
-0.519969	-0.481961
-0.518605	-0.482161
-0.517586	-0.482803
-0.51665	-0.483103
-0.516047	-0.483628
-0.515102	-0.484805
-0.513988	-0.486902
-0.512762	-0.489277
-0.511793	-0.492051
-0.510933	-0.493456
-0.510624	-0.493623
-0.510523	-0.493023
-0.510612	-0.491067
-0.511119	-0.489563
-0.511223	-0.488392
-0.511733	-0.48726
-0.512657	-0.48651
-0.51395	-0.485469
-0.516154	-0.485477
-0.518619	-0.486005
-0.521581	-0.486833
-0.522583	-0.487004
-0.522064	-0.487042
-0.520343	-0.487255
-0.517728	-0.487543
-0.515157	-0.488273
-0.512907	-0.490236
-0.510962	-0.492658
-0.508995	-0.493685
-0.5079	-0.494115
-0.507256	-0.493447
-0.505766	-0.491713
-0.504332	-0.489104
-0.503415	-0.487483
-0.502749	-0.486436
-0.502646	-0.486143
-0.503528	-0.486017
-0.504811	-0.486033
-0.506644	-0.4864
-0.509152	-0.487068
-0.512171	-0.487557
-0.51621	-0.488127
-0.520374	-0.489088
-0.522718	-0.490043
-0.523431	-0.49098
-0.523309	-0.491236
-0.522246	-0.492114
-0.520986	-0.493586
-0.519399	-0.495163
-0.518496	-0.495675
-0.517473	-0.495121
-0.515751	-0.493491
-0.513789	-0.4915
-0.51209	-0.48822
-0.511226	-0.486341
-0.510525	-0.484989
-0.510414	-0.48441
-0.511414	-0.484389
-0.513106	-0.483953
-0.51552	-0.483722
-0.518691	-0.484721
-0.522253	-0.486046
-0.523794	-0.487071
-0.523694	-0.487565
-0.52281	-0.489467
-0.521161	-0.491685
-0.519449	-0.493422
-0.518372	-0.493769
-0.517883	-0.493461
-0.517244	-0.493184
-0.516015	-0.492247
-0.514979	-0.490671
-0.514977	-0.489842
-0.515475	-0.489613
-0.517039	-0.489033
-0.519568	-0.48863
-0.523153	-0.487989
-0.524827	-0.48777
-0.525243	-0.486542
-0.5246	-0.485959
-0.523329	-0.485175
-0.521434	-0.484005
-0.518696	-0.482629
-0.517115	-0.481143
-0.51643	-0.480211
-0.515421	-0.480495
-0.514241	-0.481407
-0.513422	-0.483091
-0.512437	-0.484742
-0.511592	-0.487041
-0.511159	-0.489999
-0.510752	-0.492975
-0.510638	-0.494102
-0.510928	-0.493876
-0.511897	-0.492673
-0.513244	-0.490608
-0.515395	-0.488879
-0.517753	-0.488267
-0.520565	-0.487824
-0.521557	-0.487619
-0.521602	-0.486852
-0.520313	-0.485683
-0.518068	-0.484437
-0.517245	-0.484082
-0.517027	-0.484239
-0.51691	-0.485156
-0.516816	-0.486689
-0.517133	-0.48866
-0.518396	-0.491583
-0.51907	-0.492033
-0.519692	-0.491479
-0.520904	-0.489595
-0.520949	-0.48819
-0.520732	-0.487211
-0.519369	-0.487041
-0.519024	-0.488458
-0.518486	-0.490979
-0.51807	-0.49341
-0.5182	-0.494144
-0.519383	-0.493529
-0.520668	-0.492453
-0.521859	-0.491271
-0.522394	-0.490661
-0.521571	-0.490621
-0.520052	-0.489857
-0.519512	-0.48982
-0.519798	-0.490466
-0.520026	-0.491558
-0.520293	-0.491117
-0.519574	-0.49122
-0.519626	-0.491829
-0.519682	-0.491449
-0.5202	-0.489402
-0.520891	-0.488646
-0.520389	-0.488455
-0.518696	-0.48826
-0.517557	-0.489148
-0.516574	-0.490678
-0.51646	-0.493185
-0.516505	-0.494013
-0.516041	-0.492829
-0.51551	-0.490504
-0.515732	-0.489284
-0.517147	-0.48849
-0.519319	-0.487949
-0.521459	-0.487491
-0.522741	-0.487034
-0.522201	-0.486523
-0.520397	-0.486262
-0.516945	-0.485303
-0.514872	-0.485652
-0.513582	-0.4868
-0.512714	-0.488399
-0.512811	-0.490388
-0.513272	-0.4932
-0.513622	-0.494274
-0.513773	-0.494417
-0.514248	-0.493206
-0.514561	-0.490864
-0.515015	-0.490066
-0.516015	-0.489209
-0.517752	-0.489357
-0.520429	-0.489279
-0.521415	-0.489036
-0.520747	-0.489151
-0.518683	-0.489073
-0.517915	-0.4892
-0.516819	-0.489531
-0.516767	-0.490074
-0.516516	-0.49179
-0.517052	-0.49189
-0.51801	-0.491075
-0.519802	-0.490417
-0.522128	-0.489797
-0.522671	-0.489308
-0.521719	-0.489445
-0.519594	-0.489803
-0.518585	-0.490625
-0.517767	-0.492036
-0.517462	-0.492138
-0.517704	-0.491146
-0.518374	-0.490838
-0.519796	-0.490758
-0.521789	-0.490737
-0.522209	-0.490698
-0.52141	-0.490824
-0.519478	-0.491138
-0.518642	-0.49181
-0.518343	-0.491434
-0.517786	-0.489173
-0.517871	-0.488163
-0.518236	-0.487972
-0.519385	-0.487628
-0.521239	-0.487628
-0.521449	-0.487519
-0.520546	-0.487776
-0.518576	-0.488084
-0.517412	-0.489368
-0.516601	-0.491342
-0.515885	-0.491133
-0.515817	-0.49115
-0.516351	-0.491801
-0.516023	-0.490714
-0.515793	-0.490426
-0.516335	-0.490784
-0.5177	-0.491834
-0.518818	-0.491789
-0.520583	-0.492256
-0.52246	-0.49276
-0.523925	-0.493344
-0.525022	-0.494137
-0.526053	-0.494647
-0.526921	-0.495136
-0.527581	-0.495733
-0.528022	-0.496066
-0.528555	-0.496542
-0.529188	-0.497199
-0.5299	-0.497972
-0.53077	-0.498966
-0.531578	-0.500406
-0.531811	-0.50116
-0.532	-0.502235
-0.532217	-0.503458
-0.531608	-0.505323
-0.53093	-0.507182
-0.529963	-0.509495
-0.528715	-0.5124
-0.527514	-0.515001
-0.526367	-0.51729
-0.524945	-0.519821
-0.523544	-0.522765
-0.522395	-0.525116
-0.521612	-0.527247
-0.52128	-0.528728
-0.520961	-0.529953
-0.520743	-0.530811
-0.520765	-0.531805
-0.520757	-0.532683
-0.520369	-0.533501
-0.520034	-0.53391
-0.519638	-0.533658
-0.518961	-0.531992
-0.517962	-0.530147
-0.517094	-0.527687
-0.515445	-0.525616
-0.51419	-0.522883
-0.513078	-0.519275
-0.512078	-0.515054
-0.512148	-0.510391
-0.512949	-0.504834
-0.514109	-0.499137
-0.51548	-0.492765
-0.517543	-0.486543
-0.520198	-0.482642
-0.522762	-0.478801
-0.523559	-0.476459
-0.523269	-0.474922
-0.52178	-0.473507
-0.519257	-0.471288
-0.518427	-0.470115
-0.5185	-0.470071
-0.519728	-0.470151
-0.521932	-0.47017
-0.522206	-0.470745
-0.52044	-0.471244
-0.517899	-0.472113
-0.516372	-0.47353
-0.515873	-0.475845
-0.515736	-0.478918
-0.515965	-0.482487
-0.51653	-0.486565
-0.517566	-0.491387
-0.519199	-0.49445
-0.520391	-0.495852
-0.522148	-0.496427
-0.523998	-0.497113
-0.52542	-0.49815
-0.526517	-0.499222
-0.527666	-0.500124
-0.528877	-0.501107
-0.530328	-0.502213
-0.531749	-0.503275
-0.532368	-0.504166
-0.533022	-0.504969
-0.533699	-0.50596
-0.53444	-0.507132
-0.53482	-0.508809
-0.535367	-0.51049
-0.536142	-0.51223
-0.537149	-0.513645
-0.537791	-0.514874
-0.538432	-0.516367
-0.539092	-0.517942
-0.539758	-0.519947
-0.540618	-0.521672
-0.541072	-0.523109
-0.541469	-0.524071
-0.54179	-0.52466
-0.541966	-0.525483
-0.542159	-0.525776
-0.541602	-0.526337
-0.540376	-0.526738
-0.540003	-0.527004
-0.540075	-0.527152
-0.5403	-0.527166
-0.54141	-0.525789
-0.542236	-0.523488
-0.542083	-0.520792
-0.541887	-0.518696
-0.541436	-0.516641
-0.541282	-0.51471
-0.541189	-0.512812
-0.541444	-0.510976
-0.54134	-0.508837
-0.541311	-0.507417
-0.541579	-0.506263
-0.541841	-0.505216
-0.542407	-0.504065
-0.54358	-0.503522
-0.544847	-0.503166
-0.54592	-0.502524
-0.547065	-0.501879
-0.548251	-0.501315
-0.549857	-0.500788
-0.551008	-0.500402
-0.551489	-0.500034
-0.551493	-0.49961
-0.550977	-0.498663
-0.549732	-0.497619
-0.548136	-0.496817
-0.546516	-0.496023
-0.544873	-0.495961
-0.543172	-0.495438
-0.541535	-0.495039
-0.540429	-0.493819
-0.539188	-0.492524
-0.537957	-0.49155
-0.53666	-0.490616
-0.533471	-0.489822
-0.529479	-0.489346
-0.525001	-0.488878
-0.519298	-0.488261
-0.516249	-0.488376
-0.51515	-0.489228
-0.514342	-0.490521
-0.513903	-0.492558
-0.513789	-0.492474
-0.513437	-0.491408
-0.513279	-0.488654
-0.513732	-0.487212
-0.514874	-0.486734
-0.516743	-0.486732
-0.519251	-0.486951
-0.52327	-0.487841
-0.525248	-0.488178
-0.525767	-0.488049
-0.524622	-0.488091
-0.52241	-0.488218
-0.520244	-0.488471
-0.517166	-0.488422
-0.51512	-0.48853
-0.514199	-0.489276
-0.51348	-0.490261
-0.513036	-0.492258
-0.513004	-0.492607
-0.513242	-0.491839
-0.513377	-0.489779
-0.513601	-0.488754
-0.514497	-0.488425
-0.516435	-0.488359
-0.51844	-0.4897
-0.521277	-0.491857
-0.525213	-0.493655
-0.529068	-0.495556
-0.532802	-0.49743
-0.53649	-0.499
-0.539882	-0.499983
-0.543126	-0.500968
-0.546365	-0.501815
-0.549348	-0.502213
-0.551525	-0.502494
-0.552311	-0.502634
-0.552507	-0.502313
-0.552908	-0.501909
-0.552931	-0.501674
-0.55263	-0.50143
-0.551434	-0.500452
-0.548941	-0.499158
-0.546792	-0.498087
-0.545029	-0.496903
-0.543669	-0.496275
-0.542855	-0.496058
-0.542034	-0.495904
-0.541323	-0.49602
-0.540572	-0.495775
-0.539279	-0.495813
-0.537966	-0.495756
-0.536495	-0.495845
-0.535047	-0.495931
-0.533662	-0.496473
-0.532208	-0.497222
-0.530552	-0.498648
-0.528719	-0.500494
-0.526172	-0.502136
-0.524284	-0.503147
-0.52328	-0.503405
-0.521915	-0.503685
-0.520613	-0.5037
-0.519298	-0.503706
-0.518932	-0.502505
-0.518293	-0.500756
-0.517755	-0.497838
-0.516502	-0.493848
-0.515049	-0.489276
-0.515045	-0.486557
-0.515581	-0.484804
-0.516199	-0.484168
-0.51811	-0.483976
-0.52105	-0.483927
-0.52173	-0.483355
-0.521595	-0.483747
-0.520677	-0.484642
-0.518904	-0.486237
-0.517452	-0.488674
-0.516528	-0.491872
-0.516131	-0.493379
-0.515757	-0.493292
-0.516093	-0.491933
-0.516602	-0.489624
-0.518061	-0.488032
-0.520192	-0.486572
-0.522826	-0.485712
-0.523081	-0.485106
-0.522223	-0.485117
-0.520188	-0.485177
-0.519815	-0.485277
-0.520702	-0.48573
-0.52003	-0.48575
-0.520888	-0.486501
-0.520659	-0.487112
-0.519642	-0.488376
-0.518869	-0.490808
-0.5183	-0.494071
-0.517742	-0.49601
-0.517947	-0.496302
-0.518181	-0.495319
-0.518813	-0.493722
-0.519748	-0.491246
-0.521957	-0.489361
-0.522495	-0.48837
-0.522573	-0.488591
-0.52089	-0.489027
-0.517834	-0.489936
-0.515968	-0.491502
-0.514995	-0.49161
-0.514676	-0.490322
-0.514968	-0.490685
-0.5156	-0.491893
-0.516029	-0.491597
-0.517141	-0.489888
-0.518951	-0.487391
-0.521697	-0.485657
-0.522906	-0.484326
-0.52289	-0.484317
-0.521643	-0.484055
-0.520007	-0.48382
-0.519771	-0.484517
-0.519316	-0.485984
-0.518581	-0.487591
-0.518133	-0.490127
-0.518019	-0.4935
-0.518173	-0.494697
-0.518429	-0.494473
-0.519355	-0.493254
-0.520755	-0.491078
-0.520802	-0.490006
-0.52061	-0.489189
-0.51932	-0.488268
-0.518839	-0.487885
-0.519329	-0.488409
-0.520623	-0.489778
-0.520386	-0.490832
-0.519702	-0.492187
-0.520526	-0.492506
-0.52141	-0.492694
-0.523282	-0.492533
-0.525333	-0.492253
-0.527437	-0.492768
-0.529958	-0.494197
-0.532743	-0.495361
-0.53558	-0.496898
-0.537884	-0.498471
-0.5403	-0.5003
-0.542724	-0.50292
-0.54465	-0.505364
-0.546951	-0.507833
-0.549285	-0.51033
-0.550697	-0.512875
-0.551733	-0.515259
-0.552441	-0.516899
-0.553531	-0.518472
-0.554097	-0.519993
-0.554018	-0.521243
-0.554002	-0.521775
-0.554251	-0.522115
-0.554283	-0.522647
-0.553589	-0.523451
-0.5528	-0.524277
-0.552026	-0.52568
-0.551584	-0.527344
-0.551345	-0.528444
-0.551242	-0.529401
-0.551404	-0.529911
-0.551295	-0.530523
-0.551334	-0.531256
-0.551143	-0.531954
-0.551746	-0.532896
-0.552591	-0.534198
-0.553008	-0.535244
-0.553166	-0.536736
-0.553186	-0.538256
-0.55368	-0.539479
-0.553771	-0.540174
-0.554714	-0.54164
-0.555506	-0.542825
-0.556253	-0.543931
-0.557277	-0.545222
-0.55821	-0.546508
-0.559145	-0.547732
-0.56039	-0.548991
-0.561516	-0.55056
-0.562613	-0.551882
-0.563866	-0.553173
-0.565418	-0.554272
-0.566592	-0.555153
-0.567447	-0.556397
-0.56813	-0.558059
-0.568207	-0.559709
-0.568389	-0.561249
-0.568859	-0.56331
-0.569388	-0.565246
-0.570202	-0.567124
-0.570891	-0.568767
-0.57178	-0.570429
-0.57244	-0.57206
-0.572801	-0.573546
-0.573818	-0.57485
-0.574893	-0.575758
-0.575969	-0.577578
-0.577219	-0.579645
-0.578298	-0.581849
-0.578693	-0.584279
-0.580027	-0.5865
-0.581276	-0.58824
-0.582456	-0.589916
-0.584004	-0.591138
-0.5862	-0.591925
-0.588441	-0.592614
-0.59042	-0.593191
-0.59194	-0.593393
-0.593403	-0.593368
-0.595719	-0.59356
-0.598004	-0.593949
-0.600169	-0.594306
-0.602706	-0.594797
-0.605118	-0.595307
-0.607317	-0.59601
-0.609354	-0.596744
-0.611106	-0.597702
-0.612388	-0.598481
-0.613967	-0.59933
-0.615236	-0.600211
-0.61647	-0.601152
-0.617994	-0.60236
-0.619378	-0.603242
-0.620339	-0.603998
-0.620683	-0.604484
-0.621246	-0.605122
-0.621738	-0.605603
-0.622493	-0.606703
-0.62331	-0.607787
-0.624113	-0.608925
-0.625689	-0.609563
-0.626895	-0.610487
-0.628237	-0.611296
-0.629861	-0.611862
-0.631866	-0.611522
-0.633803	-0.611373
-0.63572	-0.611028
-0.637425	-0.609962
-0.639284	-0.609469
-0.641046	-0.608768
-0.643568	-0.608226
-0.645795	-0.607506
-0.647968	-0.606726
-0.649977	-0.605982
-0.651518	-0.605244
-0.652934	-0.604193
-0.654145	-0.603298
-0.655399	-0.602439
-0.656565	-0.601582
-0.657914	-0.60084
-0.659633	-0.600711
-0.661658	-0.600865
-0.663516	-0.601186
-0.665233	-0.601467
-0.667041	-0.601983
-0.669034	-0.602601
-0.670694	-0.603377
-0.672808	-0.603677
-0.674621	-0.604806
-0.675778	-0.606513
-0.676858	-0.608075
-0.678102	-0.609585
-0.67913	-0.611131
-0.68009	-0.612901
-0.680868	-0.614492
-0.682379	-0.616519
-0.683936	-0.619101
-0.685487	-0.621397
-0.687173	-0.623873
-0.688505	-0.626518
-0.689521	-0.62887
-0.689571	-0.631329
-0.690461	-0.633502
-0.691376	-0.63544
-0.692296	-0.637492
-0.693931	-0.638517
-0.695007	-0.640209
-0.695736	-0.641919
-0.696383	-0.643224
-0.697378	-0.644897
-0.698961	-0.646659
-0.701174	-0.648651
-0.704171	-0.65048
-0.706371	-0.652183
-0.708618	-0.653938
-0.710288	-0.656146
-0.711603	-0.658231
-0.71278	-0.660304
-0.714045	-0.661916
-0.715337	-0.663517
-0.716129	-0.664753
-0.715609	-0.665611
-0.714937	-0.666479
-0.714077	-0.667589
-0.712884	-0.669015
-0.711835	-0.670477
-0.710449	-0.671463
-0.70837	-0.67347
-0.706554	-0.675179
-0.704436	-0.676989
-0.702145	-0.678538
-0.700354	-0.679852
-0.698547	-0.681637
-0.696323	-0.683182
-0.693932	-0.684383
-0.691702	-0.68556
-0.689489	-0.686755
-0.68743	-0.687688
-0.685595	-0.68875
-0.683887	-0.689748
-0.682214	-0.690671
-0.680912	-0.691549
-0.680168	-0.692654
-0.678918	-0.694038
-0.677357	-0.694944
-0.675925	-0.695462
-0.674158	-0.696246
-0.672347	-0.696756
-0.6704	-0.697553
-0.668942	-0.698391
-0.667568	-0.699162
-0.666337	-0.700239
-0.665022	-0.701334
-0.663739	-0.702393
-0.662334	-0.702616
-0.660774	-0.702866
-0.659429	-0.703215
-0.65805	-0.703628
-0.656795	-0.704349
-0.655313	-0.705157
-0.653707	-0.706001
-0.652219	-0.706746
-0.650768	-0.708466
-0.649361	-0.710775
-0.64683	-0.713443
-0.644435	-0.715775
-0.6423	-0.718621
-0.64108	-0.720092
-0.640509	-0.722438
-0.640039	-0.724698
-0.63907	-0.726453
-0.637945	-0.728195
-0.636534	-0.729981
-0.635127	-0.731487
-0.633497	-0.733269
-0.632045	-0.734489
-0.631061	-0.735559
-0.630164	-0.736197
-0.628955	-0.73672
-0.626988	-0.737442
-0.62553	-0.738574
-0.624252	-0.739629
-0.623491	-0.741114
-0.623394	-0.741985
-0.623156	-0.742655
-0.622623	-0.743185
-0.621687	-0.743923
-0.621174	-0.745255
-0.620534	-0.746458
-0.619939	-0.747562
-0.619192	-0.749175
-0.619236	-0.750482
-0.619036	-0.75166
-0.618843	-0.752887
-0.618538	-0.753729
-0.618167	-0.754935
-0.617878	-0.756133
-0.617877	-0.757268
-0.617746	-0.758547
-0.617712	-0.760396
-0.61783	-0.76234
-0.618905	-0.764146
-0.620549	-0.766079
-0.622662	-0.767965
-0.62434	-0.769392
-0.626346	-0.770703
-0.628903	-0.772588
-0.631482	-0.774403
-0.634389	-0.776281
-0.637109	-0.778479
-0.639615	-0.780433
-0.640799	-0.782246
-0.641865	-0.783621
-0.643618	-0.785004
-0.645745	-0.785656
-0.647354	-0.786021
-0.648228	-0.786343
-0.648793	-0.786886
-0.64911	-0.787568
-0.649633	-0.788792
-0.65013	-0.790139
-0.650553	-0.791537
-0.651184	-0.793343
-0.652012	-0.795589
-0.652831	-0.7977
-0.653868	-0.799709
-0.654875	-0.801925
-0.655684	-0.80422
-0.656378	-0.807053
-0.657748	-0.809812
-0.659008	-0.812431
-0.659434	-0.814776
-0.659659	-0.81669
-0.659648	-0.819081
-0.659553	-0.821249
-0.659641	-0.823842
-0.659503	-0.825856
-0.65933	-0.827726
-0.659126	-0.829611
-0.658895	-0.831761
-0.658143	-0.833451
-0.657332	-0.834691
-0.65636	-0.835713
-0.655219	-0.837437
-0.654258	-0.838659
-0.653016	-0.839856
-0.652171	-0.841052
-0.65199	-0.841221
-0.652007	-0.84189
-0.652006	-0.842661
-0.652069	-0.844225
-0.653062	-0.845568
-0.653309	-0.847213
-0.653744	-0.84858
-0.654195	-0.849945
-0.65467	-0.851351
-0.6555	-0.853075
-0.656297	-0.854732
-0.657236	-0.856399
-0.65877	-0.857792
-0.660545	-0.859182
-0.662281	-0.860469
-0.664358	-0.861619
-0.666546	-0.862532
-0.668882	-0.863804
-0.670903	-0.864392
-0.672698	-0.86447
-0.674392	-0.864253
-0.676242	-0.864002
-0.677834	-0.86368
-0.679231	-0.863496
-0.680986	-0.86393
-0.682703	-0.864567
-0.684698	-0.865495
-0.686958	-0.866496
-0.689212	-0.867394
-0.691659	-0.867951
-0.693942	-0.86847
-0.695995	-0.869067
-0.697943	-0.869722
-0.69956	-0.870238
-0.700745	-0.870509
-0.701761	-0.870417
-0.702778	-0.870578
-0.704397	-0.870283
-0.705971	-0.8702
-0.706985	-0.870168
-0.708177	-0.869643
-0.709251	-0.868977
-0.710327	-0.86824
-0.711563	-0.867472
-0.712418	-0.866536
-0.713004	-0.86544
-0.71318	-0.864452
-0.71303	-0.863376
-0.713974	-0.861851
-0.714932	-0.859799
-0.715903	-0.857917
-0.716591	-0.856028
-0.717267	-0.854284
-0.717121	-0.852291
-0.717046	-0.850514
-0.717352	-0.848505
-0.717219	-0.847371
-0.716981	-0.845927
-0.717438	-0.843876
-0.718473	-0.842428
-0.71936	-0.840552
-0.720147	-0.838531
-0.72059	-0.83669
-0.720869	-0.834937
-0.721237	-0.832354
-0.721835	-0.830154
-0.722327	-0.828108
-0.723216	-0.826045
-0.72398	-0.824111
-0.724743	-0.822534
-0.725079	-0.820781
-0.725581	-0.819136
-0.72631	-0.816986
-0.727076	-0.814942
-0.727929	-0.812939
-0.728823	-0.81087
-0.729661	-0.80882
-0.730525	-0.806832
-0.731238	-0.804802
-0.731935	-0.802685
-0.732125	-0.800274
-0.732431	-0.797655
-0.732931	-0.795714
-0.733308	-0.793888
-0.732978	-0.792883
-0.732706	-0.791556
-0.732392	-0.790159
-0.732378	-0.78857
-0.732334	-0.787316
-0.732378	-0.786249
-0.732466	-0.784289
-0.732555	-0.782321
-0.732638	-0.780572
-0.732811	-0.777798
-0.733254	-0.775096
-0.73374	-0.773358
-0.734251	-0.771596
-0.734404	-0.770026
-0.734605	-0.768469
-0.73437	-0.765652
-0.734158	-0.763063
-0.733923	-0.760576
-0.733734	-0.75842
-0.733266	-0.75671
-0.732898	-0.754813
-0.732543	-0.752645
-0.731752	-0.750721
-0.731007	-0.748898
-0.730311	-0.747193
-0.730139	-0.745004
-0.729922	-0.7431
-0.729775	-0.741405
-0.729572	-0.740745
-0.729417	-0.739752
-0.729383	-0.738383
-0.7297	-0.737407
-0.730417	-0.736587
-0.731213	-0.735697
-0.731926	-0.734743
-0.733114	-0.733489
-0.734154	-0.731811
-0.735124	-0.730183
-0.73611	-0.728609
-0.73727	-0.726994
-0.738115	-0.725391
-0.739107	-0.723939
-0.740015	-0.722654
-0.740873	-0.72124
-0.741741	-0.719921
-0.741923	-0.718018
-0.742222	-0.715982
-0.742222	-0.71403
-0.742062	-0.711569
-0.742102	-0.709228
-0.742187	-0.706496
-0.741563	-0.704441
-0.741034	-0.702768
-0.740422	-0.700997
-0.739785	-0.699278
-0.738978	-0.697434
-0.738282	-0.695624
-0.737861	-0.693885
-0.737645	-0.692273
-0.737466	-0.690718
-0.737809	-0.689582
-0.738102	-0.688378
-0.738077	-0.686676
-0.738167	-0.685025
-0.737743	-0.68397
-0.737309	-0.682909
-0.736706	-0.681587
-0.735635	-0.680731
-0.734319	-0.679927
-0.732927	-0.679148
-0.73156	-0.678546
-0.730189	-0.677896
-0.72883	-0.67738
-0.727594	-0.677226
-0.726423	-0.67709
-0.725434	-0.676824
-0.724599	-0.676
-0.723729	-0.675214
-0.722422	-0.674104
-0.721149	-0.672935
-0.719696	-0.671371
-0.718145	-0.669126
-0.716679	-0.667077
-0.715101	-0.665657
-0.713612	-0.664386
-0.712354	-0.663689
-0.710818	-0.662781
-0.709108	-0.661873
-0.707451	-0.661147
-0.70596	-0.660509
-0.705896	-0.659966
-0.705851	-0.660093
-0.705974	-0.6608
-0.706258	-0.661649
-0.706686	-0.662731
-0.707062	-0.664194
-0.707744	-0.6657
-0.708385	-0.667243
-0.709371	-0.668277
-0.710514	-0.669369
-0.711447	-0.670636
-0.71273	-0.672173
-0.714136	-0.673437
-0.715659	-0.674741
-0.717159	-0.676083
-0.718827	-0.677764
-0.720679	-0.679443
-0.72242	-0.681273
-0.72411	-0.683053
-0.726108	-0.68477
-0.728107	-0.686723
-0.730373	-0.688324
-0.73184	-0.690096
-0.732971	-0.691459
-0.734294	-0.693066
-0.735634	-0.694477
-0.73692	-0.695827
-0.738485	-0.697131
-0.740154	-0.697801
-0.741933	-0.698482
-0.743187	-0.698803
-0.744803	-0.699082
-0.746502	-0.698948
-0.747467	-0.699128
-0.748866	-0.699567
-0.750364	-0.700353
-0.751884	-0.701027
-0.753209	-0.70189
-0.754363	-0.702738
-0.755974	-0.703243
-0.757555	-0.703855
-0.758717	-0.704765
-0.759513	-0.705882
-0.760146	-0.707599
-0.760465	-0.70905
-0.761299	-0.710859
-0.762349	-0.711572
-0.763621	-0.712728
-0.765243	-0.713699
-0.766582	-0.71468
-0.767392	-0.715298
-0.768985	-0.715741
-0.770678	-0.716503
-0.772423	-0.71731
-0.774979	-0.718905
-0.77728	-0.720089
-0.779501	-0.721681
-0.781286	-0.72283
-0.782805	-0.723657
-0.784415	-0.724711
-0.786028	-0.725752
-0.787376	-0.726628
-0.788892	-0.727777
-0.790418	-0.728672
-0.792021	-0.729689
-0.793871	-0.731161
-0.795434	-0.732733
-0.796922	-0.734196
-0.798001	-0.735141
-0.799173	-0.736292
-0.800187	-0.738052
-0.802175	-0.739646
-0.804014	-0.741263
-0.806077	-0.742615
-0.808045	-0.744272
-0.810205	-0.746015
-0.81199	-0.747402
-0.813396	-0.748059
-0.814793	-0.748774
-0.816408	-0.749273
-0.818183	-0.749611
-0.819814	-0.749465
-0.821665	-0.749426
-0.823666	-0.749592
-0.825539	-0.749828
-0.827427	-0.75006
-0.829147	-0.750608
-0.831185	-0.751415
-0.833327	-0.751559
-0.835333	-0.751369
-0.837355	-0.751786
-0.839103	-0.751986
-0.840838	-0.752167
-0.842569	-0.752515
-0.84424	-0.75285
-0.846433	-0.753338
-0.848738	-0.752881
-0.85091	-0.752461
-0.852856	-0.752209
-0.85489	-0.751809
-0.856864	-0.751778
-0.858708	-0.751665
-0.86082	-0.751603
-0.863103	-0.751756
-0.865119	-0.752011
-0.866526	-0.751896
-0.867998	-0.752288
-0.869402	-0.752665
-0.870882	-0.75309
-0.87263	-0.753573
-0.873343	-0.754232
-0.874343	-0.754541
-0.874961	-0.754612
-0.87591	-0.754914
-0.877153	-0.754828
-0.878345	-0.755131
-0.879002	-0.754842
-0.879877	-0.75437
-0.880699	-0.753482
-0.88161	-0.752866
-0.882531	-0.752361
-0.883995	-0.751882
-0.885362	-0.751393
-0.885676	-0.749751
-0.88575	-0.747322
-0.885333	-0.744655
-0.884826	-0.741899
-0.884117	-0.739533
-0.883416	-0.737086
-0.88297	-0.73427
-0.882516	-0.731701
-0.881199	-0.729577
-0.879982	-0.727531
-0.879067	-0.725827
-0.87812	-0.723864
-0.877177	-0.721941
-0.876515	-0.720039
-0.875536	-0.718307
-0.874508	-0.717225
-0.873201	-0.71587
-0.87252	-0.714242
-0.871426	-0.712978
-0.870543	-0.712196
-0.869874	-0.711704
-0.869331	-0.711085
-0.868977	-0.710239
-0.86842	-0.709621
-0.868602	-0.709247
-0.86856	-0.708225
-0.868924	-0.706682
-0.87001	-0.705127
-0.871223	-0.703962
-0.873185	-0.702787
-0.875211	-0.701773
-0.877097	-0.700744
-0.878835	-0.699667
-0.88047	-0.69807
-0.882128	-0.696584
-0.884109	-0.696191
-0.885473	-0.695366
-0.886661	-0.694534
-0.887336	-0.69335
-0.888447	-0.691983
-0.889682	-0.690872
-0.890872	-0.690463
-0.891931	-0.689884
-0.893032	-0.689313
-0.894357	-0.688807
-0.895785	-0.687195
-0.89658	-0.685427
-0.89655	-0.683723
-0.896587	-0.681981
-0.896228	-0.680344
-0.895897	-0.678959
-0.896127	-0.678165
-0.89633	-0.676958
-0.896252	-0.675395
-0.896341	-0.674014
-0.896559	-0.67245
-0.896467	-0.670622
-0.896663	-0.669193
-0.897011	-0.667729
-0.897292	-0.666152
-0.897036	-0.665093
-0.896997	-0.663615
-0.897154	-0.661994
-0.896582	-0.659355
-0.894779	-0.656909
-0.893243	-0.65413
-0.891758	-0.651454
-0.890484	-0.648858
-0.888911	-0.646263
-0.887371	-0.643718
-0.885691	-0.641141
-0.884435	-0.638975
-0.883007	-0.636361
-0.88172	-0.633261
-0.881897	-0.630129
-0.88205	-0.62793
-0.882255	-0.625979
-0.882789	-0.624505
-0.882755	-0.623091
-0.882683	-0.621913
-0.882678	-0.620272
-0.882401	-0.619057
-0.882077	-0.618056
-0.881814	-0.617148
-0.881434	-0.616434
-0.881081	-0.615223
-0.880882	-0.614749
-0.881686	-0.613322
-0.882377	-0.612338
-0.88317	-0.611397
-0.884006	-0.610496
-0.884036	-0.609243
-0.88326	-0.607696
-0.882603	-0.606813
-0.881792	-0.605655
-0.880428	-0.604787
-0.87876	-0.604061
-0.876847	-0.603059
-0.875182	-0.602035
-0.87381	-0.601066
-0.872356	-0.60022
-0.871094	-0.599311
-0.870241	-0.599031
-0.869086	-0.598691
-0.868376	-0.598019
-0.867945	-0.597038
-0.867902	-0.595879
-0.868452	-0.594625
-0.869622	-0.593045
-0.870788	-0.591366
-0.87211	-0.589658
-0.8734	-0.58786
-0.874684	-0.587753
-0.876575	-0.587092
-0.878727	-0.58662
-0.879547	-0.586639
-0.880667	-0.586688
-0.882018	-0.586837
-0.883506	-0.587076
-0.885231	-0.587413
-0.886846	-0.588373
-0.888365	-0.588834
-0.890337	-0.589179
-0.892222	-0.589586
-0.894384	-0.589952
-0.897434	-0.590281
-0.899578	-0.590924
-0.901114	-0.591941
-0.902847	-0.592608
-0.904304	-0.594215
-0.905678	-0.595692
-0.906942	-0.597186
-0.908435	-0.599096
-0.90931	-0.600836
-0.910145	-0.602587
-0.910644	-0.604044
-0.910965	-0.604737
-0.911987	-0.605007
-0.913111	-0.605352
-0.914244	-0.605651
-0.914809	-0.60506
-0.915554	-0.604201
-0.916364	-0.602854
-0.917229	-0.601615
-0.918453	-0.600746
-0.919165	-0.599502
-0.920032	-0.598359
-0.920247	-0.597216
-0.920514	-0.596186
-0.920781	-0.594869
-0.919849	-0.593652
-0.919039	-0.592321
-0.918262	-0.590658
-0.917517	-0.589069
-0.917261	-0.587288
-0.917281	-0.585371
-0.917507	-0.583597
-0.917269	-0.581454
-0.917808	-0.580143
-0.918219	-0.57895
-0.919179	-0.577484
-0.91985	-0.57605
-0.919603	-0.575085
-0.919209	-0.573905
-0.918488	-0.572401
-0.917986	-0.571373
-0.91736	-0.569551
-0.916788	-0.567722
-0.916267	-0.565859
-0.914868	-0.564032
-0.913499	-0.562325
-0.912758	-0.56011
-0.912051	-0.558127
-0.911104	-0.556172
-0.9102	-0.553608
-0.909644	-0.551653
-0.909101	-0.549588
-0.90876	-0.547674
-0.908554	-0.54533
-0.908241	-0.543055
-0.907811	-0.54076
-0.907119	-0.538524
-0.906406	-0.536378
-0.906022	-0.533711
-0.905643	-0.531079
-0.905936	-0.529356
-0.905828	-0.526608
-0.905743	-0.524155
-0.905713	-0.521809
-0.904556	-0.519391
-0.903278	-0.517419
-0.902114	-0.515524
-0.900898	-0.514146
-0.900185	-0.513541
-0.898456	-0.512984
-0.897027	-0.512588
-0.895672	-0.511569
-0.894111	-0.510925
-0.89336	-0.510929
-0.892349	-0.511029
-0.890714	-0.511585
-0.888738	-0.511778
-0.887149	-0.51229
-0.885738	-0.513217
-0.884261	-0.514094
-0.882521	-0.514797
-0.880264	-0.515032
-0.87787	-0.5154
-0.875608	-0.515728
-0.873566	-0.516048
-0.871339	-0.516435
-0.869138	-0.516677
-0.866233	-0.51684
-0.863548	-0.516854
-0.861445	-0.516661
-0.858894	-0.5159
-0.856642	-0.515471
-0.854648	-0.515042
-0.85283	-0.514753
-0.85095	-0.51455
-0.849623	-0.514908
-0.848703	-0.514945
-0.847724	-0.515073
-0.845994	-0.515529
-0.844303	-0.515107
-0.842734	-0.514752
-0.840725	-0.5145
-0.838916	-0.514336
-0.837198	-0.514962
-0.834837	-0.515845
-0.832873	-0.516391
-0.831134	-0.516677
-0.828693	-0.516109
-0.826801	-0.514987
-0.825	-0.514034
-0.82324	-0.513512
-0.821216	-0.513513
-0.819394	-0.513382
-0.817976	-0.513057
-0.816536	-0.512701
-0.815308	-0.512733
-0.813693	-0.512961
-0.812675	-0.512734
-0.811891	-0.512096
-0.810616	-0.511715
-0.810306	-0.511443
-0.809351	-0.510545
-0.808572	-0.509814
-0.806661	-0.509927
-0.804753	-0.510045
-0.803264	-0.510073
-0.802141	-0.509719
-0.800662	-0.50891
-0.799097	-0.508581
-0.796825	-0.508192
-0.794475	-0.508024
-0.792276	-0.507868
-0.790212	-0.507378
-0.788207	-0.5063
-0.786455	-0.505325
-0.784891	-0.504408
-0.782808	-0.503329
-0.780693	-0.502309
-0.778692	-0.501421
-0.776502	-0.500386
-0.774464	-0.499954
-0.772313	-0.499701
-0.7703	-0.500095
-0.768398	-0.500731
-0.765649	-0.500831
-0.763089	-0.501272
-0.760653	-0.501693
-0.75788	-0.50203
-0.755239	-0.501688
-0.752749	-0.501376
-0.75098	-0.501001
-0.74944	-0.500471
-0.748001	-0.499844
-0.747243	-0.50013
-0.746558	-0.501126
-0.745872	-0.502266
-0.745187	-0.502915
-0.744441	-0.503702
-0.743694	-0.504506
-0.742754	-0.505024
-0.741619	-0.505375
-0.740202	-0.505133
-0.738874	-0.505192
-0.737461	-0.50534
-0.736101	-0.505618
-0.734448	-0.505584
-0.732657	-0.505433
-0.731563	-0.505566
-0.730505	-0.505838
-0.729369	-0.504991
-0.728767	-0.504486
-0.72723	-0.502936
-0.726201	-0.501776
-0.724537	-0.499977
-0.72358	-0.497337
-0.722754	-0.494958
-0.722049	-0.492797
-0.721334	-0.490824
-0.720567	-0.489179
-0.720224	-0.48768
-0.719865	-0.486252
-0.719506	-0.484824
-0.719793	-0.483676
-0.719744	-0.482864
-0.71929	-0.48156
-0.718613	-0.4807
-0.717487	-0.48019
-0.7164	-0.480005
-0.714622	-0.479661
-0.713123	-0.479254
-0.711877	-0.478775
-0.710628	-0.478519
-0.708942	-0.478243
-0.707232	-0.478752
-0.706288	-0.479889
-0.70554	-0.480762
-0.704521	-0.48193
-0.703558	-0.483682
-0.702654	-0.485374
-0.701524	-0.486943
-0.700563	-0.488727
-0.699949	-0.490376
-0.699167	-0.492243
-0.6985	-0.493559
-0.697827	-0.495102
-0.697801	-0.496434
-0.698681	-0.497538
-0.699569	-0.499232
-0.700436	-0.501573
-0.701228	-0.50365
-0.702147	-0.50545
-0.702872	-0.506821
-0.70304	-0.508957
-0.703073	-0.510153
-0.702978	-0.511259
-0.702924	-0.512265
-0.703309	-0.513601
-0.703481	-0.515248
-0.703613	-0.517244
-0.703807	-0.51915
-0.704092	-0.520257
-0.703771	-0.521585
-0.703469	-0.522816
-0.702361	-0.52442
-0.701471	-0.525032
-0.700747	-0.524942
-0.69991	-0.524902
-0.699245	-0.524446
-0.698636	-0.523933
-0.697518	-0.523072
-0.696404	-0.522029
-0.694548	-0.521143
-0.692351	-0.520176
-0.690546	-0.519417
-0.688676	-0.518735
-0.68716	-0.51801
-0.685649	-0.51727
-0.684146	-0.516477
-0.682715	-0.51572
-0.681045	-0.514773
-0.679298	-0.513212
-0.677481	-0.51177
-0.674892	-0.510149
-0.67258	-0.508629
-0.670545	-0.506414
-0.668864	-0.504015
-0.668539	-0.50139
-0.668415	-0.498711
-0.66857	-0.496463
-0.668567	-0.494244
-0.668404	-0.492121
-0.668335	-0.490248
-0.668099	-0.488297
-0.667853	-0.486722
-0.667627	-0.486009
-0.667602	-0.484502
-0.667997	-0.483289
-0.668532	-0.482175
-0.669002	-0.480997
-0.669592	-0.479796
-0.670199	-0.47865
-0.670853	-0.477498
-0.671594	-0.476568
-0.67264	-0.475657
-0.673437	-0.475273
-0.674042	-0.474495
-0.674165	-0.474487
-0.674582	-0.474716
-0.67532	-0.475641
-0.676288	-0.47702
-0.677595	-0.479533
-0.679108	-0.481891
-0.680116	-0.483972
-0.681077	-0.486202
-0.681837	-0.488311
-0.683472	-0.49019
-0.685206	-0.492184
-0.686337	-0.493559
-0.687742	-0.495039
-0.689165	-0.496506
-0.690599	-0.497986
-0.691988	-0.499333
-0.693829	-0.499726
-0.69601	-0.499759
-0.697863	-0.499275
-0.699544	-0.498742
-0.701622	-0.498055
-0.7037	-0.497409
-0.70524	-0.496897
-0.706854	-0.496063
-0.708466	-0.495514
-0.71055	-0.494871
-0.711731	-0.494084
-0.713019	-0.493473
-0.714315	-0.49303
-0.715623	-0.492585
-0.717033	-0.492102
-0.718394	-0.491833
-0.720249	-0.491532
-0.722912	-0.491822
-0.725319	-0.492352
-0.727584	-0.49289
-0.730158	-0.493519
-0.732761	-0.493322
-0.734863	-0.493182
-0.736532	-0.49299
-0.738328	-0.492892
-0.740377	-0.491335
-0.741519	-0.490522
-0.742675	-0.490023
-0.744009	-0.488943
-0.745799	-0.488342
-0.74764	-0.488312
-0.74998	-0.48919
-0.752479	-0.490691
-0.754905	-0.492517
-0.757245	-0.494192
-0.759119	-0.49497
-0.760801	-0.495519
-0.762144	-0.496007
-0.763526	-0.496578
-0.764506	-0.497358
-0.765678	-0.498117
-0.766891	-0.498951
-0.768227	-0.49913
-0.769726	-0.499422
-0.771433	-0.500266
-0.772924	-0.501568
-0.774281	-0.502818
-0.775188	-0.503853
-0.775752	-0.505202
-0.775685	-0.50656
-0.775424	-0.5079
-0.774782	-0.509886
-0.773862	-0.512035
-0.773005	-0.514103
-0.772178	-0.516143
-0.77129	-0.518178
-0.77064	-0.520169
-0.770315	-0.521927
-0.770019	-0.523663
-0.769986	-0.52503
-0.769803	-0.52652
-0.769462	-0.52771
-0.769308	-0.528864
-0.769085	-0.53019
-0.768488	-0.531859
-0.767909	-0.533179
-0.767554	-0.534412
-0.767096	-0.535665
-0.766733	-0.536892
-0.766538	-0.538054
-0.766946	-0.539218
-0.767435	-0.54054
-0.767182	-0.542316
-0.76699	-0.543732
-0.76649	-0.5451
-0.766061	-0.546851
-0.765792	-0.548865
-0.764201	-0.550273
-0.762663	-0.551367
-0.760563	-0.552022
-0.759244	-0.552241
-0.758349	-0.552577
-0.757455	-0.552554
-0.756367	-0.553305
-0.75575	-0.553413
-0.754994	-0.553533
-0.753951	-0.553187
-0.752743	-0.55245
-0.75189	-0.551234
-0.751394	-0.549551
-0.75088	-0.547771
-0.750381	-0.545797
-0.749262	-0.543711
-0.747556	-0.542169
-0.744649	-0.540269
-0.741921	-0.538363
-0.738494	-0.537107
-0.734873	-0.535354
-0.731598	-0.533881
-0.729193	-0.531502
-0.727665	-0.529948
-0.725666	-0.527735
-0.72357	-0.525581
-0.721339	-0.523235
-0.719503	-0.52106
-0.718036	-0.518597
-0.71743	-0.516628
-0.716429	-0.513949
-0.71555	-0.511519
-0.714745	-0.509184
-0.714083	-0.50704
-0.713427	-0.505184
-0.712556	-0.503863
-0.711511	-0.502636
-0.710522	-0.50133
-0.709699	-0.500601
-0.708443	-0.499136
-0.707213	-0.497361
-0.706125	-0.495641
-0.706005	-0.494149
-0.706075	-0.492475
-0.706216	-0.491361
-0.706014	-0.49032
-0.705962	-0.48946
-0.70521	-0.487696
-0.70453	-0.486335
-0.703824	-0.485075
-0.702894	-0.484294
-0.701885	-0.483566
-0.700729	-0.482404
-0.699341	-0.480771
-0.698249	-0.479697
-0.697248	-0.478791
-0.696217	-0.477846
-0.694836	-0.47638
-0.69376	-0.475222
-0.693298	-0.473643
-0.692396	-0.472572
-0.691639	-0.471229
-0.690925	-0.470546
-0.69022	-0.469628
-0.689447	-0.468602
-0.689469	-0.467523
-0.689682	-0.466181
-0.689618	-0.465262
-0.689606	-0.464197
-0.690199	-0.463805
-0.691218	-0.463958
-0.692356	-0.463799
-0.693835	-0.464455
-0.695573	-0.46527
-0.697424	-0.466901
-0.698625	-0.468714
-0.698919	-0.47017
-0.699349	-0.471983
-0.700005	-0.474693
-0.700334	-0.47672
-0.700873	-0.478567
-0.701302	-0.480219
-0.701407	-0.482187
-0.701547	-0.484496
-0.701602	-0.48706
-0.702254	-0.489368
-0.703084	-0.492061
-0.703869	-0.494363
-0.70467	-0.496525
-0.705784	-0.498471
-0.70739	-0.499792
-0.70888	-0.501363
-0.710534	-0.503033
-0.712559	-0.504976
-0.714628	-0.507069
-0.717317	-0.509341
-0.719375	-0.511398
-0.721551	-0.512867
-0.723293	-0.514463
-0.724914	-0.516051
-0.72664	-0.517637
-0.728561	-0.51843
-0.730175	-0.519213
-0.732187	-0.520525
-0.733972	-0.521497
-0.735389	-0.521975
-0.735975	-0.52243
-0.736826	-0.522175
-0.737812	-0.522105
-0.739656	-0.521881
-0.741812	-0.521846
-0.743471	-0.521663
-0.74526	-0.521278
-0.747039	-0.520985
-0.749203	-0.520948
-0.751702	-0.520642
-0.753914	-0.519982
-0.755443	-0.519741
-0.757551	-0.518645
-0.759564	-0.518042
-0.761494	-0.517886
-0.762642	-0.517423
-0.763824	-0.516972
-0.765482	-0.516431
-0.76801	-0.515533
-0.770303	-0.514474
-0.771842	-0.514063
-0.773263	-0.513943
-0.774592	-0.513753
-0.775972	-0.513432
-0.777789	-0.51354
-0.778409	-0.514436
-0.779125	-0.515903
-0.780284	-0.517838
-0.781393	-0.519755
-0.782179	-0.522082
-0.782849	-0.524183
-0.783939	-0.526132
-0.784962	-0.527879
-0.785696	-0.529924
-0.786321	-0.531866
-0.787797	-0.533736
-0.788733	-0.53522
-0.789841	-0.536257
-0.790829	-0.537544
-0.791892	-0.539125
-0.792723	-0.540727
-0.793491	-0.542487
-0.794278	-0.544369
-0.794596	-0.547032
-0.79514	-0.549968
-0.795862	-0.552514
-0.796282	-0.554538
-0.796611	-0.555887
-0.796702	-0.557202
-0.797087	-0.558864
-0.797093	-0.559987
-0.796868	-0.561216
-0.796174	-0.562378
-0.795713	-0.563947
-0.794945	-0.56573
-0.794211	-0.567449
-0.793671	-0.568898
-0.793276	-0.569899
-0.792979	-0.571025
-0.792963	-0.572443
-0.792499	-0.573923
-0.792047	-0.575539
-0.79231	-0.577527
-0.792849	-0.579712
-0.792904	-0.580934
-0.793055	-0.582108
-0.793319	-0.583172
-0.793558	-0.583919
-0.792626	-0.584512
-0.791049	-0.585289
-0.789532	-0.58604
-0.788061	-0.586729
-0.786461	-0.587597
-0.784228	-0.588274
-0.781453	-0.588975
-0.77884	-0.589971
-0.776443	-0.590875
-0.773692	-0.591328
-0.770733	-0.590808
-0.768301	-0.589782
-0.765991	-0.589171
-0.763946	-0.588095
-0.76197	-0.587476
-0.760264	-0.586704
-0.758636	-0.586033
-0.756898	-0.585137
-0.755202	-0.584265
-0.75376	-0.583945
-0.752352	-0.583637
-0.751064	-0.583152
-0.749769	-0.582723
-0.748386	-0.582076
-0.747351	-0.581066
-0.746653	-0.579396
-0.746126	-0.578243
-0.745564	-0.577046
-0.744393	-0.575966
-0.74323	-0.574793
-0.741921	-0.573765
-0.740422	-0.572544
-0.738684	-0.57081
-0.736709	-0.569228
-0.735082	-0.567591
-0.733068	-0.565833
-0.730959	-0.564609
-0.729203	-0.563587
-0.727169	-0.56171
-0.725569	-0.559298
-0.723813	-0.556508
-0.721832	-0.553611
-0.720074	-0.550911
-0.718777	-0.548646
-0.71761	-0.546438
-0.716335	-0.544146
-0.715072	-0.541732
-0.713871	-0.539325
-0.712959	-0.53655
-0.71219	-0.533722
-0.711281	-0.530931
-0.710747	-0.528396
-0.710275	-0.525849
-0.709547	-0.522363
-0.709845	-0.519194
-0.710404	-0.516416
-0.711014	-0.513868
-0.711798	-0.511008
-0.712133	-0.509315
-0.713137	-0.507686
-0.714455	-0.506965
-0.715896	-0.506074
-0.717489	-0.505156
-0.719131	-0.504185
-0.720555	-0.503547
-0.722213	-0.502902
-0.724224	-0.502264
-0.725935	-0.501092
-0.72754	-0.499898
-0.728841	-0.498795
-0.729912	-0.498297
-0.730995	-0.498385
-0.732347	-0.498423
-0.73391	-0.498326
-0.735223	-0.497806
-0.736042	-0.497452
-0.737768	-0.497336
-0.739864	-0.496827
-0.74189	-0.496183
-0.744001	-0.496096
-0.745882	-0.496257
-0.748007	-0.496325
-0.7503	-0.496802
-0.752582	-0.497013
-0.754984	-0.497599
-0.757182	-0.497938
-0.759195	-0.49828
-0.76136	-0.499052
-0.763396	-0.499432
-0.76517	-0.500075
-0.766907	-0.500829
-0.768754	-0.501663
-0.770684	-0.502609
-0.772258	-0.504172
-0.774224	-0.505843
-0.776287	-0.507558
-0.77807	-0.509057
-0.780028	-0.511161
-0.781441	-0.512923
-0.782722	-0.514422
-0.783584	-0.516812
-0.784512	-0.519831
-0.785552	-0.522791
-0.786192	-0.525076
-0.786461	-0.527617
-0.786445	-0.530833
-0.787708	-0.534229
-0.788548	-0.537842
-0.789817	-0.541149
-0.790468	-0.545092
-0.790894	-0.548391
-0.790598	-0.551152
-0.790373	-0.553642
-0.790188	-0.556007
-0.789723	-0.558407
-0.788769	-0.560848
-0.788114	-0.563003
-0.788725	-0.564152
-0.789623	-0.565851
-0.790491	-0.567677
-0.791094	-0.569275
-0.791653	-0.570661
-0.791861	-0.572128
-0.792175	-0.573512
-0.792751	-0.574823
-0.793877	-0.575735
-0.795526	-0.576126
-0.797612	-0.576452
-0.799868	-0.57689
-0.802354	-0.577504
-0.805159	-0.578347
-0.808463	-0.579085
-0.811511	-0.579575
-0.813746	-0.579483
-0.815707	-0.579295
-0.817326	-0.57885
-0.818708	-0.577969
-0.819853	-0.577412
-0.821069	-0.576852
-0.822198	-0.575985
-0.823319	-0.575362
-0.824407	-0.574746
-0.825294	-0.574586
-0.826455	-0.574464
-0.827694	-0.574582
-0.82881	-0.575373
-0.830183	-0.57582
-0.831118	-0.57587
-0.832102	-0.576047
-0.833319	-0.576101
-0.834661	-0.575949
-0.835298	-0.57616
-0.835395	-0.577206
-0.835411	-0.578567
-0.83447	-0.579916
-0.833563	-0.581232
-0.832892	-0.582536
-0.831938	-0.583749
-0.83062	-0.584537
-0.82909	-0.585819
-0.827949	-0.587392
-0.827696	-0.589488
-0.827491	-0.59201
-0.826547	-0.594199
-0.825762	-0.596802
-0.825204	-0.599259
-0.823991	-0.601988
-0.823321	-0.605162
-0.822868	-0.607768
-0.822045	-0.610267
-0.82155	-0.612513
-0.820577	-0.614374
-0.819212	-0.616006
-0.817878	-0.617632
-0.816445	-0.619281
-0.814789	-0.620726
-0.813411	-0.622041
-0.812107	-0.623476
-0.810362	-0.625037
-0.808686	-0.626475
-0.806659	-0.627786
-0.804897	-0.629536
-0.802576	-0.630616
-0.799802	-0.631196
-0.797387	-0.632075
-0.795037	-0.633388
-0.793194	-0.633938
-0.791664	-0.634297
-0.790475	-0.6351
-0.789561	-0.635981
-0.788596	-0.636524
-0.787271	-0.637091
-0.78597	-0.637512
-0.784284	-0.638162
-0.782844	-0.639501
-0.780835	-0.640952
-0.779143	-0.642194
-0.776255	-0.643152
-0.773586	-0.644027
-0.771156	-0.644766
-0.768837	-0.645497
-0.766601	-0.646339
-0.764862	-0.647873
-0.762896	-0.649938
-0.761249	-0.651646
-0.759555	-0.65363
-0.757645	-0.655257
-0.755891	-0.656912
-0.75403	-0.65855
-0.752222	-0.660119
-0.750605	-0.661603
-0.748998	-0.662435
-0.747511	-0.662813
-0.746837	-0.662372
-0.74527	-0.661855
-0.744229	-0.661281
-0.743065	-0.66067
-0.741778	-0.659987
-0.74059	-0.659443
-0.738854	-0.658283
-0.737657	-0.656846
-0.736339	-0.654755
-0.735324	-0.652526
-0.734306	-0.650653
-0.733214	-0.648733
-0.732597	-0.6467
-0.731941	-0.644698
-0.730667	-0.643092
-0.729651	-0.641286
-0.728732	-0.64025
-0.728087	-0.639363
-0.727269	-0.637695
-0.726182	-0.636345
-0.725146	-0.635087
-0.724166	-0.633725
-0.723288	-0.63255
-0.722323	-0.631691
-0.721418	-0.630666
-0.720062	-0.629392
-0.719069	-0.628073
-0.717914	-0.626394
-0.716248	-0.624808
-0.714393	-0.623397
-0.712656	-0.622075
-0.710821	-0.621238
-0.709978	-0.620755
-0.709418	-0.620254
-0.708793	-0.61965
-0.70747	-0.618732
-0.706287	-0.617871
-0.705029	-0.617354
-0.703823	-0.616848
-0.70241	-0.617991
-0.701172	-0.618244
-0.699906	-0.618488
-0.69861	-0.61926
-0.697837	-0.620308
-0.697116	-0.62049
-0.695769	-0.621068
-0.694146	-0.621723
-0.691824	-0.622112
-0.690649	-0.622148
-0.688497	-0.622759
-0.686207	-0.623302
-0.684129	-0.623753
-0.68211	-0.624057
-0.679657	-0.624202
-0.677158	-0.624335
-0.67486	-0.624962
-0.672702	-0.625543
-0.670365	-0.626915
-0.668193	-0.628224
-0.666304	-0.629809
-0.664173	-0.6309
-0.66247	-0.631946
-0.660996	-0.633114
-0.659625	-0.63419
-0.65853	-0.635616
-0.65807	-0.636806
-0.65797	-0.638692
-0.657529	-0.641208
-0.657142	-0.643242
-0.65684	-0.644832
-0.656675	-0.646169
-0.656417	-0.647659
-0.656321	-0.64904
-0.656204	-0.65069
-0.656007	-0.65235
-0.655646	-0.653837
-0.65563	-0.655296
-0.655619	-0.656639
-0.655765	-0.658481
-0.655954	-0.660269
-0.656067	-0.662057
-0.656589	-0.663797
-0.657309	-0.665637
-0.658397	-0.667402
-0.659987	-0.668899
-0.661166	-0.670582
-0.662727	-0.672239
-0.663981	-0.673655
-0.66541	-0.674898
-0.666958	-0.675709
-0.667971	-0.676308
-0.668707	-0.676603
-0.669788	-0.677857
-0.67123	-0.678773
-0.67283	-0.679826
-0.674474	-0.680979
-0.676205	-0.682239
-0.677877	-0.682776
-0.679896	-0.683801
-0.681943	-0.68483
-0.6836	-0.685726
-0.685415	-0.686276
-0.687318	-0.687031
-0.689331	-0.687909
-0.691611	-0.68922
-0.693551	-0.690589
-0.695664	-0.692141
-0.69801	-0.694183
-0.700046	-0.696025
-0.70179	-0.697587
-0.703699	-0.69823
-0.705488	-0.698778
-0.707387	-0.699232
-0.709086	-0.699509
-0.71069	-0.699441
-0.712267	-0.699335
-0.714347	-0.699487
-0.716309	-0.69977
-0.718139	-0.70008
-0.720147	-0.700844
-0.721974	-0.701925
-0.723482	-0.702331
-0.725107	-0.702744
-0.72686	-0.703206
-0.7287	-0.703052
-0.730603	-0.702492
-0.732468	-0.702116
-0.734169	-0.70196
-0.735952	-0.702108
-0.737838	-0.702225
-0.740264	-0.703156
-0.742221	-0.704322
-0.744523	-0.70511
-0.746586	-0.706205
-0.749136	-0.706998
-0.751891	-0.707727
-0.753683	-0.707704
-0.756085	-0.707606
-0.758392	-0.7073
-0.760231	-0.708159
-0.762669	-0.709098
-0.764689	-0.70982
-0.767097	-0.709916
-0.769496	-0.70941
-0.771872	-0.709075
-0.774022	-0.708698
-0.775321	-0.708102
-0.777401	-0.707617
-0.778718	-0.706647
-0.779688	-0.706394
-0.780473	-0.706526
-0.781219	-0.707009
-0.781476	-0.708353
-0.781516	-0.710095
-0.781354	-0.711544
-0.781484	-0.713211
-0.782394	-0.714272
-0.782792	-0.716072
-0.784719	-0.717924
-0.786867	-0.719777
-0.78868	-0.72152
-0.789682	-0.723053
-0.791038	-0.724627
-0.792211	-0.726534
-0.793438	-0.728443
-0.794592	-0.730355
-0.795253	-0.732104
-0.79621	-0.734218
-0.796261	-0.736314
-0.796111	-0.738419
-0.795633	-0.740622
-0.794907	-0.742649
-0.794337	-0.744178
-0.794221	-0.745596
-0.794209	-0.747233
-0.79456	-0.748727
-0.795031	-0.750364
-0.796104	-0.752466
-0.797574	-0.755253
-0.79902	-0.758199
-0.799433	-0.761138
-0.799466	-0.763851
-0.799503	-0.766441
-0.799848	-0.769168
-0.800736	-0.771877
-0.801468	-0.774266
-0.802041	-0.775769
-0.802504	-0.777389
-0.803078	-0.778903
-0.803635	-0.78051
-0.804129	-0.782287
-0.805383	-0.784608
-0.806531	-0.786597
-0.807699	-0.788205
-0.808813	-0.789759
-0.809997	-0.791015
-0.811011	-0.792842
-0.812025	-0.794848
-0.81288	-0.796577
-0.813043	-0.798682
-0.81316	-0.800579
-0.813184	-0.802585
-0.813416	-0.804345
-0.813913	-0.805367
-0.814285	-0.806418
-0.814725	-0.807384
-0.815305	-0.808535
-0.815807	-0.809672
-0.816419	-0.811133
-0.8174	-0.812617
-0.818569	-0.814216
-0.819759	-0.815241
-0.820798	-0.816316
-0.82197	-0.817434
-0.822955	-0.817581
-0.824114	-0.817782
-0.825384	-0.817914
-0.826626	-0.818084
-0.828088	-0.818815
-0.828324	-0.819883
-0.829897	-0.821011
-0.831498	-0.822205
-0.83288	-0.823145
-0.834992	-0.824208
-0.837231	-0.825541
-0.839434	-0.826876
-0.841476	-0.82821
-0.843684	-0.83029
-0.846055	-0.831386
-0.848291	-0.832446
-0.850316	-0.833532
-0.852342	-0.834671
-0.854199	-0.836017
-0.85596	-0.837632
-0.858641	-0.839099
-0.861357	-0.841238
-0.864015	-0.843303
-0.866807	-0.845124
-0.869198	-0.847091
-0.87047	-0.849186
-0.871968	-0.851868
-0.87328	-0.853982
-0.874861	-0.855588
-0.876344	-0.857142
-0.878401	-0.859308
-0.880189	-0.861225
-0.881428	-0.863114
-0.882642	-0.864812
-0.883864	-0.866745
-0.884045	-0.868998
-0.884846	-0.870662
-0.885525	-0.872202
-0.886005	-0.873547
-0.88657	-0.874973
-0.886794	-0.875697
-0.886988	-0.876411
-0.887054	-0.877195
-0.887865	-0.877304
-0.889078	-0.876683
-0.890861	-0.876151
-0.892644	-0.875414
-0.893872	-0.874678
-0.895175	-0.87394
-0.895041	-0.873547
-0.894934	-0.872564
-0.895179	-0.871625
-0.895464	-0.870462
-0.896007	-0.868886
-0.896681	-0.867018
-0.897336	-0.865284
-0.898025	-0.863602
-0.898266	-0.861465
-0.898662	-0.85978
-0.898763	-0.858289
-0.898871	-0.85687
-0.89913	-0.855255
-0.899457	-0.853679
-0.90014	-0.852076
-0.901051	-0.850148
-0.90201	-0.848105
-0.902948	-0.846365
-0.903891	-0.844924
-0.904908	-0.843781
-0.905976	-0.842102
-0.907041	-0.840035
-0.908129	-0.838461
-0.909552	-0.83677
-0.910873	-0.835661
-0.911344	-0.833917
-0.911805	-0.832253
-0.912583	-0.830861
-0.913846	-0.82968
-0.915075	-0.828545
-0.916567	-0.827125
-0.917792	-0.825682
-0.919046	-0.824602
-0.919725	-0.823179
-0.920426	-0.821816
-0.92147	-0.820037
-0.922749	-0.818498
-0.923783	-0.817213
-0.924623	-0.81602
-0.925345	-0.81538
-0.925527	-0.814106
-0.925684	-0.812723
-0.926006	-0.811256
-0.927175	-0.809358
-0.928288	-0.807648
-0.92965	-0.806116
-0.931043	-0.804562
-0.933358	-0.802497
-0.935527	-0.800318
-0.936733	-0.798122
-0.937934	-0.795518
-0.939096	-0.793127
-0.939131	-0.791439
-0.939313	-0.789743
-0.939603	-0.788055
-0.940015	-0.786024
-0.940785	-0.784111
-0.94217	-0.782383
-0.943824	-0.779954
-0.944541	-0.777754
-0.945209	-0.775981
-0.946112	-0.774177
-0.94655	-0.772964
-0.94808	-0.771314
-0.949637	-0.770257
-0.950697	-0.769537
-0.951484	-0.76869
-0.952284	-0.768539
-0.953446	-0.768803
-0.954591	-0.768565
-0.955598	-0.768052
-0.957054	-0.766872
-0.958216	-0.765054
-0.95969	-0.763263
-0.96065	-0.761352
-0.961457	-0.759491
-0.961709	-0.757779
-0.961718	-0.756149
-0.962313	-0.754649
-0.962945	-0.75313
-0.963792	-0.751276
-0.964857	-0.74977
-0.965898	-0.748024
-0.967313	-0.74637
-0.968525	-0.744286
-0.969802	-0.742189
-0.970527	-0.740044
-0.971252	-0.738024
-0.971985	-0.736297
-0.972538	-0.734192
-0.972934	-0.732106
-0.973283	-0.7302
-0.973461	-0.727834
-0.973555	-0.725807
-0.973794	-0.723661
-0.973951	-0.721672
-0.973823	-0.719726
-0.973491	-0.71736
-0.972872	-0.715461
-0.972289	-0.713636
-0.971811	-0.711749
-0.97078	-0.709233
-0.969896	-0.707303
-0.968865	-0.705302
-0.967814	-0.703323
-0.966962	-0.701304
-0.966183	-0.69932
-0.965505	-0.697311
-0.964975	-0.695304
-0.965241	-0.694331
-0.965554	-0.693075
-0.965726	-0.691727
-0.965526	-0.689984
-0.964977	-0.688141
-0.964388	-0.68625
-0.963041	-0.685427
-0.961616	-0.684495
-0.960071	-0.682579
-0.958792	-0.681045
-0.957572	-0.67952
-0.956283	-0.677972
-0.955535	-0.676226
-0.954983	-0.674941
-0.954012	-0.673842
-0.952238	-0.672667
-0.949702	-0.671462
-0.947633	-0.670465
-0.946322	-0.669187
-0.944482	-0.667904
-0.942752	-0.666373
-0.94151	-0.664466
-0.940616	-0.662954
-0.939898	-0.661265
-0.939382	-0.659275
-0.938893	-0.657232
-0.938638	-0.655462
-0.93784	-0.652903
-0.937105	-0.650534
-0.936929	-0.64816
-0.93719	-0.646047
-0.937319	-0.643795
-0.937416	-0.641759
-0.937352	-0.640059
-0.937424	-0.638345
-0.937948	-0.637121
-0.937674	-0.635744
-0.937384	-0.634421
-0.936862	-0.632676
-0.936264	-0.631117
-0.935851	-0.629091
-0.935705	-0.626658
-0.935742	-0.624562
-0.935791	-0.622697
-0.935439	-0.621412
-0.935274	-0.620454
-0.935507	-0.619431
-0.935803	-0.61836
-0.936092	-0.617618
-0.936499	-0.616326
-0.936866	-0.615092
-0.938003	-0.613703
-0.939305	-0.613401
-0.940798	-0.612457
-0.942482	-0.61117
-0.94384	-0.609889
-0.945087	-0.60814
-0.946344	-0.606549
-0.948265	-0.605174
-0.949832	-0.603884
-0.951307	-0.602732
-0.952675	-0.601763
-0.953942	-0.600869
-0.955234	-0.599919
-0.95717	-0.598837
-0.95913	-0.598099
-0.961025	-0.597386
-0.963234	-0.596733
-0.966024	-0.596883
-0.968765	-0.597006
-0.971547	-0.59669
-0.974486	-0.596461
-0.977384	-0.596333
-0.980243	-0.596137
-0.982905	-0.596045
-0.985419	-0.595972
-0.987544	-0.595882
-0.990006	-0.595288
-0.992365	-0.595994
-0.994704	-0.596909
-0.997294	-0.597913
-1.00007	-0.599169
-1.00298	-0.600246
-1.00641	-0.60108
-1.00935	-0.600366
-1.01177	-0.599088
