0.00497923	0.00397494
0.00912906	0.00859472
0.0123407	0.012557
0.0149714	0.0159826
0.0174014	0.0186076
0.0197591	0.0209889
0.0215305	0.0226367
0.0230227	0.0235467
0.0246331	0.0251036
0.0262571	0.0260968
0.0277976	0.026536
0.0293068	0.0267478
0.0305526	0.0264523
0.0318875	0.0262844
0.0323934	0.0261665
0.0334234	0.0263522
0.0340454	0.0266058
0.0342484	0.0270181
0.0342468	0.0276819
0.0339449	0.0283537
0.0332558	0.0289449
0.0325025	0.0296043
0.0315822	0.0300988
0.0315354	0.0303384
0.0316349	0.0309718
0.0317147	0.0321503
0.031766	0.0333689
0.0318072	0.0341921
0.0319625	0.035179
0.0320777	0.036329
0.0325932	0.0374773
0.0327185	0.0382328
0.0332654	0.0389841
0.034108	0.0398624
0.035144	0.0410209
0.0360457	0.0422688
0.0369614	0.0439258
0.0376655	0.0459338
0.0379545	0.0475301
0.0382211	0.0488905
0.0390906	0.0495853
0.0399583	0.0507427
0.0405635	0.0517909
0.0414372	0.053151
0.0425023	0.0544006
0.0441047	0.0555214
0.0457511	0.0566687
0.0471087	0.057634
0.048352	0.0582887
0.049478	0.0595619
0.0499912	0.0606205
0.0506071	0.061832
0.0522918	0.0629409
0.0536244	0.0636526
0.0548901	0.0643707
0.0563423	0.0641039
0.0581954	0.0643642
0.060083	0.0646456
0.0616693	0.064985
0.0627702	0.064951
0.0639724	0.0644231
0.0652399	0.0639422
0.0657954	0.0632106
0.0663467	0.0616607
0.0672161	0.0601686
0.0678257	0.0587888
0.0691598	0.0573652
0.0704107	0.0558249
0.0709352	0.0539887
0.0703753	0.0515775
0.0703767	0.0495626
0.0712079	0.0474946
0.0719743	0.0451203
0.0729099	0.0433672
0.0737333	0.0418763
0.0745166	0.0403395
0.0756805	0.0392972
0.076944	0.0375857
0.0783583	0.0358529
0.0797756	0.0342032
0.0812069	0.0325703
0.0824437	0.0311631
0.083689	0.0300364
0.0849615	0.0284036
0.086101	0.0267289
0.0876033	0.0251291
0.088379	0.0227606
0.0892304	0.0204885
0.0908024	0.0181559
0.0921774	0.0160246
0.0935608	0.0143529
0.094884	0.0126544
0.0959208	0.0105549
0.0962194	0.00867076
0.096835	0.00656715
0.0979209	0.00460629
0.0987875	0.00290603
0.0990958	0.00149142
0.0993375	4.48188e-05
0.0996002	-0.0014644
0.100306	-0.00323107
0.100858	-0.00506621
0.10055	-0.00706672
0.100766	-0.00895495
0.100588	-0.0104526
0.101004	-0.01208
0.101219	-0.0136558
0.101307	-0.0153245
0.101493	-0.0158753
0.101437	-0.0163518
0.100896	-0.0172337
0.0999681	-0.0180966
0.0989668	-0.0190729
0.0978538	-0.0201175
0.0967607	-0.0210854
0.0955219	-0.022143
0.0937654	-0.0233197
0.0915528	-0.0248506
0.0895331	-0.0265396
0.0876358	-0.0286074
0.0858335	-0.0307806
0.0843743	-0.0332574
0.0825334	-0.0352061
0.0806818	-0.0369747
0.0789301	-0.0381829
0.0766485	-0.0396183
0.0737946	-0.0408921
0.0709739	-0.0417689
0.0683796	-0.0425885
0.0663858	-0.0435979
0.0646246	-0.043959
0.0627987	-0.0443973
0.0612212	-0.0446833
0.0603327	-0.0451192
0.059631	-0.0457731
0.0587214	-0.0469248
0.0579071	-0.0480861
0.0560399	-0.0501365
0.0543577	-0.0522757
0.0532765	-0.053627
0.0517327	-0.0541059
0.0507189	-0.0541404
0.0492992	-0.0541332
0.0479889	-0.0541901
0.0466247	-0.0548461
0.0449909	-0.0553657
0.0432984	-0.0553417
0.0415124	-0.0549908
0.0394077	-0.0549967
0.0375325	-0.0550776
0.0359232	-0.0551287
0.0347975	-0.0552195
0.0342954	-0.055607
0.0344003	-0.0554591
0.0345504	-0.0553283
0.0346833	-0.0543218
0.0348661	-0.0538099
0.0351265	-0.0522896
0.035565	-0.050721
0.0358895	-0.0491831
0.0363923	-0.0474886
0.0367999	-0.0465383
0.0375254	-0.0450123
0.0381938	-0.0435974
0.0388402	-0.0420967
0.0390036	-0.0406867
0.0391665	-0.039283
0.0390712	-0.0377748
0.0389569	-0.0362875
0.0387517	-0.0350315
0.0389837	-0.0330309
0.039271	-0.0313313
0.0390682	-0.029768
0.0388728	-0.0282621
0.0381758	-0.0260519
0.0379879	-0.0234756
0.0378019	-0.0209851
0.037348	-0.0183413
0.0369096	-0.0157936
0.0363832	-0.0134694
0.0353551	-0.0105703
0.0343837	-0.00785599
0.0337676	-0.00554817
0.0336479	-0.00302692
0.0335963	-0.000549303
0.0335407	0.00181592
0.0334875	0.00412776
0.0333863	0.00662845
0.0331471	0.0093626
0.0331953	0.0123126
0.0326692	0.0147378
0.031646	0.0173867
0.0306746	0.0198836
0.0296654	0.0221845
0.0286878	0.0243951
0.0267254	0.0254484
0.024239	0.0262996
0.0206028	0.0265257
0.0166835	0.0266416
0.0129791	0.0263946
0.00966236	0.0253737
0.00600338	0.0240404
0.00185784	0.0222907
-0.00310549	0.0195329
-0.00678575	0.016927
-0.0103197	0.014221
-0.013869	0.0123932
-0.0169356	0.0103461
-0.0195973	0.00775435
-0.021865	0.00582393
-0.024107	0.00349142
-0.0263038	0.000963426
-0.0285247	-0.00168443
-0.0304306	-0.004639
-0.0314512	-0.00727683
-0.0317263	-0.0101468
-0.0324505	-0.0136202
-0.0333877	-0.0173335
-0.034251	-0.0213683
-0.0352617	-0.025261
-0.0360995	-0.0292109
-0.035974	-0.0331568
-0.0357925	-0.0360372
-0.0359203	-0.0379288
-0.0359921	-0.0389486
-0.0362228	-0.0395215
-0.0361675	-0.0401818
-0.0363052	-0.0406974
-0.0363997	-0.0417315
-0.036158	-0.0418606
-0.0357594	-0.0418473
-0.0349495	-0.0410807
-0.0335319	-0.0398524
-0.0319238	-0.0378879
-0.0305056	-0.0354486
-0.0290681	-0.0334323
-0.0276918	-0.0312754
-0.0264029	-0.0286081
-0.02563	-0.0270434
-0.0248902	-0.0263458
-0.0244732	-0.0263255
-0.0237657	-0.0266883
-0.0234337	-0.0271554
-0.0234203	-0.0280838
-0.0242975	-0.0300045
-0.0252989	-0.0312122
-0.0262201	-0.0312723
-0.0272713	-0.030888
-0.0290903	-0.0303208
-0.0317288	-0.0296333
-0.0343981	-0.0288385
-0.0357033	-0.0282957
-0.0365137	-0.0282664
-0.0366894	-0.0298867
-0.0365209	-0.0311738
-0.0365632	-0.0321694
-0.0369353	-0.0326735
-0.0376025	-0.0335555
-0.0382539	-0.0345169
-0.0386196	-0.0361931
-0.0394304	-0.0378769
-0.0401355	-0.0399907
-0.0406487	-0.0412006
-0.0414938	-0.042379
-0.0428919	-0.0428609
-0.0443935	-0.0433877
-0.0461904	-0.0438975
-0.0482414	-0.0448225
-0.0499727	-0.045559
-0.0520104	-0.0464169
-0.0543153	-0.047289
-0.0564326	-0.0480547
-0.0586823	-0.0488189
-0.0599873	-0.0496956
-0.0607037	-0.0504574
-0.0607731	-0.051802
-0.0606533	-0.0533742
-0.0599865	-0.0549775
-0.0584244	-0.0569059
-0.0565682	-0.0589565
-0.0551449	-0.0601525
-0.0550642	-0.0601683
-0.0545837	-0.0597165
-0.0537092	-0.058437
-0.0523173	-0.0569044
-0.0511963	-0.0556305
-0.0503805	-0.0546101
-0.0499151	-0.0536774
-0.0492219	-0.0522438
-0.0483232	-0.0501667
-0.0485943	-0.0480878
-0.0493992	-0.0460895
-0.050484	-0.0440198
-0.0518581	-0.0416726
-0.0534578	-0.039574
-0.0554	-0.0374993
-0.0581008	-0.0353864
-0.0593473	-0.0339903
-0.059328	-0.0325189
-0.058885	-0.0312062
-0.0578505	-0.0305502
-0.0563131	-0.0296411
-0.0547316	-0.0287635
-0.0531064	-0.0283583
-0.0511134	-0.0283387
-0.0485843	-0.0286574
-0.0459638	-0.029429
-0.044218	-0.0301442
-0.0428631	-0.0311308
-0.0420793	-0.0320704
-0.0417472	-0.0329115
-0.0417363	-0.0341067
-0.0421146	-0.0352114
-0.0429512	-0.0370403
-0.0439951	-0.0385045
-0.0462156	-0.0404369
-0.0493875	-0.0422578
-0.0523685	-0.0447639
-0.0555423	-0.0472361
-0.0591986	-0.0498416
-0.061853	-0.051896
-0.0635595	-0.0537505
-0.0642195	-0.0561969
-0.064378	-0.058577
-0.0648147	-0.0599627
-0.064966	-0.0614562
-0.0652906	-0.0628195
-0.0656284	-0.064617
-0.0664204	-0.0666099
-0.0674547	-0.0680632
-0.0684986	-0.0696055
-0.0689022	-0.0713445
-0.0692964	-0.0729604
-0.0699839	-0.0744063
-0.0711587	-0.0759851
-0.0729738	-0.0772923
-0.0748183	-0.0786646
-0.076823	-0.0805158
-0.0792014	-0.0823004
-0.0815678	-0.0835673
-0.0835753	-0.0838712
-0.085746	-0.0838454
-0.0882253	-0.0837383
-0.0901713	-0.0837537
-0.0918816	-0.084316
-0.0934081	-0.0844417
-0.0946995	-0.084581
-0.0957199	-0.0839407
-0.0969657	-0.0831265
-0.0980552	-0.0822201
-0.0990126	-0.0813053
-0.0996944	-0.0807829
-0.0995634	-0.0806307
-0.0994833	-0.0805375
-0.0990304	-0.0805074
-0.0979905	-0.0802689
-0.0965904	-0.0800004
-0.0954927	-0.080199
-0.0937947	-0.0806627
-0.0919643	-0.0811026
-0.0901178	-0.0813428
-0.0889184	-0.08207
-0.0874264	-0.0829145
-0.0857514	-0.0834643
-0.084363	-0.0836904
-0.083834	-0.0832841
-0.0832326	-0.0830143
-0.0826512	-0.082674
-0.0816857	-0.0824741
-0.0807669	-0.0822151
-0.080127	-0.0815287
-0.0797471	-0.0809527
-0.0792325	-0.0808389
-0.0787924	-0.0805964
-0.0782719	-0.0803815
-0.0780004	-0.0807172
-0.0777526	-0.081251
-0.0767152	-0.0818087
-0.0771686	-0.0821609
-0.0779608	-0.0827658
-0.0786346	-0.0844397
-0.0794253	-0.086131
-0.0811366	-0.0866675
-0.0829717	-0.0868387
-0.0848808	-0.0868764
-0.0873521	-0.0868757
-0.0899767	-0.0865398
-0.0923673	-0.0861989
-0.0943144	-0.0859075
-0.0956859	-0.0851686
-0.09674	-0.0846765
-0.0975534	-0.084597
-0.0976424	-0.0844408
-0.097285	-0.0844197
-0.0966539	-0.084688
-0.0952853	-0.0853431
-0.093966	-0.0864004
-0.0923775	-0.0881651
-0.0908637	-0.0897062
-0.0895877	-0.0911796
-0.088266	-0.0925334
-0.0877389	-0.0940814
-0.0868918	-0.0951981
-0.0862132	-0.0963323
-0.0857684	-0.0968268
-0.0853604	-0.0971745
-0.0849916	-0.0972517
-0.0845021	-0.0968754
-0.0838814	-0.0961675
-0.0835647	-0.0943901
-0.0832804	-0.0922307
-0.0828474	-0.089713
-0.0818851	-0.0873942
-0.0810321	-0.0854185
-0.0806325	-0.0832987
-0.0806131	-0.0811893
-0.081358	-0.0787279
-0.0829556	-0.0759924
-0.0850136	-0.0734098
-0.0869186	-0.0707305
-0.0884297	-0.0685464
-0.0889192	-0.0668716
-0.0889249	-0.0655208
-0.0886728	-0.0647422
-0.0882783	-0.0641268
-0.0876232	-0.0635259
-0.0871013	-0.0633108
-0.0855453	-0.0632799
-0.084473	-0.0634033
-0.0833018	-0.063578
-0.0820641	-0.0642462
-0.0811711	-0.0646513
-0.0802799	-0.0651201
-0.0798049	-0.0654657
-0.0796314	-0.0658151
-0.0795235	-0.0661207
-0.0794931	-0.0665804
-0.0799333	-0.0672837
-0.0804978	-0.068384
-0.0810344	-0.0697804
-0.0826246	-0.0719972
-0.0844058	-0.0745048
-0.0862223	-0.0769121
-0.0880367	-0.0788074
-0.089415	-0.0808196
-0.0909107	-0.0829232
-0.0917866	-0.0848934
-0.0924197	-0.0857511
-0.0930082	-0.0869406
-0.0935074	-0.087713
-0.0949038	-0.0893563
-0.0962764	-0.0909339
-0.0976779	-0.0922833
-0.0991604	-0.0936366
-0.10076	-0.0950429
-0.102337	-0.0963414
-0.103858	-0.0975669
-0.104567	-0.0981155
-0.105064	-0.0985341
-0.105662	-0.099378
-0.105613	-0.100303
-0.105115	-0.101408
-0.105135	-0.102788
-0.106228	-0.104948
-0.107325	-0.106909
-0.108957	-0.10829
-0.110808	-0.109376
-0.11165	-0.109775
-0.112995	-0.110581
-0.114214	-0.111919
-0.114726	-0.113331
-0.115306	-0.114045
-0.116126	-0.115089
-0.116909	-0.116197
-0.118045	-0.117277
-0.119311	-0.118474
-0.120701	-0.119872
-0.123195	-0.121506
-0.125785	-0.123326
-0.128566	-0.125247
-0.131305	-0.126797
-0.133598	-0.128209
-0.135844	-0.129834
-0.138157	-0.131119
-0.139227	-0.132431
-0.140445	-0.134578
-0.141676	-0.136649
-0.142982	-0.138885
-0.144319	-0.141169
-0.144922	-0.143937
-0.145493	-0.146936
-0.146045	-0.149823
-0.146606	-0.152601
-0.147479	-0.155297
-0.148327	-0.158
-0.149333	-0.160488
-0.150318	-0.162929
-0.151421	-0.165353
-0.152726	-0.168279
-0.153935	-0.170499
-0.155556	-0.172261
-0.157226	-0.174043
-0.159055	-0.175823
-0.160746	-0.177159
-0.162248	-0.178643
-0.163475	-0.179681
-0.165106	-0.180769
-0.166648	-0.181702
-0.168085	-0.182349
-0.169912	-0.183425
-0.171564	-0.184501
-0.172934	-0.185527
-0.174522	-0.186471
-0.176238	-0.187393
-0.178978	-0.189166
-0.181584	-0.190816
-0.184251	-0.19229
-0.187127	-0.194008
-0.190356	-0.195656
-0.193399	-0.197285
-0.196076	-0.198989
-0.198247	-0.200493
-0.200339	-0.20213
-0.202582	-0.203775
-0.204652	-0.205187
-0.206524	-0.206229
-0.208415	-0.207236
-0.210321	-0.208185
-0.212059	-0.209104
-0.214082	-0.210195
-0.215332	-0.211141
-0.2163	-0.212038
-0.217325	-0.213028
-0.218019	-0.21426
-0.219009	-0.215661
-0.21954	-0.217529
-0.219328	-0.21912
-0.219877	-0.219954
-0.220005	-0.221317
-0.220152	-0.222946
-0.220297	-0.224687
-0.221044	-0.226892
-0.221217	-0.228551
-0.221051	-0.229873
-0.220314	-0.231018
-0.218891	-0.231839
-0.21764	-0.232955
-0.216273	-0.233666
-0.215273	-0.234198
-0.2148	-0.234676
-0.213669	-0.235085
-0.211789	-0.235539
-0.210331	-0.236439
-0.208925	-0.237461
-0.207818	-0.237762
-0.206554	-0.238065
-0.205408	-0.238407
-0.204225	-0.238737
-0.202732	-0.239311
-0.201122	-0.240029
-0.199112	-0.241122
-0.1973	-0.241893
-0.195711	-0.242664
-0.19418	-0.243176
-0.192746	-0.243865
-0.191379	-0.243651
-0.189886	-0.243428
-0.187124	-0.242528
-0.184559	-0.241681
-0.182524	-0.241031
-0.179721	-0.240645
-0.177124	-0.241682
-0.17478	-0.242733
-0.173171	-0.243812
-0.171476	-0.24499
-0.169772	-0.244972
-0.168223	-0.244923
-0.166425	-0.24496
-0.164652	-0.244962
-0.163163	-0.24472
-0.161589	-0.24423
-0.159881	-0.243713
-0.159035	-0.243285
-0.158198	-0.242647
-0.15695	-0.242112
-0.155801	-0.241586
-0.154409	-0.241278
-0.152787	-0.240181
-0.151249	-0.239056
-0.150285	-0.23771
-0.149282	-0.236738
-0.148583	-0.235542
-0.147745	-0.234541
-0.14694	-0.233506
-0.146305	-0.232259
-0.145703	-0.231007
-0.145091	-0.229374
-0.144804	-0.22791
-0.144496	-0.226746
-0.144439	-0.225313
-0.144291	-0.223786
-0.144006	-0.222906
-0.143719	-0.221812
-0.144043	-0.220274
-0.144838	-0.217466
-0.145515	-0.21492
-0.146034	-0.212364
-0.146113	-0.209841
-0.14625	-0.208084
-0.146935	-0.206466
-0.147626	-0.204736
-0.148587	-0.202991
-0.149136	-0.201355
-0.149688	-0.199142
-0.151053	-0.197008
-0.152353	-0.194892
-0.154372	-0.193166
-0.155829	-0.191295
-0.15782	-0.188918
-0.159692	-0.186492
-0.161502	-0.184428
-0.163846	-0.182302
-0.165997	-0.180311
-0.168259	-0.178511
-0.170051	-0.17708
-0.172012	-0.176476
-0.174597	-0.175223
-0.177124	-0.174162
-0.18032	-0.173725
-0.184181	-0.174181
-0.18776	-0.174646
-0.191472	-0.175725
-0.194804	-0.176822
-0.197719	-0.177884
-0.200616	-0.178744
-0.202707	-0.179366
-0.204921	-0.17978
-0.206888	-0.179812
-0.208478	-0.179904
-0.209575	-0.180037
-0.210499	-0.180076
-0.211262	-0.180196
-0.211865	-0.180514
-0.212437	-0.180886
-0.212567	-0.181327
-0.213213	-0.18112
-0.213785	-0.181262
-0.214437	-0.181042
-0.214688	-0.180996
-0.215256	-0.181038
-0.216159	-0.180601
-0.217315	-0.179898
-0.218296	-0.179087
-0.219223	-0.178338
-0.219668	-0.177221
-0.219897	-0.176156
-0.219949	-0.175417
-0.219398	-0.174138
-0.21863	-0.172979
-0.217536	-0.171648
-0.216201	-0.170499
-0.215133	-0.168619
-0.214882	-0.166963
-0.214597	-0.165252
-0.214404	-0.16394
-0.214225	-0.162574
-0.213916	-0.161186
-0.213416	-0.160007
-0.213186	-0.158562
-0.212369	-0.157375
-0.211684	-0.156036
-0.210602	-0.154334
-0.209627	-0.152636
-0.208584	-0.15031
-0.207364	-0.148106
-0.206041	-0.146057
-0.204695	-0.144296
-0.20345	-0.142923
-0.201953	-0.141924
-0.20037	-0.1399
-0.198302	-0.138324
-0.19638	-0.137685
-0.194774	-0.137171
-0.193141	-0.136066
-0.191881	-0.134779
-0.190463	-0.133453
-0.189492	-0.132709
-0.188306	-0.13178
-0.187689	-0.130523
-0.187124	-0.128174
-0.186532	-0.12589
-0.185891	-0.12372
-0.184337	-0.121666
-0.182797	-0.119674
-0.181293	-0.117721
-0.179863	-0.115723
-0.178952	-0.114739
-0.178148	-0.113975
-0.177048	-0.11304
-0.17583	-0.111565
-0.174879	-0.110145
-0.174403	-0.108983
-0.174381	-0.108576
-0.174362	-0.107421
-0.174127	-0.106106
-0.174133	-0.105236
-0.173949	-0.104309
-0.173812	-0.103224
-0.17372	-0.102096
-0.173155	-0.101006
-0.172448	-0.0999619
-0.170993	-0.0990942
-0.169124	-0.098117
-0.167288	-0.0967088
-0.164882	-0.095101
-0.162543	-0.0940457
-0.160199	-0.0931458
-0.158172	-0.0925113
-0.156225	-0.0919152
-0.154102	-0.0916378
-0.152363	-0.0910629
-0.150383	-0.0907736
-0.148633	-0.0911432
-0.147013	-0.0913991
-0.145284	-0.0917617
-0.143457	-0.0922887
-0.141341	-0.093133
-0.138691	-0.0940309
-0.135896	-0.0951002
-0.134235	-0.0957616
-0.132125	-0.0966067
-0.129628	-0.0967709
-0.126925	-0.0971677
-0.123837	-0.0975636
-0.120631	-0.0982798
-0.11728	-0.099224
-0.11344	-0.0998471
-0.110422	-0.0999591
-0.108286	-0.100604
-0.106771	-0.101322
-0.105852	-0.102537
-0.105198	-0.104149
-0.104743	-0.106316
-0.104804	-0.108713
-0.105504	-0.111893
-0.106611	-0.115574
-0.107786	-0.118568
-0.10881	-0.120249
-0.109663	-0.120846
-0.110269	-0.12207
-0.110746	-0.123016
-0.111203	-0.123492
-0.111867	-0.123876
-0.113194	-0.123026
-0.115883	-0.121303
-0.118009	-0.119802
-0.120163	-0.118319
-0.122476	-0.117216
-0.125565	-0.116024
-0.128728	-0.114931
-0.130214	-0.114
-0.130879	-0.113788
-0.131094	-0.113351
-0.131016	-0.113298
-0.130623	-0.113422
-0.129588	-0.114262
-0.127889	-0.115204
-0.125442	-0.115961
-0.123483	-0.116731
-0.122163	-0.117165
-0.121151	-0.117675
-0.11997	-0.117942
-0.119035	-0.118446
-0.118346	-0.119268
-0.117895	-0.119805
-0.117925	-0.120398
-0.118144	-0.121312
-0.118493	-0.122596
-0.119153	-0.124018
-0.120156	-0.125983
-0.120892	-0.128566
-0.121719	-0.131204
-0.123424	-0.134155
-0.126348	-0.136407
-0.12903	-0.138619
-0.132113	-0.140529
-0.134531	-0.14226
-0.136898	-0.144366
-0.13965	-0.14591
-0.142412	-0.14773
-0.14541	-0.149253
-0.148341	-0.150838
-0.151369	-0.151976
-0.153995	-0.153995
-0.15646	-0.155999
-0.158899	-0.15806
-0.161302	-0.159835
-0.164129	-0.162612
-0.167141	-0.165345
-0.169644	-0.168419
-0.172518	-0.171636
-0.175459	-0.174832
-0.177997	-0.178076
-0.179982	-0.180872
-0.181225	-0.183818
-0.182068	-0.186895
-0.18295	-0.190784
-0.183551	-0.193582
-0.183917	-0.196357
-0.184606	-0.20019
-0.185446	-0.203967
-0.186311	-0.207242
-0.187165	-0.209691
-0.188202	-0.212208
-0.188934	-0.214363
-0.19019	-0.216212
-0.191402	-0.217625
-0.19224	-0.218883
-0.193075	-0.220057
-0.193561	-0.220938
-0.193231	-0.221697
-0.192171	-0.222042
-0.191216	-0.222326
-0.190028	-0.222626
-0.188672	-0.223346
-0.187236	-0.223974
-0.185896	-0.224697
-0.185884	-0.225044
-0.185802	-0.225424
-0.185766	-0.225919
-0.185846	-0.226721
-0.186698	-0.227529
-0.187163	-0.228346
-0.187545	-0.229583
-0.187941	-0.230909
-0.188041	-0.23288
-0.18832	-0.234162
-0.187991	-0.235513
-0.187811	-0.236598
-0.18735	-0.237375
-0.186802	-0.238783
-0.186494	-0.238998
-0.186178	-0.239256
-0.185812	-0.239437
-0.18536	-0.239122
-0.184743	-0.239117
-0.183975	-0.238778
-0.182412	-0.237786
-0.180943	-0.236132
-0.179288	-0.234436
-0.176874	-0.23327
-0.174734	-0.231543
-0.172853	-0.229315
-0.170975	-0.227369
-0.168421	-0.22626
-0.166206	-0.22582
-0.163893	-0.225225
-0.161876	-0.224797
-0.159713	-0.224864
-0.157983	-0.225721
-0.156474	-0.226873
-0.155288	-0.227785
-0.154481	-0.228545
-0.154191	-0.229173
-0.153694	-0.230341
-0.153379	-0.2313
-0.153083	-0.231924
-0.153109	-0.232264
-0.15371	-0.231935
-0.154498	-0.230999
-0.155555	-0.229715
-0.156937	-0.228227
-0.15814	-0.225774
-0.159529	-0.22337
-0.160929	-0.220911
-0.162081	-0.219129
-0.163378	-0.217006
-0.16451	-0.214921
-0.16563	-0.212445
-0.166001	-0.21045
-0.167219	-0.208368
-0.168631	-0.206271
-0.171038	-0.203961
-0.173982	-0.202314
-0.176808	-0.200181
-0.179603	-0.198538
-0.182051	-0.197332
-0.184366	-0.196528
-0.18619	-0.196059
-0.187911	-0.196188
-0.189651	-0.196522
-0.191949	-0.197013
-0.194306	-0.197583
-0.196545	-0.199405
-0.198684	-0.201395
-0.200454	-0.203612
-0.201759	-0.205804
-0.202783	-0.207646
-0.204221	-0.210125
-0.204862	-0.212875
-0.205239	-0.215382
-0.205298	-0.218007
-0.204964	-0.221032
-0.20457	-0.224259
-0.204092	-0.227423
-0.203623	-0.230638
-0.203166	-0.234605
-0.202551	-0.237662
-0.201494	-0.239478
-0.200438	-0.240822
-0.199445	-0.241726
-0.199133	-0.241754
-0.199351	-0.241878
-0.200089	-0.242101
-0.200674	-0.242566
-0.201991	-0.243158
-0.203617	-0.244542
-0.2051	-0.245851
-0.206037	-0.246727
-0.206413	-0.24731
-0.206539	-0.247183
-0.207006	-0.246613
-0.207315	-0.245767
-0.207419	-0.244391
-0.207832	-0.242809
-0.207804	-0.240051
-0.207819	-0.23744
-0.207939	-0.234732
-0.20784	-0.231882
-0.207656	-0.228933
-0.207402	-0.226654
-0.207008	-0.224884
-0.207064	-0.223281
-0.206754	-0.222555
-0.206786	-0.221964
-0.207301	-0.221447
-0.207424	-0.22122
-0.207372	-0.220915
-0.207307	-0.220206
-0.206739	-0.220129
-0.205499	-0.220395
-0.203876	-0.221226
-0.202029	-0.222329
-0.200315	-0.223419
-0.198652	-0.224419
-0.196713	-0.225356
-0.194495	-0.225808
-0.192131	-0.224901
-0.19039	-0.223932
-0.189264	-0.222628
-0.188208	-0.221405
-0.187271	-0.220336
-0.187396	-0.219739
-0.187537	-0.219058
-0.187898	-0.218723
-0.18866	-0.218187
-0.1903	-0.217016
-0.192243	-0.215679
-0.194304	-0.21436
-0.196561	-0.213172
-0.198512	-0.211781
-0.200574	-0.210472
-0.203457	-0.210283
-0.20608	-0.210196
-0.208164	-0.210724
-0.209855	-0.211418
-0.211561	-0.212624
-0.212676	-0.214544
-0.214011	-0.216219
-0.215113	-0.21757
-0.216268	-0.219227
-0.217559	-0.2213
-0.219122	-0.223976
-0.22036	-0.227023
-0.221538	-0.230188
-0.222778	-0.233832
-0.223512	-0.236649
-0.223979	-0.238657
-0.223837	-0.24022
-0.223719	-0.24102
-0.223436	-0.241458
-0.223405	-0.242581
-0.223855	-0.242924
-0.224373	-0.243579
-0.224236	-0.243544
-0.223584	-0.243497
-0.22251	-0.243295
-0.221109	-0.242773
-0.218997	-0.241872
-0.216593	-0.240738
-0.214421	-0.239679
-0.21222	-0.238446
-0.209384	-0.237436
-0.206947	-0.236158
-0.203782	-0.234593
-0.200946	-0.233445
-0.19874	-0.232456
-0.197508	-0.231518
-0.195909	-0.229919
-0.194658	-0.228098
-0.193369	-0.227197
-0.192483	-0.226583
-0.192012	-0.226312
-0.191762	-0.226331
-0.191053	-0.226831
-0.190443	-0.227579
-0.189946	-0.228535
-0.189682	-0.229908
-0.190051	-0.230783
-0.190774	-0.232221
-0.192313	-0.234098
-0.194106	-0.235239
-0.196156	-0.23527
-0.197787	-0.235706
-0.200555	-0.235926
-0.20294	-0.235566
-0.205446	-0.235091
-0.208054	-0.23443
-0.210532	-0.23342
-0.213118	-0.232358
-0.215857	-0.230993
-0.217882	-0.230605
-0.219695	-0.230693
-0.221458	-0.230396
-0.222836	-0.231098
-0.225473	-0.232574
-0.228127	-0.233973
-0.230656	-0.235297
-0.233723	-0.236526
-0.235851	-0.237361
-0.236843	-0.237925
-0.236972	-0.237703
-0.236656	-0.237841
-0.235433	-0.238282
-0.2336	-0.238807
-0.231028	-0.240162
-0.22902	-0.241297
-0.227427	-0.241823
-0.226131	-0.242586
-0.225096	-0.243937
-0.224173	-0.246019
-0.223329	-0.247874
-0.222692	-0.249356
-0.222059	-0.251192
-0.221644	-0.252749
-0.220814	-0.254524
-0.220196	-0.256037
-0.220483	-0.257641
-0.220333	-0.259042
-0.220416	-0.260206
-0.220013	-0.260116
-0.220365	-0.2599
-0.221562	-0.25938
-0.223244	-0.258665
-0.225198	-0.257755
-0.227385	-0.256807
-0.229349	-0.257374
-0.231725	-0.257869
-0.232593	-0.258419
-0.232657	-0.258507
-0.232217	-0.258777
-0.230956	-0.259652
-0.229977	-0.260616
-0.228404	-0.261978
-0.227106	-0.261592
-0.224562	-0.259821
-0.222564	-0.258011
-0.221671	-0.256405
-0.220986	-0.25641
-0.221506	-0.256794
-0.22263	-0.257584
-0.224455	-0.258853
-0.22699	-0.260894
-0.228623	-0.261715
-0.229697	-0.261515
-0.230984	-0.260379
-0.232893	-0.258721
-0.233316	-0.258463
-0.232887	-0.258581
-0.230895	-0.258635
-0.22988	-0.258889
-0.229423	-0.259615
-0.229152	-0.260377
-0.229078	-0.25999
-0.228946	-0.259735
-0.229895	-0.260533
-0.23044	-0.260221
-0.231318	-0.259288
-0.231734	-0.258847
-0.230949	-0.259115
-0.230706	-0.259786
-0.230547	-0.260639
-0.230915	-0.259569
-0.232538	-0.258575
-0.233269	-0.257944
-0.233051	-0.258693
-0.232316	-0.261043
-0.23152	-0.262659
-0.230801	-0.263773
-0.230527	-0.263619
-0.230406	-0.262202
-0.230415	-0.259816
-0.231257	-0.259039
-0.23102	-0.25831
-0.230981	-0.25841
-0.231414	-0.259203
-0.231207	-0.259891
-0.231719	-0.261672
-0.231947	-0.262595
-0.231897	-0.262816
-0.23161	-0.262735
-0.231027	-0.262266
-0.229928	-0.260817
-0.228855	-0.258625
-0.228867	-0.257601
-0.229329	-0.256867
-0.229893	-0.256558
-0.231707	-0.256255
-0.232517	-0.256312
-0.233342	-0.25701
-0.233059	-0.258456
-0.232221	-0.260084
-0.230452	-0.262205
-0.229194	-0.263057
-0.228849	-0.262693
-0.228157	-0.261279
-0.227772	-0.259285
-0.227826	-0.257627
-0.228206	-0.256497
-0.22972	-0.255904
-0.232123	-0.255349
-0.23249	-0.255549
-0.232206	-0.256054
-0.231251	-0.257437
-0.229717	-0.259551
-0.228296	-0.262062
-0.22775	-0.262895
-0.227505	-0.26222
-0.22733	-0.260436
-0.227177	-0.257611
-0.227674	-0.256041
-0.228679	-0.255191
-0.230508	-0.254651
-0.233363	-0.253758
-0.234851	-0.253572
-0.235274	-0.254161
-0.235454	-0.254657
-0.235043	-0.256425
-0.234299	-0.258548
-0.232482	-0.260924
-0.230303	-0.262331
-0.228939	-0.26264
-0.227925	-0.26205
-0.227002	-0.259863
-0.226921	-0.258331
-0.227436	-0.256446
-0.228826	-0.255535
-0.231757	-0.254435
-0.233427	-0.253827
-0.233484	-0.254678
-0.23318	-0.256354
-0.232489	-0.258533
-0.231339	-0.261337
-0.231136	-0.262888
-0.230885	-0.262348
-0.230322	-0.261188
-0.230604	-0.258978
-0.231265	-0.257288
-0.231853	-0.257154
-0.231092	-0.257622
-0.231835	-0.258317
-0.232237	-0.260008
-0.232304	-0.261774
-0.232348	-0.262695
-0.232306	-0.262916
-0.232549	-0.261968
-0.233205	-0.260664
-0.233798	-0.258694
-0.233717	-0.258043
-0.233145	-0.258353
-0.231921	-0.259234
-0.229362	-0.261049
-0.228042	-0.261609
-0.22786	-0.261204
-0.227618	-0.260284
-0.227421	-0.25794
-0.227514	-0.256657
-0.227986	-0.256409
-0.22941	-0.256165
-0.231545	-0.25633
-0.231907	-0.257378
-0.232088	-0.259601
-0.231868	-0.261775
-0.231658	-0.262997
-0.231719	-0.263859
-0.232062	-0.263489
-0.232808	-0.262491
-0.233603	-0.261155
-0.234688	-0.258329
-0.235148	-0.257422
-0.234923	-0.258292
-0.234555	-0.259889
-0.233755	-0.262489
-0.233377	-0.264335
-0.233179	-0.265389
-0.232505	-0.265417
-0.231776	-0.265055
-0.231812	-0.264202
-0.232621	-0.263533
-0.234077	-0.263028
-0.236163	-0.26305
-0.238423	-0.262788
-0.240869	-0.262217
-0.243352	-0.261542
-0.245082	-0.261672
-0.247501	-0.261309
-0.249726	-0.260745
-0.252223	-0.260099
-0.253907	-0.260193
-0.256057	-0.260056
-0.25677	-0.260423
-0.257866	-0.260228
-0.259217	-0.259561
-0.260285	-0.260558
-0.260052	-0.261838
-0.259506	-0.262801
-0.258805	-0.263038
-0.257974	-0.263006
-0.25732	-0.262964
-0.257022	-0.262355
-0.256445	-0.261198
-0.25608	-0.259171
-0.255811	-0.258471
-0.25517	-0.259092
-0.253632	-0.260189
-0.252609	-0.260914
-0.252145	-0.261376
-0.25208	-0.261276
-0.25201	-0.260854
-0.251902	-0.259045
-0.251036	-0.258548
-0.249385	-0.258663
-0.246875	-0.259962
-0.24394	-0.261581
-0.241579	-0.262746
-0.240187	-0.263279
-0.239431	-0.26392
-0.239229	-0.26427
-0.239555	-0.264517
-0.240231	-0.265258
-0.241339	-0.266287
-0.243615	-0.267184
-0.246981	-0.267887
-0.250173	-0.268182
-0.253723	-0.268374
-0.257718	-0.268292
-0.261726	-0.267766
-0.264056	-0.267522
-0.264667	-0.267505
-0.26373	-0.266812
-0.261919	-0.26545
-0.25923	-0.264015
-0.257305	-0.26217
-0.255995	-0.260413
-0.254744	-0.258849
-0.253242	-0.258339
-0.250532	-0.258809
-0.247115	-0.259524
-0.243348	-0.260802
-0.241407	-0.261765
-0.240556	-0.262483
-0.240377	-0.263115
-0.24068	-0.263298
-0.241986	-0.264125
-0.244402	-0.265224
-0.247447	-0.266174
-0.2517	-0.267213
-0.256399	-0.268486
-0.260995	-0.269606
-0.263472	-0.2704
-0.264952	-0.271184
-0.264983	-0.271861
-0.264488	-0.272669
-0.263074	-0.273819
-0.260752	-0.275501
-0.25811	-0.277751
-0.256598	-0.279579
-0.25591	-0.281077
-0.255671	-0.283085
-0.255963	-0.285005
-0.257426	-0.286698
-0.25958	-0.288483
-0.262717	-0.29029
-0.265999	-0.291205
-0.269085	-0.292864
-0.272736	-0.294542
-0.275867	-0.295594
-0.278731	-0.296433
-0.280895	-0.297474
-0.282948	-0.297471
-0.285169	-0.297182
-0.287503	-0.296683
-0.289931	-0.295986
-0.292099	-0.29541
-0.293619	-0.29477
-0.296445	-0.294056
-0.299213	-0.292652
-0.301518	-0.291482
-0.303203	-0.29031
-0.304708	-0.289456
-0.306023	-0.288726
-0.307175	-0.288021
-0.307232	-0.28718
-0.307864	-0.286823
-0.30798	-0.286427
-0.307829	-0.286179
-0.307331	-0.285882
-0.305704	-0.285081
-0.304155	-0.284107
-0.302229	-0.282996
-0.30009	-0.281745
-0.297854	-0.280459
-0.29521	-0.279013
-0.292361	-0.277495
-0.289751	-0.275842
-0.287081	-0.274349
-0.283859	-0.273723
-0.279874	-0.273259
-0.275942	-0.273184
-0.271092	-0.274145
-0.265908	-0.275446
-0.260089	-0.277448
-0.256752	-0.279163
-0.255288	-0.280383
-0.254988	-0.281711
-0.253963	-0.283667
-0.253868	-0.286078
-0.25427	-0.28923
-0.254597	-0.290447
-0.253971	-0.290583
-0.253421	-0.28989
-0.252761	-0.287767
-0.252946	-0.28646
-0.253833	-0.285692
-0.256191	-0.28441
-0.259177	-0.283243
-0.26272	-0.281972
-0.265407	-0.281454
-0.266103	-0.281539
-0.265275	-0.281713
-0.263364	-0.282039
-0.260658	-0.282617
-0.257213	-0.283461
-0.255486	-0.28434
-0.254623	-0.285911
-0.254879	-0.287921
-0.25589	-0.290272
-0.256311	-0.290834
-0.256104	-0.290127
-0.254927	-0.288399
-0.2551	-0.287336
-0.25668	-0.286899
-0.25854	-0.286781
-0.261265	-0.28684
-0.262324	-0.287287
-0.261177	-0.287508
-0.25933	-0.288033
-0.258856	-0.288634
-0.259483	-0.290207
-0.259676	-0.289985
-0.260435	-0.288573
-0.260214	-0.288243
-0.25917	-0.287577
-0.259379	-0.287501
-0.260588	-0.287381
-0.260556	-0.287719
-0.260116	-0.288886
-0.26029	-0.290797
-0.261083	-0.291853
-0.262393	-0.293087
-0.264047	-0.294427
-0.266019	-0.295374
-0.268792	-0.297089
-0.27182	-0.298925
-0.275079	-0.300707
-0.277775	-0.302114
-0.280747	-0.303539
-0.284517	-0.304769
-0.289205	-0.305443
-0.292834	-0.306576
-0.294898	-0.307861
-0.296386	-0.308049
-0.297613	-0.308486
-0.298084	-0.308996
-0.298341	-0.3105
-0.298043	-0.312392
-0.297465	-0.314498
-0.296703	-0.316617
-0.294482	-0.319066
-0.292584	-0.321048
-0.290958	-0.323153
-0.289689	-0.325231
-0.288732	-0.327125
-0.286697	-0.328137
-0.285107	-0.328463
-0.283731	-0.328341
-0.282473	-0.327559
-0.280967	-0.325996
-0.279369	-0.323979
-0.277602	-0.321599
-0.275651	-0.318704
-0.27372	-0.315259
-0.272936	-0.312508
-0.272468	-0.310352
-0.272645	-0.308475
-0.272688	-0.306288
-0.273127	-0.304367
-0.273398	-0.302354
-0.274711	-0.300452
-0.27555	-0.297713
-0.27718	-0.294507
-0.279209	-0.292364
-0.281562	-0.290147
-0.283441	-0.287709
-0.283987	-0.286474
-0.283639	-0.286243
-0.282269	-0.286096
-0.279927	-0.286103
-0.276508	-0.286105
-0.272348	-0.28617
-0.267826	-0.286596
-0.263056	-0.287401
-0.257383	-0.288477
-0.253964	-0.289627
-0.251538	-0.290218
-0.249665	-0.289565
-0.247467	-0.287775
-0.246928	-0.28757
-0.247208	-0.288369
-0.248212	-0.290019
-0.249327	-0.291154
-0.250294	-0.289667
-0.251646	-0.287401
-0.253599	-0.28613
-0.256399	-0.284945
-0.260006	-0.283787
-0.26378	-0.283443
-0.265341	-0.283437
-0.264578	-0.284186
-0.263114	-0.285262
-0.260447	-0.287125
-0.257188	-0.289106
-0.254997	-0.289541
-0.253501	-0.288418
-0.253384	-0.288186
-0.254368	-0.287979
-0.25636	-0.288217
-0.25906	-0.288748
-0.261785	-0.2892
-0.264777	-0.289831
-0.268487	-0.29111
-0.272284	-0.292356
-0.276912	-0.293394
-0.281253	-0.294634
-0.285636	-0.296062
-0.2903	-0.2973
-0.293083	-0.2983
-0.294605	-0.299357
-0.295556	-0.30053
-0.295835	-0.301762
-0.295696	-0.303272
-0.295636	-0.30546
-0.295209	-0.307919
-0.294415	-0.310732
-0.292908	-0.313206
-0.290481	-0.315268
-0.28743	-0.317828
-0.285657	-0.32016
-0.284306	-0.320614
-0.283288	-0.320444
-0.282162	-0.319848
-0.280763	-0.318627
-0.27955	-0.316845
-0.278578	-0.315298
-0.277928	-0.314032
-0.278312	-0.313251
-0.2796	-0.312231
-0.281701	-0.311888
-0.284982	-0.311852
-0.288156	-0.311558
-0.291809	-0.311125
-0.294123	-0.31061
-0.295565	-0.310166
-0.296299	-0.310668
-0.296412	-0.311533
-0.296265	-0.312798
-0.295005	-0.314346
-0.29266	-0.316602
-0.289917	-0.318692
-0.287694	-0.320424
-0.286034	-0.321016
-0.285257	-0.320971
-0.2843	-0.319841
-0.28317	-0.318006
-0.282661	-0.31515
-0.282162	-0.312656
-0.282215	-0.310687
-0.282471	-0.308954
-0.283235	-0.307514
-0.28445	-0.30604
-0.286314	-0.30483
-0.288874	-0.30403
-0.291886	-0.303457
-0.293584	-0.302913
-0.294081	-0.302772
-0.294282	-0.302869
-0.293953	-0.303503
-0.293422	-0.304456
-0.292413	-0.30572
-0.291323	-0.306946
-0.289597	-0.308707
-0.287363	-0.310946
-0.285862	-0.313254
-0.284916	-0.315372
-0.284737	-0.31764
-0.284558	-0.319671
-0.284414	-0.32076
-0.284412	-0.320784
-0.284209	-0.319494
-0.283895	-0.31793
-0.284563	-0.315489
-0.286054	-0.313271
-0.287923	-0.310812
-0.290584	-0.30798
-0.292413	-0.306248
-0.293034	-0.305117
-0.293519	-0.305278
-0.293014	-0.305403
-0.291725	-0.305356
-0.289698	-0.305504
-0.287125	-0.305606
-0.285712	-0.30568
-0.285254	-0.305744
-0.285889	-0.305276
-0.286463	-0.30511
-0.288334	-0.304844
-0.291006	-0.304789
-0.292132	-0.304878
-0.292717	-0.305455
-0.292997	-0.305964
-0.293527	-0.306989
-0.294522	-0.308715
-0.295198	-0.310711
-0.295404	-0.312999
-0.295303	-0.315665
-0.295168	-0.319028
-0.295422	-0.321673
-0.295579	-0.323286
-0.295657	-0.324645
-0.295976	-0.325855
-0.295918	-0.327119
-0.29605	-0.328584
-0.296127	-0.330277
-0.296162	-0.331718
-0.296327	-0.333136
-0.296754	-0.335214
-0.297598	-0.336874
-0.29866	-0.337882
-0.299725	-0.338247
-0.300864	-0.338902
-0.302125	-0.339836
-0.303539	-0.341054
-0.305137	-0.34219
-0.306696	-0.342934
-0.30845	-0.343413
-0.311234	-0.34453
-0.314531	-0.344557
-0.317672	-0.344888
-0.320982	-0.344763
-0.323565	-0.344782
-0.325194	-0.344155
-0.326128	-0.343736
-0.327142	-0.343295
-0.328031	-0.343884
-0.328862	-0.344604
-0.329575	-0.345514
-0.330242	-0.346291
-0.331124	-0.347388
-0.332455	-0.348858
-0.3336	-0.350653
-0.335603	-0.352666
-0.337963	-0.353836
-0.339807	-0.355465
-0.341813	-0.357093
-0.343985	-0.358679
-0.346351	-0.360252
-0.348846	-0.362132
-0.351255	-0.363883
-0.353444	-0.365438
-0.355734	-0.367168
-0.357754	-0.368794
-0.35949	-0.370756
-0.361183	-0.373049
-0.362863	-0.375743
-0.364527	-0.378385
-0.366145	-0.380761
-0.367141	-0.383073
-0.368223	-0.385564
-0.369489	-0.387382
-0.370653	-0.387552
-0.37293	-0.387585
-0.375688	-0.387036
-0.378462	-0.386464
-0.381166	-0.385658
-0.383831	-0.384861
-0.386215	-0.384493
-0.388467	-0.384173
-0.390674	-0.383272
-0.392058	-0.382149
-0.39343	-0.381083
-0.394696	-0.380747
-0.395914	-0.380389
-0.397182	-0.379655
-0.39851	-0.378926
-0.39994	-0.377558
-0.40158	-0.376422
-0.403301	-0.375157
-0.405102	-0.37461
-0.407458	-0.373736
-0.409573	-0.372994
-0.41128	-0.372414
-0.413072	-0.371841
-0.414601	-0.371226
-0.416	-0.370586
-0.417268	-0.370273
-0.418658	-0.37029
-0.419978	-0.370344
-0.421219	-0.370369
-0.422442	-0.37044
-0.423725	-0.369983
-0.42507	-0.369391
-0.426344	-0.368869
-0.427231	-0.368014
-0.428151	-0.367172
-0.429118	-0.36638
-0.430255	-0.365061
-0.430953	-0.363575
-0.431428	-0.361975
-0.431979	-0.359459
-0.432943	-0.356358
-0.435123	-0.353544
-0.436774	-0.351294
-0.438352	-0.349082
-0.439641	-0.346728
-0.44112	-0.344974
-0.442669	-0.342968
-0.444107	-0.340884
-0.445331	-0.338498
-0.446353	-0.335931
-0.447498	-0.333321
-0.448578	-0.331059
-0.449054	-0.329006
-0.449521	-0.327459
-0.449963	-0.325746
-0.450487	-0.324059
-0.450815	-0.322421
-0.450785	-0.320634
-0.451585	-0.319396
-0.451845	-0.318336
-0.452736	-0.31789
-0.453902	-0.317311
-0.455093	-0.316577
-0.456291	-0.315713
-0.457721	-0.314713
-0.459131	-0.313775
-0.460702	-0.312751
-0.462203	-0.311728
-0.463121	-0.310548
-0.463563	-0.309409
-0.464246	-0.308171
-0.465105	-0.30684
-0.466123	-0.305519
-0.467332	-0.30386
-0.468486	-0.302399
-0.469948	-0.300696
-0.471277	-0.299272
-0.47241	-0.297826
-0.47344	-0.296476
-0.474467	-0.295198
-0.475462	-0.294083
-0.475751	-0.292743
-0.476036	-0.291697
-0.476358	-0.290705
-0.476449	-0.28906
-0.476494	-0.287442
-0.476358	-0.285914
-0.475938	-0.284253
-0.475547	-0.282547
-0.474688	-0.280835
-0.473423	-0.279616
-0.472081	-0.278525
-0.470803	-0.27756
-0.469437	-0.276642
-0.468462	-0.275248
-0.467327	-0.274079
-0.465943	-0.272862
-0.464284	-0.271255
-0.462644	-0.270491
-0.461702	-0.271051
-0.460839	-0.271004
-0.45921	-0.271158
-0.456226	-0.27094
-0.454181	-0.269968
-0.452107	-0.269029
-0.449675	-0.268177
-0.447308	-0.266507
-0.444797	-0.264995
-0.442394	-0.263611
-0.440003	-0.262849
-0.437689	-0.262348
-0.435718	-0.262158
-0.433797	-0.262192
-0.431888	-0.26229
-0.43026	-0.263043
-0.428229	-0.263616
-0.426437	-0.264392
-0.4245	-0.264711
-0.422991	-0.265126
-0.421295	-0.265903
-0.419864	-0.26637
-0.418732	-0.26685
-0.418078	-0.267334
-0.417898	-0.268164
-0.41818	-0.268952
-0.418491	-0.269913
-0.419683	-0.270716
-0.420869	-0.271756
-0.422181	-0.272517
-0.422973	-0.273522
-0.423914	-0.273899
-0.42506	-0.274248
-0.426429	-0.274695
-0.427917	-0.275387
-0.429529	-0.275327
-0.4316	-0.276259
-0.433533	-0.277392
-0.435324	-0.278487
-0.437302	-0.279915
-0.43936	-0.281137
-0.441338	-0.282172
-0.443109	-0.283372
-0.444659	-0.284278
-0.447039	-0.28482
-0.448861	-0.285802
-0.450361	-0.286564
-0.451419	-0.287442
-0.452295	-0.287792
-0.453011	-0.287844
-0.453844	-0.287783
-0.455336	-0.287541
-0.457067	-0.286945
-0.45842	-0.28636
-0.459965	-0.285796
-0.460836	-0.286031
-0.461685	-0.286534
-0.462849	-0.287619
-0.463907	-0.288621
-0.46477	-0.289454
-0.466379	-0.29006
-0.468149	-0.290885
-0.46967	-0.291801
-0.471286	-0.292659
-0.473483	-0.294523
-0.475254	-0.297249
-0.476876	-0.299906
-0.47838	-0.301805
-0.480379	-0.304113
-0.48131	-0.30656
-0.483309	-0.308656
-0.485259	-0.311264
-0.486897	-0.313693
-0.488452	-0.315366
-0.489923	-0.317226
-0.491601	-0.318745
-0.493113	-0.320179
-0.495502	-0.322448
-0.497653	-0.323807
-0.499364	-0.32484
-0.501152	-0.32573
-0.502834	-0.326595
-0.504298	-0.327682
-0.506028	-0.328399
-0.507345	-0.329143
-0.508669	-0.330076
-0.510332	-0.330671
-0.511051	-0.331398
-0.511795	-0.331693
-0.512896	-0.331594
-0.513124	-0.332017
-0.513705	-0.331634
-0.514476	-0.330801
-0.515178	-0.330513
-0.516118	-0.330425
-0.516829	-0.330421
-0.517547	-0.329616
-0.519249	-0.329134
-0.520973	-0.328991
-0.522677	-0.329571
-0.524373	-0.330058
-0.525139	-0.331203
-0.525559	-0.332463
-0.5268	-0.333986
-0.527322	-0.335779
-0.527529	-0.337226
-0.52827	-0.339294
-0.528916	-0.340554
-0.529165	-0.341495
-0.529072	-0.342671
-0.528908	-0.344005
-0.52883	-0.345249
-0.529852	-0.346141
-0.531035	-0.347323
-0.531948	-0.348866
-0.532504	-0.350275
-0.533658	-0.351982
-0.535069	-0.353366
-0.536565	-0.354049
-0.538573	-0.354454
-0.540552	-0.355091
-0.542517	-0.356028
-0.545155	-0.357042
-0.547383	-0.358002
-0.549481	-0.35946
-0.55133	-0.360888
-0.553533	-0.362543
-0.55482	-0.363906
-0.555645	-0.365782
-0.556631	-0.367207
-0.557576	-0.36869
-0.558745	-0.370389
-0.559096	-0.372272
-0.55959	-0.374066
-0.560036	-0.376565
-0.559662	-0.37905
-0.559096	-0.381012
-0.558761	-0.383203
-0.558525	-0.385324
-0.558486	-0.387084
-0.558638	-0.388632
-0.558849	-0.390062
-0.559506	-0.391228
-0.560251	-0.392426
-0.561032	-0.39334
-0.561299	-0.395071
-0.561706	-0.397362
-0.562084	-0.399585
-0.562388	-0.401604
-0.562648	-0.403358
-0.562636	-0.405439
-0.562529	-0.407471
-0.56208	-0.409322
-0.561025	-0.411569
-0.559313	-0.413072
-0.557867	-0.414535
-0.556769	-0.415903
-0.55608	-0.417092
-0.555767	-0.417756
-0.555276	-0.418312
-0.554701	-0.419221
-0.554255	-0.419851
-0.553732	-0.4207
-0.552472	-0.420908
-0.551107	-0.421151
-0.549577	-0.421701
-0.547902	-0.422813
-0.546025	-0.423852
-0.544017	-0.424756
-0.541856	-0.425555
-0.539697	-0.426663
-0.537579	-0.427349
-0.535328	-0.428055
-0.533064	-0.42869
-0.531245	-0.429163
-0.529274	-0.429728
-0.527192	-0.430143
-0.52425	-0.43014
-0.521436	-0.430937
-0.518684	-0.431598
-0.516367	-0.432168
-0.514293	-0.432717
-0.51256	-0.433465
-0.51095	-0.434285
-0.509176	-0.434963
-0.507743	-0.435402
-0.506119	-0.435624
-0.50454	-0.436312
-0.502742	-0.438318
-0.500831	-0.439751
-0.498976	-0.441072
-0.496784	-0.441798
-0.494601	-0.442434
-0.492473	-0.443026
-0.490323	-0.443493
-0.487822	-0.443726
-0.485629	-0.443613
-0.483421	-0.443588
-0.481484	-0.443659
-0.479608	-0.443905
-0.477582	-0.444702
-0.475251	-0.445845
-0.472949	-0.447332
-0.470677	-0.448875
-0.468466	-0.450381
-0.465975	-0.452194
-0.463603	-0.453948
-0.46122	-0.45525
-0.45921	-0.456925
-0.457309	-0.458093
-0.456045	-0.459298
-0.454759	-0.460974
-0.453638	-0.462629
-0.45167	-0.464108
-0.44946	-0.46499
-0.447657	-0.465715
-0.446208	-0.465839
-0.444876	-0.465864
-0.443356	-0.466237
-0.442361	-0.466454
-0.440855	-0.466522
-0.439783	-0.466625
-0.438579	-0.466436
-0.437314	-0.465974
-0.435854	-0.465239
-0.434421	-0.464093
-0.433415	-0.463071
-0.432013	-0.461677
-0.430659	-0.460492
-0.429311	-0.459396
-0.428011	-0.45842
-0.426685	-0.457752
-0.425587	-0.457833
-0.424541	-0.45787
-0.423645	-0.457912
-0.42312	-0.458286
-0.422367	-0.458725
-0.421406	-0.459511
-0.419746	-0.460168
-0.41856	-0.460526
-0.417304	-0.460766
-0.415944	-0.460409
-0.41479	-0.460108
-0.413778	-0.459734
-0.412476	-0.458924
-0.410979	-0.458034
-0.409886	-0.45783
-0.408846	-0.457686
-0.407912	-0.457568
-0.406982	-0.45674
-0.406666	-0.455487
-0.406194	-0.454245
-0.405893	-0.453207
-0.406004	-0.451643
-0.406223	-0.450014
-0.406494	-0.447632
-0.4064	-0.445268
-0.406355	-0.442953
-0.406313	-0.440699
-0.406829	-0.437668
-0.407427	-0.434918
-0.408142	-0.433052
-0.408797	-0.431397
-0.40995	-0.42966
-0.410918	-0.427895
-0.412183	-0.426022
-0.413482	-0.424161
-0.415093	-0.422682
-0.416752	-0.421539
-0.418379	-0.420503
-0.41906	-0.419199
-0.41965	-0.417717
-0.420151	-0.416969
-0.4208	-0.415991
-0.42133	-0.414093
-0.421882	-0.412125
-0.422227	-0.41
-0.422991	-0.407901
-0.42413	-0.405926
-0.425271	-0.403781
-0.426013	-0.402724
-0.426269	-0.402028
-0.4261	-0.400825
-0.425927	-0.40028
-0.425813	-0.399944
-0.42596	-0.399567
-0.42568	-0.399121
-0.425815	-0.399154
-0.426597	-0.399249
-0.428081	-0.399962
-0.430211	-0.400495
-0.432474	-0.401073
-0.434466	-0.401697
-0.436559	-0.401504
-0.438059	-0.401358
-0.439378	-0.402
-0.440674	-0.402809
-0.441109	-0.402607
-0.441463	-0.401929
-0.441278	-0.401418
-0.440796	-0.400677
-0.439999	-0.398744
-0.43851	-0.397317
-0.436813	-0.395848
-0.434839	-0.394505
-0.432644	-0.393039
-0.43061	-0.391931
-0.428857	-0.391014
-0.427613	-0.390345
-0.426763	-0.389387
-0.425728	-0.388729
-0.424801	-0.388755
-0.423915	-0.388546
-0.423035	-0.388418
-0.421792	-0.38864
-0.420645	-0.388912
-0.419413	-0.389442
-0.418363	-0.390225
-0.416213	-0.391801
-0.414001	-0.392992
-0.411842	-0.394291
-0.409836	-0.395751
-0.407608	-0.397585
-0.405886	-0.399406
-0.403978	-0.40093
-0.402198	-0.402519
-0.401234	-0.404031
-0.400115	-0.405383
-0.399634	-0.407307
-0.399982	-0.40904
-0.401244	-0.411109
-0.402849	-0.412857
-0.404672	-0.415473
-0.405692	-0.41809
-0.407012	-0.420838
-0.408246	-0.423141
-0.409423	-0.425184
-0.410799	-0.427108
-0.412926	-0.428823
-0.415024	-0.430396
-0.417123	-0.431988
-0.41895	-0.433274
-0.420592	-0.43421
-0.422471	-0.435262
-0.425147	-0.436622
-0.427913	-0.437868
-0.430648	-0.439183
-0.433691	-0.440364
-0.436579	-0.441437
-0.43969	-0.44211
-0.442643	-0.442588
-0.445192	-0.442849
-0.447236	-0.442437
-0.449258	-0.44201
-0.451733	-0.441238
-0.453921	-0.440862
-0.456154	-0.440499
-0.458072	-0.440534
-0.460579	-0.440038
-0.462829	-0.44054
-0.465341	-0.440856
-0.467588	-0.441476
-0.469538	-0.442213
-0.471242	-0.443097
-0.472742	-0.443646
-0.475025	-0.444516
-0.476697	-0.445341
-0.478588	-0.446343
-0.480434	-0.447522
-0.482238	-0.448873
-0.484573	-0.450376
-0.486497	-0.451894
-0.488513	-0.453393
-0.490462	-0.454979
-0.492329	-0.456761
-0.493794	-0.458209
-0.494947	-0.458544
-0.495749	-0.45875
-0.496629	-0.458153
-0.498014	-0.456907
-0.499001	-0.455928
-0.499767	-0.45493
-0.500249	-0.453977
-0.500642	-0.45291
-0.501032	-0.451274
-0.50122	-0.449169
-0.50151	-0.446642
-0.50159	-0.44407
-0.501877	-0.441252
-0.502497	-0.438152
-0.502896	-0.435063
-0.503205	-0.43235
-0.504299	-0.430179
-0.505744	-0.427851
-0.506984	-0.425957
-0.507749	-0.424563
-0.508279	-0.423451
-0.509253	-0.422481
-0.510468	-0.421468
-0.511995	-0.419992
-0.513467	-0.418612
-0.515034	-0.417303
-0.516663	-0.416169
-0.518097	-0.414487
-0.519396	-0.414768
-0.521068	-0.414919
-0.52255	-0.415151
-0.523771	-0.415297
-0.52458	-0.415362
-0.525369	-0.415519
-0.526273	-0.41569
-0.526325	-0.415699
-0.526877	-0.415937
-0.527162	-0.416613
-0.527838	-0.417861
-0.528201	-0.419431
-0.528181	-0.420969
-0.528037	-0.422413
-0.527615	-0.42402
-0.526937	-0.425363
-0.526422	-0.426644
-0.525245	-0.428404
-0.523934	-0.430354
-0.522555	-0.432407
-0.521143	-0.434458
-0.519495	-0.436581
-0.516995	-0.439308
-0.514517	-0.441984
-0.512229	-0.444222
-0.50996	-0.44641
-0.507485	-0.447941
-0.504982	-0.449324
-0.501407	-0.450922
-0.497672	-0.452451
-0.494057	-0.45322
-0.490936	-0.453837
-0.488219	-0.454483
-0.48472	-0.454318
-0.481366	-0.454346
-0.478629	-0.455692
-0.475906	-0.457714
-0.473314	-0.459728
-0.470668	-0.462016
-0.467749	-0.463892
-0.46546	-0.464621
-0.463564	-0.465103
-0.461849	-0.465268
-0.460281	-0.464816
-0.45856	-0.464075
-0.456679	-0.462598
-0.454806	-0.460988
-0.453555	-0.460059
-0.452081	-0.459056
-0.450885	-0.458235
-0.449594	-0.45777
-0.448662	-0.457515
-0.448012	-0.457313
-0.447471	-0.457086
-0.447055	-0.456958
-0.446677	-0.456929
-0.445659	-0.457633
-0.444798	-0.457835
-0.44388	-0.457786
-0.443314	-0.457912
-0.443092	-0.458655
-0.443468	-0.459529
-0.443858	-0.461185
-0.444592	-0.463025
-0.445009	-0.463719
-0.446047	-0.464185
-0.446189	-0.464217
-0.447278	-0.463825
-0.448666	-0.463103
-0.450116	-0.460951
-0.451666	-0.458912
-0.452715	-0.457262
-0.453888	-0.456269
-0.454932	-0.455342
-0.456208	-0.454379
-0.457573	-0.453605
-0.459777	-0.452905
-0.462259	-0.452124
-0.464919	-0.45154
-0.466651	-0.451038
-0.46839	-0.450192
-0.469215	-0.449224
-0.469643	-0.448769
-0.468796	-0.448113
-0.46777	-0.447627
-0.466335	-0.447572
-0.464569	-0.447776
-0.463083	-0.448781
-0.461293	-0.450125
-0.459895	-0.451987
-0.458536	-0.453788
-0.457891	-0.455477
-0.456805	-0.45712
-0.455492	-0.459018
-0.455281	-0.460538
-0.454578	-0.461561
-0.454123	-0.462786
-0.453528	-0.463908
-0.453468	-0.463894
-0.453571	-0.463593
-0.454164	-0.462219
-0.454968	-0.46147
-0.455733	-0.460458
-0.4567	-0.459542
-0.458509	-0.458599
-0.4606	-0.457714
-0.462725	-0.457302
-0.463824	-0.456933
-0.464583	-0.456863
-0.465325	-0.457161
-0.466483	-0.458932
-0.467942	-0.46128
-0.469654	-0.464148
-0.471567	-0.465986
-0.474129	-0.467939
-0.476873	-0.470296
-0.479703	-0.472082
-0.482098	-0.473674
-0.483727	-0.47451
-0.485211	-0.474984
-0.486803	-0.475374
-0.488596	-0.475421
-0.49051	-0.475279
-0.491875	-0.475177
-0.493039	-0.474745
-0.494205	-0.474087
-0.495314	-0.473232
-0.496473	-0.472187
-0.497529	-0.470978
-0.498698	-0.469564
-0.499846	-0.468364
-0.500181	-0.466957
-0.500377	-0.465506
-0.50048	-0.463741
-0.500492	-0.461678
-0.500532	-0.459644
-0.50046	-0.457525
-0.500278	-0.455987
-0.499527	-0.454442
-0.498736	-0.452266
-0.4983	-0.450395
-0.497763	-0.448623
-0.497093	-0.446833
-0.496265	-0.444803
-0.495576	-0.442503
-0.49489	-0.440344
-0.493891	-0.43917
-0.492603	-0.437777
-0.491113	-0.436329
-0.489818	-0.43466
-0.488847	-0.433747
-0.488202	-0.43295
-0.487071	-0.43194
-0.484628	-0.431458
-0.481591	-0.431624
-0.478384	-0.43154
-0.474524	-0.4321
-0.470582	-0.43267
-0.467164	-0.433365
-0.463678	-0.434183
-0.460636	-0.435543
-0.45855	-0.436885
-0.4569	-0.438323
-0.455706	-0.439831
-0.454811	-0.441695
-0.453859	-0.444327
-0.452772	-0.447011
-0.451959	-0.449718
-0.45146	-0.452743
-0.451476	-0.456014
-0.45172	-0.459472
-0.452121	-0.463106
-0.452262	-0.466098
-0.452524	-0.467458
-0.453514	-0.467807
-0.45503	-0.468026
-0.456636	-0.467296
-0.458619	-0.46606
-0.460755	-0.464825
-0.463218	-0.46315
-0.465741	-0.46151
-0.467604	-0.461004
-0.469033	-0.460713
-0.470651	-0.460952
-0.47187	-0.461288
-0.472595	-0.462369
-0.473915	-0.463933
-0.475263	-0.465181
-0.476587	-0.466187
-0.477959	-0.467096
-0.479496	-0.467867
-0.481301	-0.46852
-0.483538	-0.46937
-0.48592	-0.47006
-0.488625	-0.470446
-0.490875	-0.470785
-0.493426	-0.471175
-0.495676	-0.471605
-0.497182	-0.471561
-0.4989	-0.470873
-0.500377	-0.470065
-0.502417	-0.469007
-0.504555	-0.467684
-0.505866	-0.466608
-0.507505	-0.465116
-0.508875	-0.463474
-0.509951	-0.461849
-0.511016	-0.459999
-0.511788	-0.458522
-0.512193	-0.457339
-0.512639	-0.456697
-0.513055	-0.455983
-0.5127	-0.455406
-0.511954	-0.454688
-0.511151	-0.453748
-0.510295	-0.452715
-0.509466	-0.451778
-0.508434	-0.450455
-0.506829	-0.449478
-0.504703	-0.448523
-0.502774	-0.44815
-0.500549	-0.447846
-0.49938	-0.447503
-0.496786	-0.447431
-0.494109	-0.447478
-0.491346	-0.447631
-0.488372	-0.447726
-0.485377	-0.448224
-0.48234	-0.449189
-0.479861	-0.450532
-0.478095	-0.452054
-0.476165	-0.454018
-0.474192	-0.456713
-0.471935	-0.459699
-0.469888	-0.46219
-0.467818	-0.464606
-0.466356	-0.466276
-0.465387	-0.467437
-0.464481	-0.468736
-0.46452	-0.470087
-0.465235	-0.471358
-0.466023	-0.472149
-0.466969	-0.472585
-0.468386	-0.473013
-0.470078	-0.472915
-0.472132	-0.472504
-0.474648	-0.472006
-0.477352	-0.471243
-0.480176	-0.470653
-0.483346	-0.469839
-0.486562	-0.468768
-0.489954	-0.467722
-0.493576	-0.466747
-0.496699	-0.466115
-0.498783	-0.465999
-0.500323	-0.46545
-0.501434	-0.465252
-0.502504	-0.464993
-0.503613	-0.464551
-0.504853	-0.464088
-0.505248	-0.464238
-0.506096	-0.464017
-0.505822	-0.463515
-0.505531	-0.462651
-0.504831	-0.462133
-0.503767	-0.461679
-0.502203	-0.461234
-0.500254	-0.46053
-0.498598	-0.459931
-0.497576	-0.459055
-0.496551	-0.458782
-0.495542	-0.458329
-0.494769	-0.45795
-0.49314	-0.458105
-0.490998	-0.458485
-0.488559	-0.459304
-0.486152	-0.460847
-0.483343	-0.46293
-0.481363	-0.464379
-0.479592	-0.46528
-0.478821	-0.465874
-0.478447	-0.466185
-0.479509	-0.46609
-0.480841	-0.465741
-0.482608	-0.465546
-0.484903	-0.465295
-0.487808	-0.465541
-0.491365	-0.465835
-0.494437	-0.464673
-0.497089	-0.463392
-0.49986	-0.461503
-0.50218	-0.460502
-0.503994	-0.459895
-0.505385	-0.459803
-0.505967	-0.45978
-0.506601	-0.460011
-0.508183	-0.460666
-0.509559	-0.461156
-0.511117	-0.461801
-0.512144	-0.463019
-0.512906	-0.464014
-0.513263	-0.464662
-0.513783	-0.465011
-0.514324	-0.465186
-0.515029	-0.465284
-0.514807	-0.46504
-0.513926	-0.464563
-0.512327	-0.464485
-0.510378	-0.464154
-0.507813	-0.463215
-0.505307	-0.461408
-0.502761	-0.460115
-0.49989	-0.459276
-0.497045	-0.458689
-0.494291	-0.458387
-0.491785	-0.458051
-0.489571	-0.457554
-0.487526	-0.457644
-0.484931	-0.457798
-0.482441	-0.458546
-0.479762	-0.459931
-0.477471	-0.461785
-0.475425	-0.464305
-0.474228	-0.466206
-0.473298	-0.468711
-0.472291	-0.470339
-0.47179	-0.47154
-0.471437	-0.472503
-0.471435	-0.473461
-0.472688	-0.47482
-0.474481	-0.476697
-0.476353	-0.478328
-0.478661	-0.480584
-0.481234	-0.482635
-0.483893	-0.48462
-0.486757	-0.486523
-0.490014	-0.488062
-0.49366	-0.489418
-0.496569	-0.490252
-0.498377	-0.490581
-0.499936	-0.490832
-0.501057	-0.491173
-0.501372	-0.491317
-0.501816	-0.491701
-0.502295	-0.491576
-0.502991	-0.491007
-0.503339	-0.490717
-0.503527	-0.490117
-0.503161	-0.489631
-0.501945	-0.488085
-0.500435	-0.486478
-0.498896	-0.484767
-0.497233	-0.48296
-0.495834	-0.481174
-0.493922	-0.479685
-0.491887	-0.477955
-0.489539	-0.476735
-0.488153	-0.475675
-0.4872	-0.474552
-0.486727	-0.473464
-0.486707	-0.472399
-0.486688	-0.470503
-0.487086	-0.468771
-0.487846	-0.4666
-0.48941	-0.46411
-0.49118	-0.46174
-0.4928	-0.460943
-0.493944	-0.460451
-0.495106	-0.460669
-0.496424	-0.46165
-0.497812	-0.462957
-0.499235	-0.464235
-0.500705	-0.465559
-0.502178	-0.466824
-0.503749	-0.467996
-0.505182	-0.468933
-0.506354	-0.469432
-0.508637	-0.469221
-0.51058	-0.469142
-0.512265	-0.468576
-0.514141	-0.468253
-0.515956	-0.467786
-0.518007	-0.467468
-0.52109	-0.467075
-0.522689	-0.466822
-0.523073	-0.466445
-0.522753	-0.466114
-0.521595	-0.465012
-0.520059	-0.463246
-0.518436	-0.461139
-0.517911	-0.458959
-0.517211	-0.457388
-0.516635	-0.456478
-0.516053	-0.456229
-0.514606	-0.456183
-0.513	-0.456244
-0.510991	-0.456349
-0.50895	-0.456458
-0.506829	-0.456897
-0.504506	-0.4582
-0.502171	-0.459936
-0.499718	-0.461972
-0.496822	-0.464595
-0.494045	-0.466987
-0.49148	-0.469107
-0.488945	-0.47097
-0.487382	-0.472666
-0.486707	-0.4741
-0.486551	-0.475355
-0.486818	-0.476616
-0.487514	-0.477842
-0.488779	-0.479387
-0.489658	-0.480664
-0.490716	-0.481988
-0.492312	-0.483517
-0.494004	-0.48515
-0.495818	-0.486909
-0.497756	-0.489116
-0.499268	-0.490945
-0.500786	-0.492402
-0.501918	-0.49285
-0.502612	-0.492265
-0.503498	-0.490816
-0.504172	-0.489811
-0.505045	-0.488815
-0.506231	-0.487588
-0.506643	-0.487261
-0.507255	-0.486757
-0.507789	-0.48657
-0.508748	-0.486196
-0.509683	-0.486324
-0.511125	-0.486632
-0.511847	-0.487055
-0.513452	-0.488119
-0.515362	-0.48955
-0.516946	-0.491227
-0.518994	-0.493371
-0.520418	-0.49418
-0.521805	-0.495396
-0.523172	-0.496566
-0.524435	-0.497657
-0.525163	-0.499153
-0.526412	-0.501387
-0.527595	-0.503463
-0.528845	-0.505342
-0.529953	-0.507013
-0.531335	-0.508781
-0.533368	-0.510233
-0.535627	-0.511004
-0.538425	-0.511734
-0.540189	-0.512828
-0.542627	-0.514033
-0.544901	-0.514889
-0.546759	-0.515878
-0.549017	-0.517042
-0.551169	-0.517959
-0.55324	-0.518866
-0.554808	-0.519636
-0.556206	-0.52064
-0.557637	-0.521724
-0.559041	-0.52276
-0.559735	-0.523671
-0.561485	-0.523736
-0.563816	-0.524184
-0.565875	-0.524626
-0.567681	-0.524947
-0.568814	-0.525114
-0.56953	-0.52534
-0.570783	-0.525737
-0.571694	-0.526715
-0.572572	-0.527476
-0.572846	-0.527662
-0.573205	-0.527602
-0.573999	-0.527323
-0.575051	-0.527367
-0.576151	-0.527182
-0.577479	-0.527058
-0.579066	-0.527246
-0.5805	-0.527615
-0.581726	-0.527525
-0.583037	-0.527704
-0.584571	-0.527797
-0.585868	-0.527845
-0.586932	-0.527737
-0.588093	-0.527767
-0.589221	-0.527832
-0.590787	-0.52736
-0.592327	-0.526888
-0.594115	-0.52605
-0.596213	-0.524351
-0.59787	-0.522514
-0.599365	-0.5213
-0.600728	-0.519858
-0.603459	-0.518687
-0.606033	-0.517687
-0.608566	-0.516948
-0.6107	-0.516256
-0.612629	-0.515605
-0.615435	-0.515674
-0.617906	-0.515669
-0.620217	-0.515601
-0.622388	-0.51549
-0.62443	-0.515344
-0.625923	-0.515862
-0.627603	-0.515626
-0.629342	-0.515667
-0.631293	-0.515522
-0.633224	-0.515411
-0.635028	-0.515318
-0.636713	-0.515195
-0.63873	-0.514623
-0.640314	-0.513903
-0.643021	-0.513084
-0.64612	-0.512046
-0.648609	-0.510498
-0.650801	-0.509117
-0.65289	-0.508219
-0.654596	-0.506985
-0.65613	-0.505881
-0.657102	-0.504273
-0.658214	-0.502336
-0.659638	-0.500752
-0.661747	-0.499292
-0.663568	-0.498064
-0.666169	-0.49646
-0.669008	-0.494631
-0.671622	-0.492866
-0.673979	-0.491265
-0.676301	-0.489143
-0.678501	-0.487237
-0.679905	-0.485876
-0.680993	-0.485091
-0.683605	-0.484361
-0.686084	-0.48365
-0.688404	-0.482962
-0.690738	-0.482526
-0.692653	-0.481969
-0.694359	-0.482187
-0.695835	-0.482476
-0.697684	-0.482939
-0.699578	-0.482993
-0.701145	-0.483207
-0.702709	-0.483631
-0.704401	-0.484174
-0.705624	-0.484797
-0.706385	-0.485151
-0.707268	-0.485458
-0.708228	-0.48615
-0.708991	-0.486947
-0.710148	-0.48818
-0.71036	-0.490013
-0.710199	-0.491539
-0.709472	-0.492887
-0.708823	-0.494299
-0.708264	-0.495838
-0.707619	-0.49739
-0.707034	-0.499074
-0.70681	-0.50052
-0.706712	-0.501989
-0.706377	-0.50328
-0.706224	-0.504778
-0.706368	-0.50635
-0.706803	-0.507304
-0.706983	-0.508302
-0.707234	-0.509339
-0.707353	-0.511377
-0.707103	-0.513277
-0.706697	-0.514801
-0.706332	-0.516373
-0.706232	-0.517794
-0.706302	-0.519253
-0.70644	-0.521227
-0.706567	-0.523075
-0.706656	-0.524776
-0.706768	-0.526711
-0.706531	-0.528585
-0.705949	-0.530603
-0.70523	-0.532757
-0.704468	-0.534956
-0.704451	-0.536224
-0.704432	-0.537272
-0.704472	-0.53841
-0.704402	-0.539578
-0.704749	-0.541208
-0.704876	-0.543241
-0.705002	-0.54522
-0.705672	-0.548339
-0.706155	-0.551263
-0.707001	-0.553894
-0.707818	-0.556243
-0.708491	-0.559081
-0.708839	-0.562612
-0.709171	-0.565915
-0.709056	-0.569003
-0.708918	-0.572231
-0.708663	-0.574769
-0.708905	-0.576856
-0.7092	-0.578828
-0.709408	-0.580875
-0.709836	-0.582367
-0.710214	-0.583402
-0.710667	-0.584752
-0.711288	-0.586365
-0.711931	-0.587975
-0.711977	-0.589774
-0.712043	-0.591614
-0.712045	-0.593596
-0.711891	-0.595345
-0.712197	-0.597283
-0.71258	-0.599486
-0.713221	-0.602158
-0.713819	-0.604647
-0.714596	-0.607534
-0.714585	-0.609807
-0.714453	-0.612164
-0.714576	-0.614392
-0.71479	-0.61639
-0.714604	-0.618981
-0.714637	-0.621228
-0.714838	-0.623707
-0.715932	-0.625977
-0.717042	-0.62779
-0.718155	-0.629477
-0.719507	-0.630797
-0.720803	-0.63206
-0.722235	-0.633635
-0.723395	-0.635196
-0.724024	-0.636771
-0.724825	-0.638352
-0.725951	-0.640845
-0.727558	-0.643228
-0.728686	-0.645574
-0.729864	-0.647415
-0.730909	-0.649541
-0.732137	-0.652143
-0.733334	-0.654557
-0.734101	-0.656706
-0.734846	-0.658769
-0.735611	-0.660788
-0.736766	-0.662578
-0.737744	-0.664943
-0.739045	-0.665754
-0.740551	-0.667465
-0.741578	-0.66838
-0.742753	-0.669359
-0.743758	-0.671152
-0.74429	-0.672784
-0.74436	-0.674173
-0.744558	-0.675641
-0.74468	-0.677245
-0.745046	-0.678861
-0.745468	-0.680556
-0.745336	-0.681168
-0.745185	-0.682222
-0.744699	-0.683341
-0.744534	-0.684829
-0.744383	-0.68636
-0.74404	-0.687627
-0.743942	-0.688837
-0.743661	-0.690352
-0.743939	-0.692174
-0.744025	-0.694055
-0.743979	-0.696091
-0.743853	-0.698417
-0.743619	-0.700438
-0.743439	-0.702382
-0.743571	-0.702801
-0.743466	-0.703592
-0.742964	-0.704895
-0.742462	-0.706205
-0.741812	-0.707627
-0.741077	-0.709266
-0.739231	-0.712141
-0.73754	-0.714533
-0.736146	-0.716788
-0.73512	-0.718674
-0.733739	-0.720391
-0.732356	-0.722035
-0.731034	-0.723538
-0.729883	-0.724865
-0.729321	-0.72635
-0.729031	-0.728406
-0.728739	-0.730537
-0.728713	-0.732376
-0.728619	-0.734114
-0.728478	-0.735612
-0.728345	-0.736992
-0.728502	-0.738521
-0.727852	-0.740154
-0.727189	-0.741738
-0.726169	-0.74324
-0.72558	-0.74377
-0.724841	-0.744033
-0.724136	-0.743907
-0.723673	-0.743554
-0.722811	-0.742641
-0.721754	-0.74178
-0.720899	-0.741368
-0.720187	-0.740883
-0.719137	-0.740336
-0.717527	-0.739554
-0.715963	-0.7381
-0.714978	-0.736806
-0.713948	-0.735084
-0.712945	-0.733516
-0.711966	-0.732057
-0.710941	-0.731084
-0.710842	-0.730045
-0.711241	-0.729327
-0.711101	-0.7291
-0.710319	-0.728724
-0.70847	-0.728054
-0.706642	-0.727063
-0.704933	-0.726135
-0.703934	-0.725236
-0.702995	-0.724175
-0.702075	-0.723032
-0.701478	-0.721495
-0.700536	-0.720131
-0.69962	-0.718674
-0.698428	-0.717179
-0.697457	-0.715425
-0.695904	-0.714049
-0.694372	-0.712258
-0.692808	-0.710812
-0.690669	-0.71012
-0.688359	-0.709345
-0.686713	-0.708253
-0.685732	-0.7067
-0.684652	-0.705004
-0.683205	-0.703518
-0.681879	-0.700977
-0.680397	-0.699327
-0.678887	-0.6977
-0.677429	-0.696261
-0.675926	-0.694808
-0.674577	-0.693404
-0.673235	-0.692161
-0.67211	-0.690396
-0.671914	-0.688653
-0.671419	-0.686303
-0.671614	-0.684499
-0.671871	-0.68301
-0.672291	-0.681397
-0.672798	-0.6799
-0.673739	-0.679036
-0.675593	-0.678059
-0.677345	-0.676901
-0.679052	-0.675706
-0.680602	-0.675172
-0.682396	-0.674599
-0.684987	-0.674712
-0.687381	-0.674875
-0.689466	-0.674917
-0.6918	-0.675122
-0.693982	-0.675821
-0.696441	-0.675799
-0.6995	-0.675922
-0.702145	-0.676006
-0.704549	-0.676174
-0.706702	-0.676342
-0.708987	-0.6763
-0.71136	-0.676155
-0.713492	-0.675995
-0.715334	-0.676336
-0.717547	-0.677258
-0.719621	-0.677809
-0.721518	-0.67828
-0.723724	-0.678297
-0.725945	-0.678086
-0.727974	-0.67786
-0.73012	-0.677249
-0.732122	-0.676729
-0.733861	-0.675896
-0.735426	-0.675333
-0.737337	-0.674681
-0.739555	-0.674782
-0.741965	-0.675416
-0.744289	-0.67574
-0.746779	-0.676261
-0.749525	-0.67702
-0.751775	-0.677994
-0.754163	-0.678437
-0.756277	-0.679063
-0.7579	-0.679755
-0.759296	-0.680698
-0.760776	-0.681407
-0.762245	-0.682175
-0.763814	-0.683409
-0.764991	-0.684742
-0.765959	-0.68714
-0.76703	-0.689384
-0.767734	-0.691381
-0.768549	-0.693205
-0.769232	-0.69523
-0.770897	-0.697391
-0.772637	-0.699183
-0.774286	-0.70074
-0.775466	-0.702971
-0.776824	-0.704694
-0.778013	-0.706311
-0.779098	-0.708738
-0.77977	-0.710805
-0.780666	-0.712613
-0.781596	-0.714391
-0.782328	-0.716334
-0.7834	-0.71782
-0.784454	-0.719309
-0.785873	-0.720423
-0.787136	-0.721766
-0.787174	-0.723408
-0.787364	-0.725094
-0.78733	-0.727136
-0.788495	-0.729058
-0.789584	-0.731411
-0.790641	-0.733659
-0.792303	-0.73675
-0.793727	-0.739578
-0.794609	-0.741971
-0.795431	-0.744104
-0.795645	-0.746252
-0.795909	-0.748375
-0.796317	-0.750132
-0.796996	-0.752093
-0.797988	-0.753526
-0.79898	-0.754753
-0.800119	-0.755983
-0.801294	-0.7571
-0.802497	-0.758382
-0.803533	-0.759751
-0.804691	-0.761331
-0.805911	-0.76279
-0.807195	-0.764412
-0.807975	-0.766286
-0.808533	-0.768612
-0.809478	-0.770711
-0.810517	-0.773135
-0.811428	-0.775595
-0.812148	-0.778369
-0.812264	-0.781608
-0.812444	-0.784237
-0.811884	-0.786466
-0.81174	-0.788531
-0.810084	-0.790367
-0.808385	-0.791457
-0.806732	-0.791915
-0.805425	-0.792016
-0.803721	-0.791362
-0.802155	-0.790998
-0.800547	-0.790613
-0.79893	-0.789638
-0.797484	-0.78864
-0.796158	-0.787534
-0.794879	-0.786363
-0.793625	-0.785157
-0.793002	-0.783759
-0.792296	-0.781856
-0.791483	-0.779819
-0.790975	-0.77836
-0.790639	-0.776718
-0.790362	-0.775157
-0.79011	-0.773756
-0.789458	-0.772671
-0.788811	-0.771533
-0.788109	-0.770409
-0.787205	-0.76914
-0.786549	-0.767316
-0.786094	-0.765475
-0.786379	-0.763679
-0.786759	-0.762456
-0.787289	-0.760561
-0.787972	-0.758304
-0.788401	-0.756172
-0.788632	-0.754875
-0.788943	-0.753554
-0.78881	-0.753295
-0.789537	-0.753757
-0.790355	-0.754071
-0.791606	-0.754689
-0.793053	-0.755308
-0.794725	-0.756035
-0.796198	-0.756789
-0.79801	-0.757317
-0.800133	-0.758022
-0.802058	-0.759413
-0.804072	-0.761236
-0.806388	-0.762988
-0.808185	-0.764593
-0.810074	-0.766473
-0.812022	-0.769023
-0.814055	-0.771059
-0.815816	-0.77362
-0.817354	-0.775919
-0.81869	-0.778138
-0.819931	-0.77974
-0.821033	-0.782085
-0.821232	-0.784559
-0.821608	-0.786964
-0.821952	-0.789185
-0.822123	-0.791287
-0.822332	-0.793218
-0.82231	-0.795503
-0.82281	-0.797346
-0.823715	-0.799482
-0.825024	-0.801281
-0.826359	-0.80297
-0.827546	-0.804573
-0.828949	-0.806684
-0.830305	-0.808586
-0.831456	-0.810748
-0.832064	-0.813072
-0.832671	-0.815204
-0.833573	-0.817068
-0.834587	-0.818749
-0.835572	-0.819748
-0.837219	-0.820714
-0.839422	-0.821592
-0.841137	-0.822248
-0.843	-0.822582
-0.844352	-0.822516
-0.846288	-0.822656
-0.848326	-0.822859
-0.850313	-0.823165
-0.85236	-0.823601
-0.854692	-0.824153
-0.857152	-0.82522
-0.85966	-0.826216
-0.862008	-0.826943
-0.864706	-0.828053
-0.867047	-0.829231
-0.869234	-0.830528
-0.871552	-0.831889
-0.874091	-0.833506
-0.876436	-0.834843
-0.878595	-0.836153
-0.881395	-0.837433
-0.883935	-0.83861
-0.886498	-0.839686
-0.889045	-0.840775
-0.891287	-0.841921
-0.893254	-0.842959
-0.895063	-0.84349
-0.897231	-0.843924
-0.899483	-0.844912
-0.901533	-0.845886
-0.90344	-0.84694
-0.905204	-0.847907
-0.907024	-0.849033
-0.908833	-0.849853
-0.910512	-0.850436
-0.912071	-0.851384
-0.913584	-0.852087
-0.914978	-0.852627
-0.915797	-0.854112
-0.916487	-0.855754
-0.917197	-0.857657
-0.917941	-0.859555
-0.918099	-0.862677
-0.918544	-0.865239
-0.919685	-0.867979
-0.920802	-0.870337
-0.921916	-0.872637
-0.921849	-0.874403
-0.92093	-0.876407
-0.919881	-0.878384
-0.918662	-0.879795
-0.917387	-0.880032
-0.916402	-0.879916
-0.914725	-0.879406
-0.913114	-0.878946
-0.911066	-0.877857
-0.908698	-0.876577
-0.906859	-0.874896
-0.904984	-0.873324
-0.903168	-0.872172
-0.90148	-0.871211
-0.899757	-0.870541
-0.898088	-0.870257
-0.896748	-0.870073
-0.8952	-0.870196
-0.894214	-0.870043
-0.893138	-0.869784
-0.891851	-0.86945
-0.890666	-0.868996
-0.889248	-0.86843
-0.887673	-0.868345
-0.886044	-0.868243
-0.884386	-0.8681
-0.882999	-0.868098
-0.881529	-0.868087
-0.88016	-0.868224
-0.878577	-0.868133
-0.876866	-0.868148
-0.875576	-0.869027
-0.874255	-0.869423
-0.872959	-0.869202
-0.872468	-0.869173
-0.871671	-0.868982
-0.870872	-0.868655
-0.870309	-0.868284
-0.869794	-0.867596
-0.869139	-0.866612
-0.86897	-0.865247
-0.868373	-0.863117
-0.867421	-0.860912
-0.865472	-0.858541
-0.863647	-0.857144
-0.861697	-0.85634
-0.859233	-0.85514
-0.8572	-0.854163
-0.855422	-0.853382
-0.854266	-0.852901
-0.853184	-0.851638
-0.852288	-0.850784
-0.851359	-0.850019
-0.850417	-0.849211
-0.849639	-0.848206
-0.84888	-0.847528
-0.848144	-0.84727
-0.847302	-0.846891
-0.847037	-0.846638
-0.846682	-0.846388
-0.84628	-0.845899
-0.845798	-0.845277
-0.845215	-0.84452
-0.84492	-0.84439
-0.845017	-0.844092
-0.845597	-0.843702
-0.846795	-0.842638
-0.847628	-0.841423
-0.848069	-0.839681
-0.848442	-0.838443
-0.849258	-0.837158
-0.8503	-0.835952
-0.852206	-0.834791
-0.854326	-0.834102
-0.856831	-0.83334
-0.859675	-0.83251
-0.863162	-0.832212
-0.866408	-0.832012
-0.869792	-0.832294
-0.872713	-0.83251
-0.875427	-0.83268
-0.877646	-0.832371
-0.87973	-0.832083
-0.881389	-0.831669
-0.883049	-0.831335
-0.884733	-0.831656
-0.88646	-0.83212
-0.888248	-0.83256
-0.889267	-0.833335
-0.889984	-0.834568
-0.890294	-0.836189
-0.891285	-0.837624
-0.891897	-0.839241
-0.892578	-0.840757
-0.893184	-0.842263
-0.893433	-0.843112
-0.89377	-0.844037
-0.893602	-0.845156
-0.894238	-0.846016
-0.895169	-0.846733
-0.896268	-0.847555
-0.897281	-0.848479
-0.899053	-0.849482
-0.900427	-0.85015
-0.902195	-0.850487
-0.903916	-0.85065
-0.905872	-0.85126
-0.907142	-0.851556
-0.908871	-0.851827
-0.910691	-0.853272
-0.912786	-0.855102
-0.914699	-0.857525
-0.916519	-0.858751
-0.917869	-0.860184
-0.919242	-0.861537
-0.920263	-0.862862
-0.921384	-0.86416
-0.922756	-0.865451
-0.924227	-0.86608
-0.925857	-0.866728
-0.926727	-0.868067
-0.927514	-0.869458
-0.928019	-0.870905
-0.928183	-0.872983
-0.928301	-0.875152
-0.928432	-0.877675
-0.927909	-0.88108
-0.927642	-0.883054
-0.926984	-0.884978
-0.92693	-0.886894
-0.927373	-0.88897
-0.927708	-0.890898
-0.927972	-0.892743
-0.928179	-0.895014
-0.929253	-0.897725
-0.929359	-0.900213
-0.929451	-0.902421
-0.929115	-0.90383
-0.928351	-0.905224
-0.927563	-0.906547
-0.926599	-0.908384
-0.92552	-0.910121
-0.923454	-0.911738
-0.922074	-0.912752
-0.9199	-0.913429
-0.91779	-0.914104
-0.914293	-0.914274
-0.911702	-0.914364
-0.909192	-0.914102
-0.906085	-0.913973
-0.903517	-0.913313
-0.900804	-0.913076
-0.898626	-0.913364
-0.897161	-0.913959
-0.895507	-0.914189
-0.894279	-0.914915
-0.893023	-0.915574
-0.891597	-0.916422
-0.889473	-0.917287
-0.88733	-0.918291
-0.885668	-0.91943
-0.88362	-0.921151
-0.881778	-0.922702
-0.879787	-0.924637
-0.877311	-0.92648
-0.875289	-0.928219
-0.873454	-0.930202
-0.871984	-0.932175
-0.869559	-0.933922
-0.867298	-0.934887
-0.86443	-0.935505
-0.862116	-0.936344
-0.860094	-0.936944
-0.858123	-0.937571
-0.855807	-0.938251
-0.852886	-0.938535
-0.849845	-0.93878
-0.846887	-0.938642
-0.844151	-0.938223
-0.841445	-0.937812
-0.838299	-0.937138
-0.835473	-0.936728
-0.833071	-0.936035
-0.830547	-0.935484
-0.828269	-0.935019
-0.826156	-0.934534
-0.82386	-0.933626
-0.821726	-0.932822
-0.819438	-0.932219
-0.816962	-0.93148
-0.814836	-0.93024
-0.8128	-0.929063
-0.811073	-0.927966
-0.809439	-0.926942
-0.808413	-0.926709
-0.807286	-0.926474
-0.806037	-0.926409
-0.804469	-0.925681
-0.80292	-0.924896
-0.801004	-0.924541
-0.799311	-0.924417
-0.797742	-0.924548
-0.795705	-0.924104
-0.794427	-0.923877
-0.793073	-0.923444
-0.791755	-0.923335
-0.790354	-0.923351
-0.788828	-0.923185
-0.787446	-0.923274
-0.785602	-0.922745
-0.784376	-0.921901
-0.783065	-0.921016
-0.78169	-0.919477
-0.781315	-0.918301
-0.780997	-0.917231
-0.780577	-0.916286
-0.78021	-0.915422
-0.779933	-0.914592
-0.779598	-0.913375
-0.779448	-0.912104
-0.779273	-0.911034
-0.779911	-0.910005
-0.780441	-0.909285
-0.780356	-0.908138
-0.780037	-0.907791
-0.779607	-0.907448
-0.779127	-0.906988
-0.7784	-0.906399
-0.77702	-0.905343
-0.776349	-0.904069
-0.774583	-0.903268
-0.772861	-0.902117
-0.770754	-0.901694
-0.768577	-0.901519
-0.766552	-0.901168
-0.765106	-0.901551
-0.763874	-0.901894
-0.762836	-0.902841
-0.761863	-0.903786
-0.760871	-0.904965
-0.759719	-0.90608
-0.758313	-0.907333
-0.757184	-0.90836
-0.7561	-0.909509
-0.753737	-0.910984
-0.751632	-0.912418
-0.75086	-0.914133
-0.750706	-0.915927
-0.751289	-0.917187
-0.752148	-0.917606
-0.753366	-0.918317
-0.75463	-0.919577
-0.756224	-0.921336
-0.757898	-0.923203
-0.759735	-0.925608
-0.761356	-0.927713
-0.762631	-0.929195
-0.76395	-0.93017
-0.765672	-0.930983
-0.767357	-0.931696
-0.768998	-0.932147
-0.770772	-0.93229
-0.772492	-0.932265
-0.774539	-0.932278
-0.776172	-0.931984
-0.778293	-0.931475
-0.780765	-0.930656
-0.783152	-0.929851
-0.784711	-0.928843
-0.786232	-0.927767
-0.78809	-0.926611
-0.790083	-0.925546
-0.79144	-0.924496
-0.792509	-0.923685
-0.793314	-0.92262
-0.794137	-0.921523
-0.795536	-0.920519
-0.796375	-0.919447
-0.79717	-0.917899
-0.798083	-0.916957
-0.798568	-0.915706
-0.799029	-0.914493
-0.799412	-0.913343
-0.799907	-0.912331
-0.800497	-0.911602
-0.800799	-0.91069
-0.801607	-0.9095
-0.802418	-0.9083
-0.802669	-0.907281
-0.803213	-0.906644
-0.804161	-0.906178
-0.80526	-0.905666
-0.806235	-0.904915
-0.807646	-0.90458
-0.809154	-0.904262
-0.811143	-0.903829
-0.812777	-0.903397
-0.814381	-0.903045
-0.815498	-0.90262
-0.816638	-0.902444
-0.81798	-0.902677
-0.819354	-0.90229
-0.821427	-0.902021
-0.823265	-0.902393
-0.82439	-0.902307
-0.825408	-0.902188
-0.82626	-0.90163
-0.826908	-0.901111
-0.827415	-0.900399
-0.826825	-0.899398
-0.825562	-0.899082
-0.823923	-0.898717
-0.822469	-0.898298
-0.820775	-0.898007
-0.819392	-0.897869
-0.817724	-0.897045
-0.815859	-0.896444
-0.813565	-0.895101
-0.811459	-0.893897
-0.809768	-0.892392
-0.807365	-0.891621
-0.805266	-0.890873
-0.80374	-0.890002
-0.802155	-0.88874
-0.800706	-0.88765
-0.799618	-0.886191
-0.798727	-0.884864
-0.797925	-0.883683
-0.796995	-0.882839
-0.796003	-0.882117
-0.795058	-0.881483
-0.793975	-0.881096
-0.792816	-0.880823
-0.791626	-0.880478
-0.790652	-0.880265
-0.789471	-0.880026
-0.788312	-0.879745
-0.787505	-0.879398
-0.787067	-0.879536
-0.78638	-0.879819
-0.785409	-0.880246
-0.784355	-0.880794
-0.783326	-0.881414
-0.782316	-0.881298
-0.78159	-0.881677
-0.780196	-0.882553
-0.778919	-0.883821
-0.777382	-0.884926
-0.775052	-0.885872
-0.773031	-0.886017
-0.771057	-0.886978
-0.769174	-0.887697
-0.767903	-0.888323
-0.76661	-0.889017
-0.764653	-0.890104
-0.763503	-0.891768
-0.762163	-0.893718
-0.761417	-0.894605
-0.760826	-0.895802
-0.760148	-0.896879
-0.758889	-0.899287
-0.757575	-0.901579
-0.756886	-0.903952
-0.756563	-0.906295
-0.756217	-0.90877
-0.75534	-0.911891
-0.754995	-0.915493
-0.754523	-0.918878
-0.754592	-0.922356
-0.754375	-0.925811
-0.753588	-0.928648
-0.752904	-0.931025
-0.752259	-0.933066
-0.75156	-0.934755
-0.750811	-0.936413
-0.74928	-0.937925
-0.748339	-0.939317
-0.747059	-0.940947
-0.745498	-0.942457
-0.742554	-0.943594
-0.740207	-0.944571
-0.738117	-0.945498
-0.735921	-0.945785
-0.734192	-0.94644
-0.731729	-0.946903
-0.729729	-0.947235
-0.727762	-0.947436
-0.725927	-0.947076
-0.724127	-0.946836
-0.722282	-0.946706
-0.720783	-0.947024
-0.719214	-0.94734
-0.717684	-0.947219
-0.716591	-0.947374
-0.715734	-0.946905
-0.715338	-0.946492
-0.714837	-0.945921
-0.714257	-0.945228
-0.71353	-0.944415
-0.712669	-0.943333
-0.712039	-0.94198
-0.71133	-0.940525
-0.710322	-0.939269
-0.708653	-0.937815
-0.707011	-0.936479
-0.705299	-0.935509
-0.7036	-0.934605
-0.701874	-0.933435
-0.700287	-0.932361
-0.698839	-0.931364
-0.697016	-0.930631
-0.695462	-0.929946
-0.69397	-0.930306
-0.692508	-0.930855
-0.691954	-0.931458
-0.690665	-0.931605
-0.689272	-0.931811
-0.687838	-0.931959
-0.685871	-0.932853
-0.683784	-0.933708
-0.680936	-0.934609
-0.67817	-0.93524
-0.675489	-0.935732
-0.672481	-0.93642
-0.669734	-0.937098
-0.667406	-0.937975
-0.665811	-0.938586
-0.664252	-0.939222
-0.662692	-0.939859
-0.661345	-0.940849
-0.65887	-0.943159
-0.656719	-0.945367
-0.65468	-0.947358
-0.652816	-0.948855
-0.651487	-0.950001
-0.649146	-0.950677
-0.646843	-0.951268
-0.644548	-0.95185
-0.642401	-0.952146
-0.640558	-0.953201
-0.638495	-0.954076
-0.636106	-0.954254
-0.633088	-0.954569
-0.629371	-0.954734
-0.626275	-0.954915
-0.62338	-0.954893
-0.620856	-0.95514
-0.617817	-0.955072
-0.615199	-0.954966
-0.612806	-0.954872
-0.610134	-0.955319
-0.608091	-0.956219
-0.605881	-0.95692
-0.603844	-0.95755
-0.602132	-0.958327
-0.600894	-0.959354
-0.599153	-0.96039
-0.597467	-0.961431
-0.595759	-0.962578
-0.594004	-0.963725
-0.592614	-0.965749
-0.59128	-0.967661
-0.58962	-0.969365
-0.587485	-0.970286
-0.585471	-0.971135
-0.583723	-0.971133
-0.581857	-0.971141
-0.57997	-0.970911
-0.577889	-0.970501
-0.575781	-0.970092
-0.573989	-0.969659
-0.572502	-0.969672
-0.571256	-0.969687
-0.569514	-0.969749
-0.568219	-0.969178
-0.566867	-0.968583
-0.5651	-0.968297
-0.563008	-0.967826
-0.560937	-0.967254
-0.559561	-0.967101
-0.558423	-0.967269
-0.557003	-0.967433
-0.556513	-0.96766
-0.55602	-0.966696
-0.553995	-0.965029
-0.551799	-0.963368
-0.549961	-0.962278
-0.547945	-0.960491
-0.546325	-0.959095
-0.544257	-0.957842
-0.542058	-0.95631
-0.539604	-0.954704
-0.53736	-0.953244
-0.53533	-0.951851
-0.533094	-0.950546
-0.530412	-0.949971
-0.527985	-0.949588
-0.525625	-0.949236
-0.523109	-0.949072
-0.520778	-0.948963
-0.518762	-0.948809
-0.516792	-0.948634
-0.514524	-0.949092
-0.513042	-0.950085
-0.512195	-0.951211
-0.511458	-0.952527
-0.511745	-0.95388
-0.511735	-0.955156
-0.511803	-0.956596
-0.512288	-0.957818
-0.512616	-0.959345
-0.513234	-0.960437
-0.514068	-0.961851
-0.515297	-0.962849
-0.516079	-0.963356
-0.516704	-0.964432
-0.517182	-0.966308
-0.517976	-0.967953
-0.518636	-0.969129
-0.518422	-0.969956
-0.518003	-0.971521
-0.51807	-0.973081
-0.518815	-0.974862
-0.519782	-0.976806
-0.520444	-0.978844
-0.521076	-0.98073
-0.521707	-0.982291
-0.521833	-0.984135
-0.522015	-0.985796
-0.522263	-0.987548
-0.522513	-0.98925
-0.522729	-0.991916
-0.522934	-0.994342
-0.523129	-0.996533
-0.523398	-0.998682
-0.523512	-1.00049
-0.523551	-1.00231
-0.523415	-1.00408
-0.523658	-1.00525
-0.524114	-1.00702
-0.524613	-1.00879
-0.52511	-1.01045
-0.525413	-1.01187
-0.526655	-1.01435
-0.527564	-1.01633
-0.52834	-1.01825
-0.528743	-1.02
-0.529223	-1.02137
-0.529677	-1.02277
-0.530097	-1.02422
-0.530122	-1.02548
-0.530054	-1.02722
-0.529753	-1.02911
-0.529807	-1.03083
-0.529848	-1.03239
-0.529883	-1.0339
-0.530304	-1.03553
-0.530477	-1.03683
-0.530336	-1.03779
-0.530255	-1.03865
-0.530394	-1.03989
-0.530642	-1.04132
-0.531092	-1.04261
-0.531473	-1.04395
-0.531342	-1.04487
-0.531371	-1.047
-0.531513	-1.04935
-0.531399	-1.05163
-0.531153	-1.05341
-0.530218	-1.05536
-0.530041	-1.05762
-0.529983	-1.05964
-0.52956	-1.06077
-0.529316	-1.06253
-0.529454	-1.06413
-0.529264	-1.06583
-0.528829	-1.06792
-0.528717	-1.07012
-0.528665	-1.07215
-0.528699	-1.07386
-0.528219	-1.07551
-0.528387	-1.07662
-0.528705	-1.07762
-0.528941	-1.07805
-0.529395	-1.07892
-0.530475	-1.07979
-0.531417	-1.08073
-0.532104	-1.08153
-0.533162	-1.08229
-0.534265	-1.08316
-0.534688	-1.08489
-0.534929	-1.08711
-0.534823	-1.08841
-0.534821	-1.0896
-0.535041	-1.0911
-0.53527	-1.09199
-0.535709	-1.09298
-0.535845	-1.0941
-0.535713	-1.09505
-0.534792	-1.09604
-0.53387	-1.09705
-0.533399	-1.09745
-0.53307	-1.09773
-0.532797	-1.09828
-0.532194	-1.09903
-0.531554	-1.09984
-0.530559	-1.10018
-0.529426	-1.10051
-0.528834	-1.10109
-0.528183	-1.10178
-0.527802	-1.10296
-0.527598	-1.10519
-0.527711	-1.10752
-0.528828	-1.10924
-0.52953	-1.11107
-0.530201	-1.11249
-0.530724	-1.11535
-0.532177	-1.11842
-0.533623	-1.12127
-0.53446	-1.12346
-0.535392	-1.12579
-0.536486	-1.12806
-0.537701	-1.13013
-0.538747	-1.13207
-0.539135	-1.13453
-0.539471	-1.13678
-0.539415	-1.13894
-0.53868	-1.1406
-0.537378	-1.14202
-0.535953	-1.14349
-0.535128	-1.14483
-0.534357	-1.14623
-0.533604	-1.14852
-0.532082	-1.15083
-0.530957	-1.15301
-0.530604	-1.15494
-0.52993	-1.15725
-0.529855	-1.15881
-0.530204	-1.16031
-0.530745	-1.16185
-0.531293	-1.16347
-0.53184	-1.16466
-0.532433	-1.16588
-0.533106	-1.16685
-0.534549	-1.16797
-0.535737	-1.16898
-0.536523	-1.16956
-0.537465	-1.17039
-0.538826	-1.17151
-0.54024	-1.17265
-0.541714	-1.1738
-0.54327	-1.17494
-0.544969	-1.17598
-0.546744	-1.17685
-0.54852	-1.17779
-0.55034	-1.17866
-0.551979	-1.17949
-0.553469	-1.17986
-0.554683	-1.18021
-0.555956	-1.18031
-0.557221	-1.1806
-0.558832	-1.1815
-0.560229	-1.1823
-0.561495	-1.18282
-0.562751	-1.18329
-0.564016	-1.18384
-0.565505	-1.18417
-0.566805	-1.1852
-0.568333	-1.18638
-0.568612	-1.18645
-0.568183	-1.18593
-0.567381	-1.18533
-0.566349	-1.18478
-0.565099	-1.18422
-0.563821	-1.1828
-0.561928	-1.18191
-0.560229	-1.18061
-0.558546	-1.17934
-0.557119	-1.17834
-0.556134	-1.17703
-0.555453	-1.17533
-0.554292	-1.17333
-0.553781	-1.17092
-0.553258	-1.1686
-0.552151	-1.16646
-0.550875	-1.1641
-0.54978	-1.1616
-0.549023	-1.15972
-0.54819	-1.158
-0.547469	-1.15645
-0.546797	-1.15519
-0.546182	-1.15389
-0.545921	-1.15276
-0.545501	-1.15127
-0.544906	-1.14987
-0.544415	-1.14859
-0.544049	-1.1476
-0.543506	-1.14675
-0.542974	-1.1457
-0.542281	-1.14484
-0.541724	-1.14411
-0.540333	-1.14256
-0.539522	-1.14072
-0.538825	-1.13936
-0.538473	-1.13817
-0.537474	-1.13707
-0.536407	-1.13582
-0.535541	-1.13475
-0.534889	-1.1339
-0.534269	-1.13196
-0.533738	-1.12994
-0.533233	-1.12797
-0.531907	-1.12678
-0.530375	-1.12566
-0.529348	-1.12494
-0.528628	-1.12491
-0.528235	-1.12522
-0.527941	-1.12574
-0.527364	-1.12724
-0.526606	-1.12843
-0.52632	-1.12979
-0.526029	-1.13185
-0.5257	-1.13391
-0.525421	-1.13584
-0.524956	-1.138
-0.524417	-1.13968
-0.523595	-1.14199
-0.522803	-1.14396
-0.52207	-1.14593
-0.521373	-1.14778
-0.520848	-1.1495
-0.520679	-1.15086
-0.520095	-1.1527
-0.519588	-1.15448
-0.518841	-1.15697
-0.518142	-1.15914
-0.517704	-1.16106
-0.517784	-1.16312
-0.518558	-1.16509
-0.519289	-1.16698
-0.520079	-1.16877
-0.520378	-1.17062
-0.520955	-1.17241
-0.522229	-1.17442
-0.523753	-1.17611
-0.525126	-1.17903
-0.526396	-1.18133
-0.527609	-1.18351
-0.528703	-1.18574
-0.530123	-1.18753
-0.531178	-1.18914
-0.532946	-1.19052
-0.533666	-1.19156
-0.534429	-1.1921
-0.534374	-1.19292
-0.534291	-1.19461
-0.534389	-1.19609
-0.534321	-1.19688
-0.53399	-1.19756
-0.533628	-1.19818
-0.532885	-1.19883
-0.532325	-1.20041
-0.531765	-1.20205
-0.531052	-1.20383
-0.530757	-1.20503
-0.530421	-1.20625
-0.530088	-1.20746
-0.529743	-1.20866
-0.529986	-1.20964
-0.530139	-1.21071
-0.530284	-1.21203
-0.530217	-1.214
-0.530072	-1.21599
-0.529812	-1.21777
-0.529347	-1.21909
-0.528543	-1.22052
-0.527165	-1.22141
-0.52609	-1.22256
-0.524984	-1.22375
-0.525121	-1.22523
-0.525033	-1.22678
-0.52498	-1.22848
-0.524575	-1.23022
-0.523941	-1.23133
-0.523106	-1.23311
-0.52198	-1.23434
-0.52092	-1.23554
-0.520251	-1.2367
-0.520146	-1.23773
-0.52008	-1.23939
-0.52015	-1.24096
-0.519662	-1.24197
-0.518974	-1.24313
-0.518138	-1.24421
-0.517215	-1.24484
-0.517026	-1.24565
-0.517024	-1.24579
-0.517	-1.24648
-0.516729	-1.24723
-0.516818	-1.24879
-0.516777	-1.25076
-0.516658	-1.25191
-0.516553	-1.25318
-0.516252	-1.25421
-0.516067	-1.25528
-0.516046	-1.25649
-0.515863	-1.25816
-0.516564	-1.25936
-0.517824	-1.26027
-0.519171	-1.26113
-0.520863	-1.2626
-0.522561	-1.26415
-0.524009	-1.26564
-0.524739	-1.26757
-0.524438	-1.27035
-0.524434	-1.27333
-0.523939	-1.27627
-0.522351	-1.27883
-0.520819	-1.2812
-0.519115	-1.28369
-0.517768	-1.28629
-0.516363	-1.28808
-0.515006	-1.29006
-0.513851	-1.29202
-0.512847	-1.29379
-0.512205	-1.29529
-0.511859	-1.29708
-0.510809	-1.29897
-0.509689	-1.30101
-0.50763	-1.30297
-0.505746	-1.30481
-0.503457	-1.30617
-0.501643	-1.30732
-0.499911	-1.30792
-0.498026	-1.30866
-0.496686	-1.30956
-0.49499	-1.31049
-0.493176	-1.31182
-0.491212	-1.3134
-0.489456	-1.31471
-0.488205	-1.31669
-0.486712	-1.31797
-0.485311	-1.3192
-0.48348	-1.32065
-0.480962	-1.32217
-0.478752	-1.32296
-0.47664	-1.32314
-0.47458	-1.32372
-0.471849	-1.32356
-0.469992	-1.32418
-0.468284	-1.3257
-0.466718	-1.32714
-0.465267	-1.32848
-0.464204	-1.32977
-0.462727	-1.33057
-0.46119	-1.33098
-0.45922	-1.33186
-0.457568	-1.33252
-0.455899	-1.33316
-0.454292	-1.334
-0.452869	-1.33484
-0.451665	-1.33545
-0.450374	-1.33623
-0.448606	-1.33688
-0.446888	-1.33753
-0.4448	-1.33762
-0.442832	-1.3377
-0.441464	-1.33739
-0.440154	-1.33694
-0.439169	-1.33641
-0.438346	-1.33524
-0.437802	-1.33401
-0.437433	-1.33307
-0.436492	-1.33205
-0.435568	-1.33104
-0.434626	-1.32996
-0.433707	-1.32893
-0.431937	-1.32736
-0.430894	-1.32596
-0.429864	-1.32468
-0.42911	-1.32335
-0.428029	-1.32141
-0.42679	-1.31941
-0.425882	-1.3174
-0.426079	-1.31533
-0.426363	-1.31343
-0.426674	-1.3116
-0.426829	-1.30999
-0.427106	-1.30842
-0.427151	-1.30631
-0.427518	-1.30427
-0.428655	-1.30204
-0.430394	-1.29982
-0.431721	-1.29784
-0.43248	-1.29732
-0.432781	-1.29711
-0.433319	-1.29709
-0.434015	-1.29704
-0.43492	-1.2969
-0.435644	-1.29664
-0.436538	-1.29631
-0.437459	-1.29597
-0.438951	-1.29516
-0.44035	-1.29424
-0.441567	-1.29326
-0.442793	-1.29228
-0.444464	-1.2914
-0.446067	-1.29117
-0.447542	-1.29079
-0.448718	-1.29029
-0.450342	-1.2895
-0.452528	-1.28793
-0.45477	-1.28636
-0.456869	-1.28495
-0.458462	-1.28368
-0.459864	-1.28286
-0.462151	-1.28226
-0.464383	-1.28167
-0.466225	-1.28094
-0.467408	-1.27981
-0.468825	-1.27915
-0.470215	-1.2792
-0.471494	-1.27873
-0.472749	-1.27824
-0.474092	-1.2776
-0.475663	-1.27705
-0.477227	-1.27639
-0.479145	-1.27602
-0.480962	-1.27568
-0.482761	-1.27536
-0.484476	-1.275
-0.485502	-1.27486
-0.487534	-1.27505
-0.489333	-1.27564
-0.491058	-1.27635
-0.492385	-1.27677
-0.493354	-1.27811
-0.49434	-1.27951
-0.495235	-1.28085
-0.496354	-1.28254
-0.497633	-1.28395
-0.498784	-1.28522
-0.499824	-1.28642
-0.500701	-1.28742
-0.501546	-1.28854
-0.502531	-1.28985
-0.503629	-1.29136
-0.505188	-1.29267
-0.507069	-1.29406
-0.508936	-1.29645
-0.510851	-1.29911
-0.512373	-1.30157
-0.513818	-1.30383
-0.515136	-1.30589
-0.516214	-1.30913
-0.51841	-1.31194
-0.520384	-1.31443
-0.522154	-1.31663
-0.522857	-1.31864
-0.523496	-1.32082
-0.52357	-1.32371
-0.523519	-1.32581
-0.5235	-1.32785
-0.523225	-1.3298
-0.522811	-1.3318
-0.522489	-1.33378
-0.522125	-1.33568
-0.520973	-1.33695
-0.520754	-1.33801
-0.521824	-1.33861
-0.523282	-1.33899
-0.524837	-1.33955
-0.526265	-1.34005
-0.528001	-1.34038
-0.529925	-1.34073
-0.532651	-1.3412
-0.535226	-1.34179
-0.537166	-1.34243
-0.538655	-1.34303
-0.539734	-1.34335
-0.541004	-1.34371
-0.542215	-1.34409
-0.543545	-1.34466
-0.545355	-1.34539
-0.547327	-1.34596
-0.549105	-1.34682
-0.550336	-1.34709
-0.551523	-1.34737
-0.553039	-1.34782
-0.553542	-1.34821
-0.553904	-1.34984
-0.554283	-1.35152
-0.554698	-1.35327
-0.553442	-1.3555
-0.551797	-1.35744
-0.550184	-1.35931
-0.548623	-1.36108
-0.546448	-1.3624
-0.545209	-1.36282
-0.544027	-1.3637
-0.543323	-1.36465
-0.543286	-1.36558
-0.543737	-1.36673
-0.544403	-1.3679
-0.545104	-1.3691
-0.545728	-1.37033
-0.546343	-1.37135
-0.546502	-1.37261
-0.546463	-1.37416
-0.546004	-1.37635
-0.545714	-1.37803
-0.545178	-1.37929
-0.544461	-1.38008
-0.54365	-1.38097
-0.543061	-1.38173
-0.542749	-1.38266
-0.542387	-1.38371
-0.542135	-1.38459
-0.541976	-1.38562
-0.541146	-1.38671
-0.54043	-1.38788
-0.540317	-1.3891
-0.540248	-1.39034
-0.540451	-1.3916
-0.540664	-1.39287
-0.540925	-1.39344
-0.541334	-1.39401
-0.541894	-1.39479
-0.542672	-1.39552
-0.543434	-1.39622
-0.544718	-1.3974
-0.54569	-1.39875
-0.546705	-1.40006
-0.547746	-1.40136
-0.548593	-1.40269
-0.549597	-1.40403
-0.550597	-1.40605
-0.551707	-1.40837
-0.552359	-1.41015
-0.552922	-1.4119
-0.553664	-1.41363
-0.555263	-1.415
-0.556762	-1.41592
-0.558482	-1.41635
-0.560143	-1.41697
-0.561699	-1.41799
-0.563266	-1.41917
-0.563791	-1.41997
-0.564258	-1.42097
-0.565053	-1.42198
-0.565181	-1.42345
-0.565153	-1.42485
-0.565026	-1.42647
-0.565136	-1.42785
-0.565289	-1.42928
-0.565577	-1.43042
-0.566176	-1.43191
-0.566784	-1.43344
-0.567415	-1.4349
-0.567314	-1.43619
-0.56701	-1.43754
-0.566774	-1.43893
-0.566433	-1.4409
-0.566216	-1.44248
-0.565675	-1.44397
-0.56513	-1.44548
-0.564856	-1.44647
-0.564881	-1.44738
-0.564912	-1.44769
-0.564706	-1.44777
-0.563958	-1.44779
-0.563042	-1.44782
-0.561302	-1.44764
-0.559545	-1.44797
-0.557641	-1.44854
-0.555823	-1.44905
-0.554375	-1.44931
-0.552311	-1.44961
-0.550733	-1.45015
-0.549726	-1.45119
-0.54872	-1.45223
-0.547591	-1.45338
-0.546635	-1.45428
-0.545759	-1.45533
-0.544823	-1.45647
-0.543856	-1.45765
-0.542808	-1.45881
-0.541838	-1.45971
-0.541133	-1.46049
-0.540344	-1.46136
-0.539151	-1.46205
-0.537376	-1.46281
-0.53533	-1.46379
-0.533483	-1.46474
-0.531686	-1.4657
-0.529989	-1.4664
-0.528331	-1.46669
-0.526088	-1.46751
-0.5239	-1.46804
-0.521508	-1.46834
-0.519442	-1.46913
-0.518313	-1.46975
-0.517086	-1.47049
-0.515438	-1.47127
-0.513771	-1.47218
-0.512132	-1.47307
-0.510596	-1.4742
-0.508955	-1.47539
-0.507295	-1.47662
-0.505847	-1.47802
-0.503741	-1.47873
-0.501527	-1.47906
-0.499219	-1.47931
-0.496477	-1.4798
-0.494075	-1.48066
-0.491487	-1.48163
-0.488779	-1.4821
-0.486407	-1.48275
-0.484239	-1.48343
-0.482341	-1.48384
-0.480509	-1.48438
-0.478678	-1.48462
-0.476887	-1.48469
-0.474496	-1.48472
-0.472232	-1.48477
-0.470077	-1.48474
-0.467765	-1.48424
-0.46553	-1.48384
-0.463435	-1.48353
-0.461798	-1.48334
-0.46029	-1.48318
-0.459183	-1.48348
-0.458508	-1.48359
-0.458188	-1.48321
-0.457711	-1.48303
-0.457615	-1.48235
-0.457559	-1.4817
-0.457428	-1.48087
-0.457908	-1.48088
-0.458115	-1.48142
-0.458199	-1.48176
-0.458501	-1.48281
-0.45897	-1.48389
-0.459121	-1.48521
-0.458605	-1.48684
-0.458105	-1.48846
-0.457462	-1.49012
-0.456751	-1.49198
-0.456056	-1.49277
-0.455912	-1.49411
-0.455962	-1.49547
-0.456018	-1.49701
-0.456286	-1.49847
-0.456601	-1.49992
-0.457279	-1.50145
-0.457611	-1.50366
-0.458194	-1.50562
-0.458867	-1.50762
-0.459501	-1.50942
-0.459503	-1.51164
-0.459529	-1.51338
-0.459664	-1.51491
-0.4598	-1.5164
-0.459575	-1.51808
-0.459266	-1.51966
-0.458808	-1.52194
-0.458631	-1.524
-0.459189	-1.52637
-0.45978	-1.52864
-0.460951	-1.53063
-0.462361	-1.5318
-0.464126	-1.53239
-0.465992	-1.53301
-0.468234	-1.53332
-0.471129	-1.53401
-0.473884	-1.53494
-0.476355	-1.53658
-0.479744	-1.53791
-0.482227	-1.53806
-0.484079	-1.53737
-0.486061	-1.53663
-0.488021	-1.53595
-0.489846	-1.53555
-0.491148	-1.53539
-0.493125	-1.53521
-0.4948	-1.53562
-0.496452	-1.53598
-0.498004	-1.53631
-0.49974	-1.53653
-0.501472	-1.53677
-0.503252	-1.53721
-0.505242	-1.53777
-0.507162	-1.53823
-0.509017	-1.53881
-0.510788	-1.54005
-0.512483	-1.54125
-0.514003	-1.54236
-0.515523	-1.54344
-0.517202	-1.5445
-0.518874	-1.54529
-0.520504	-1.5447
-0.52272	-1.54363
-0.525035	-1.54264
-0.527519	-1.5419
-0.529928	-1.54111
-0.532504	-1.54124
-0.534999	-1.54145
-0.536552	-1.54171
-0.538472	-1.54227
-0.540312	-1.54375
-0.542269	-1.5449
-0.544312	-1.54623
-0.546251	-1.54819
-0.547289	-1.55059
-0.547837	-1.55271
-0.548458	-1.5548
-0.549067	-1.55769
-0.550073	-1.56027
-0.550656	-1.56248
-0.551214	-1.56458
-0.55144	-1.56662
-0.551984	-1.56851
-0.553068	-1.57023
-0.554126	-1.5719
-0.555244	-1.5736
-0.556799	-1.57584
-0.558469	-1.57833
-0.559653	-1.58065
-0.560776	-1.58283
-0.561614	-1.58557
-0.562452	-1.58806
-0.563169	-1.59073
-0.56384	-1.59315
-0.564217	-1.59595
-0.564673	-1.59863
-0.564739	-1.60129
-0.565004	-1.6037
-0.564841	-1.60641
-0.564424	-1.60858
-0.564259	-1.61083
-0.564178	-1.61275
-0.56426	-1.61459
-0.564404	-1.61632
-0.564723	-1.61787
-0.565346	-1.62002
-0.565758	-1.62274
-0.566177	-1.62487
-0.566524	-1.62689
-0.566934	-1.62887
-0.567395	-1.63098
-0.567646	-1.63377
-0.568068	-1.63611
-0.569108	-1.63788
-0.570132	-1.63942
-0.571157	-1.64099
-0.571686	-1.64236
-0.572303	-1.64361
-0.572841	-1.64459
-0.573254	-1.64501
-0.574315	-1.64567
-0.575598	-1.64658
-0.576799	-1.6482
-0.577958	-1.64912
-0.579562	-1.65072
-0.581259	-1.65244
-0.582404	-1.65451
-0.583391	-1.65636
-0.584333	-1.65811
-0.585109	-1.66006
-0.585884	-1.66162
-0.586857	-1.66213
-0.588067	-1.66271
-0.589797	-1.66317
-0.591478	-1.6636
-0.593245	-1.66403
-0.595113	-1.66417
-0.597208	-1.66388
-0.599415	-1.66437
-0.602556	-1.66431
-0.605357	-1.66469
-0.60874	-1.66455
-0.611621	-1.66437
-0.61461	-1.66376
-0.61794	-1.66281
-0.620913	-1.662
-0.62369	-1.66129
-0.626138	-1.66049
-0.627834	-1.65976
-0.62936	-1.65881
-0.630535	-1.65833
-0.632027	-1.65783
-0.63351	-1.65738
-0.634731	-1.65669
-0.636039	-1.65596
-0.637263	-1.65536
-0.638472	-1.65464
-0.639549	-1.6535
-0.64076	-1.65193
-0.642142	-1.65034
-0.642791	-1.64851
-0.643412	-1.64674
-0.644135	-1.64503
-0.645002	-1.64327
-0.645887	-1.64188
-0.646962	-1.64045
-0.648054	-1.6388
-0.649546	-1.63714
-0.651275	-1.63565
-0.652992	-1.63425
-0.654746	-1.63305
-0.656668	-1.63201
-0.658354	-1.63137
-0.660815	-1.63137
-0.663375	-1.63133
-0.66543	-1.63098
-0.667538	-1.63058
-0.669508	-1.62974
-0.671893	-1.6297
-0.674328	-1.62897
-0.67635	-1.62818
-0.6786	-1.62685
-0.680636	-1.62534
-0.682114	-1.62384
-0.683582	-1.62268
-0.685216	-1.6217
-0.686135	-1.62092
-0.686947	-1.62076
-0.687658	-1.62074
-0.688847	-1.62137
-0.690477	-1.6223
-0.692118	-1.62309
-0.69387	-1.62389
-0.695512	-1.62431
-0.697549	-1.62585
-0.699385	-1.62717
-0.701068	-1.62838
-0.702283	-1.62988
-0.703232	-1.63139
-0.704053	-1.63282
-0.704994	-1.63417
-0.705948	-1.63548
-0.706341	-1.63675
-0.706828	-1.63825
-0.707301	-1.63994
-0.707761	-1.64194
-0.707645	-1.6436
-0.707375	-1.64539
-0.707081	-1.64705
-0.70691	-1.64902
-0.706759	-1.65094
-0.705801	-1.65293
-0.704858	-1.65489
-0.703611	-1.657
-0.702533	-1.65903
-0.701292	-1.66032
-0.700698	-1.66109
-0.700083	-1.66207
-0.699785	-1.66257
-0.699786	-1.66314
-0.699864	-1.66382
-0.699718	-1.6648
-0.699654	-1.66638
-0.699333	-1.6682
-0.698432	-1.66955
-0.696665	-1.67062
-0.694199	-1.67208
-0.691628	-1.67308
-0.690155	-1.67494
-0.688554	-1.67645
-0.686966	-1.67782
-0.685487	-1.67908
-0.684184	-1.68028
-0.682226	-1.68108
-0.680352	-1.68176
-0.67905	-1.68198
-0.677877	-1.6823
-0.676795	-1.68402
-0.676181	-1.68603
-0.675559	-1.68804
-0.675128	-1.68997
-0.674579	-1.69195
-0.673771	-1.69369
-0.673489	-1.69547
-0.673236	-1.69723
-0.672701	-1.69916
-0.671954	-1.70065
-0.671429	-1.70189
-0.67071	-1.70315
-0.670387	-1.7042
-0.669022	-1.70578
-0.66766	-1.70699
-0.665947	-1.70711
-0.664534	-1.70704
-0.663255	-1.70692
-0.662445	-1.70705
-0.661402	-1.70721
-0.660203	-1.70727
-0.658585	-1.70702
-0.656667	-1.7066
-0.65473	-1.70651
-0.652931	-1.70686
-0.651303	-1.70755
-0.649601	-1.70814
-0.647588	-1.70843
-0.645689	-1.70868
-0.64373	-1.70898
-0.641755	-1.70923
-0.639167	-1.7095
-0.636613	-1.70932
-0.634176	-1.70906
-0.631673	-1.70931
-0.629665	-1.70932
-0.627186	-1.70881
-0.624826	-1.7083
-0.622608	-1.70739
-0.620777	-1.70712
-0.619073	-1.70686
-0.616387	-1.70686
-0.613925	-1.70683
-0.611633	-1.70676
-0.609595	-1.70656
-0.60716	-1.70617
-0.604849	-1.7058
-0.601947	-1.70531
-0.599226	-1.70463
-0.596195	-1.70366
-0.592851	-1.70327
-0.590241	-1.70357
-0.587952	-1.7046
-0.585944	-1.70546
-0.584061	-1.70639
-0.58232	-1.70645
-0.580133	-1.70635
-0.578113	-1.70624
-0.576291	-1.7062
-0.574408	-1.70629
-0.57242	-1.70638
-0.570478	-1.70668
-0.568929	-1.70668
-0.567371	-1.70668
-0.565662	-1.70674
-0.564033	-1.70713
-0.56193	-1.70851
-0.559963	-1.70978
-0.558246	-1.71103
-0.556704	-1.7122
-0.554946	-1.71286
-0.552867	-1.71342
-0.550896	-1.71411
-0.548957	-1.71421
-0.546948	-1.71433
-0.544472	-1.7147
-0.54162	-1.71506
-0.538836	-1.71543
-0.536437	-1.71566
-0.534282	-1.7158
-0.531786	-1.71602
-0.529348	-1.7154
-0.526982	-1.71443
-0.524431	-1.71402
-0.522024	-1.71415
-0.519605	-1.71431
-0.51719	-1.71474
-0.514336	-1.71502
-0.511761	-1.71524
-0.508143	-1.71616
-0.504884	-1.71688
-0.502073	-1.71789
-0.500163	-1.71855
-0.498671	-1.71945
-0.496919	-1.72079
-0.495222	-1.72206
-0.493684	-1.72335
-0.491142	-1.72494
-0.488967	-1.72655
-0.48691	-1.72804
-0.484881	-1.72983
-0.482997	-1.73151
-0.480202	-1.73236
-0.47736	-1.73287
-0.47399	-1.73331
-0.47126	-1.73402
-0.468667	-1.73468
-0.46541	-1.73595
-0.462864	-1.73703
-0.460307	-1.73793
-0.458258	-1.73866
-0.456419	-1.73944
-0.45454	-1.73975
-0.452651	-1.74009
-0.452319	-1.73996
-0.451928	-1.74036
-0.450855	-1.74053
-0.4497	-1.74038
-0.448859	-1.74045
-0.447881	-1.74066
-0.446385	-1.74104
-0.444874	-1.74137
-0.443421	-1.74162
-0.44134	-1.74235
-0.439879	-1.74268
-0.43867	-1.74327
-0.436806	-1.74407
-0.435132	-1.74459
-0.43359	-1.74489
-0.431938	-1.74492
-0.429724	-1.74456
-0.427142	-1.74455
-0.424929	-1.74438
-0.422123	-1.74559
-0.41953	-1.74747
-0.417375	-1.74815
-0.415168	-1.74843
-0.413068	-1.74921
-0.411077	-1.75039
-0.40971	-1.75103
-0.40828	-1.75191
-0.406887	-1.75244
-0.405457	-1.753
-0.404174	-1.75354
-0.402983	-1.75417
-0.401675	-1.75402
-0.400384	-1.75387
-0.399352	-1.7529
-0.398408	-1.75175
-0.397813	-1.75028
-0.397286	-1.74861
-0.396725	-1.74709
-0.396846	-1.74563
-0.397521	-1.74343
-0.397819	-1.74167
-0.398149	-1.74041
-0.398501	-1.7395
-0.399693	-1.73837
-0.400846	-1.73716
-0.40187	-1.73612
-0.402715	-1.73489
-0.403633	-1.73375
-0.404571	-1.73261
-0.405916	-1.73142
-0.407281	-1.73034
-0.408552	-1.72927
-0.409834	-1.72828
-0.411287	-1.72701
-0.412578	-1.726
-0.413832	-1.72498
-0.415174	-1.72449
-0.416419	-1.72347
-0.418046	-1.72133
-0.419435	-1.71947
-0.42093	-1.7179
-0.421755	-1.71651
-0.423112	-1.71528
-0.424351	-1.71411
-0.425777	-1.71325
-0.427206	-1.71245
-0.428709	-1.71187
-0.430779	-1.71174
-0.433332	-1.71285
-0.435489	-1.7138
-0.437801	-1.71449
-0.439598	-1.7156
-0.440881	-1.71608
-0.442258	-1.7166
-0.443643	-1.71723
-0.445065	-1.7179
-0.445946	-1.71887
-0.446228	-1.71969
-0.446478	-1.72141
-0.446296	-1.72271
-0.446005	-1.72445
-0.446735	-1.72565
-0.44732	-1.72683
-0.447795	-1.72804
-0.448105	-1.72965
-0.448474	-1.73146
-0.448865	-1.73324
-0.449304	-1.73502
-0.450019	-1.73753
-0.451027	-1.73987
-0.451339	-1.74191
-0.451172	-1.74393
-0.45077	-1.74604
-0.450351	-1.74821
-0.45006	-1.7501
-0.449791	-1.75206
-0.448775	-1.75401
-0.448273	-1.75579
-0.447057	-1.75777
-0.445787	-1.76013
-0.444787	-1.76242
-0.443719	-1.76438
-0.442405	-1.76605
-0.441388	-1.76797
-0.439549	-1.77024
-0.437157	-1.77205
-0.435214	-1.77344
-0.433403	-1.77474
-0.43167	-1.77584
-0.429923	-1.77614
-0.42742	-1.77609
-0.424937	-1.77608
-0.422589	-1.77604
-0.420708	-1.77604
-0.418856	-1.7759
-0.417346	-1.776
-0.416786	-1.77611
-0.41616	-1.77636
-0.415373	-1.77638
-0.414562	-1.77646
-0.41393	-1.77707
-0.4132	-1.77771
-0.412571	-1.77884
-0.412277	-1.7803
-0.411903	-1.78192
-0.411814	-1.78333
-0.411695	-1.78484
-0.411858	-1.78666
-0.411702	-1.7881
-0.411388	-1.78995
-0.411701	-1.79193
-0.412095	-1.79365
-0.412903	-1.79511
-0.41321	-1.7968
-0.414042	-1.7976
-0.414704	-1.79835
-0.415604	-1.79942
-0.416182	-1.80091
-0.417571	-1.80286
-0.418925	-1.80456
-0.420276	-1.80615
-0.421608	-1.80722
-0.422486	-1.8089
-0.423461	-1.81036
-0.424439	-1.81175
-0.425069	-1.81341
-0.425428	-1.81539
-0.425772	-1.81727
-0.426172	-1.81901
-0.426197	-1.82094
-0.426261	-1.82275
-0.426333	-1.82461
-0.426403	-1.82637
-0.426048	-1.82841
-0.425891	-1.83051
-0.425427	-1.83337
-0.425254	-1.83526
-0.425563	-1.83601
-0.425976	-1.83678
-0.426594	-1.83773
-0.42589	-1.83826
-0.42509	-1.83889
-0.424101	-1.83956
-0.423053	-1.84003
-0.421588	-1.84031
-0.420544	-1.84003
-0.41974	-1.83981
-0.419404	-1.83901
-0.418585	-1.83785
-0.417383	-1.83678
-0.416208	-1.83541
-0.415106	-1.83406
-0.413972	-1.83286
-0.412991	-1.83175
-0.411638	-1.83054
-0.410651	-1.82935
-0.409699	-1.82811
-0.409174	-1.82686
-0.408443	-1.82604
-0.407696	-1.82571
-0.40724	-1.82559
-0.40617	-1.82488
-0.404647	-1.82451
-0.403125	-1.82409
-0.401486	-1.8234
-0.400492	-1.82368
-0.399549	-1.82465
-0.39835	-1.82549
-0.396893	-1.82655
-0.395466	-1.82763
-0.394261	-1.82934
-0.392766	-1.83105
-0.391307	-1.83268
-0.389889	-1.83431
-0.389228	-1.83607
-0.388787	-1.83746
-0.388079	-1.83873
-0.387332	-1.84027
-0.386913	-1.84171
-0.386108	-1.84295
-0.385128	-1.84416
-0.384438	-1.84558
-0.383682	-1.84706
-0.382976	-1.84834
-0.382735	-1.84887
-0.381891	-1.84947
-0.381254	-1.85091
-0.381153	-1.85189
-0.381458	-1.85324
-0.382656	-1.85453
-0.383149	-1.85536
-0.383657	-1.85612
-0.384273	-1.85696
-0.385106	-1.85735
-0.386431	-1.85766
-0.387515	-1.85733
-0.388687	-1.85713
-0.389922	-1.85695
-0.390648	-1.85703
-0.391797	-1.85612
-0.392955	-1.85502
-0.394545	-1.85469
-0.396271	-1.85436
-0.398106	-1.85392
-0.399921	-1.8529
-0.402009	-1.85171
-0.404243	-1.85062
-0.406601	-1.8497
-0.408956	-1.84922
-0.411181	-1.84884
-0.413348	-1.84843
-0.415709	-1.84823
-0.417934	-1.84806
-0.419965	-1.84833
-0.421281	-1.84895
-0.421971	-1.84932
-0.422927	-1.84953
-0.4241	-1.84982
-0.425164	-1.84991
-0.426441	-1.84998
-0.428173	-1.84984
-0.429537	-1.85009
-0.430635	-1.85027
-0.431165	-1.85026
-0.43189	-1.84985
-0.432667	-1.84932
-0.433155	-1.84872
-0.433823	-1.84796
-0.433596	-1.84673
-0.433908	-1.84448
-0.435244	-1.84197
-0.436449	-1.84066
-0.437597	-1.83923
-0.438281	-1.83791
-0.439062	-1.83692
-0.440021	-1.83604
-0.441032	-1.83481
-0.442381	-1.83374
-0.443751	-1.83305
-0.444351	-1.83131
-0.444425	-1.82969
-0.443917	-1.82762
-0.443595	-1.82573
-0.443232	-1.82412
-0.44322	-1.82234
-0.443874	-1.82066
-0.445107	-1.81889
-0.446381	-1.81689
-0.447583	-1.81495
-0.448301	-1.81294
-0.449466	-1.81144
-0.450584	-1.80991
-0.451858	-1.808
-0.453394	-1.80563
-0.455035	-1.80336
-0.456485	-1.80107
-0.457319	-1.79776
-0.458067	-1.79485
-0.457989	-1.79319
-0.45801	-1.79127
-0.457908	-1.78939
-0.457788	-1.78741
-0.457778	-1.78536
-0.456884	-1.78299
-0.455349	-1.78135
-0.453882	-1.77972
-0.452274	-1.77909
-0.450386	-1.77857
-0.448249	-1.77893
-0.446391	-1.77963
-0.44388	-1.78087
-0.441299	-1.78153
-0.438439	-1.78171
-0.435822	-1.78249
-0.433447	-1.78304
-0.431343	-1.78356
-0.429267	-1.78445
-0.427212	-1.78469
-0.426079	-1.78531
-0.424783	-1.78548
-0.424128	-1.78534
-0.423574	-1.78509
-0.423247	-1.7851
-0.423479	-1.78515
-0.424555	-1.78491
-0.426453	-1.7849
-0.428197	-1.78512
-0.430107	-1.7854
-0.432494	-1.78553
-0.43465	-1.78575
-0.436685	-1.78584
-0.438927	-1.78572
-0.4413	-1.78535
-0.443556	-1.78476
-0.445647	-1.78418
-0.447537	-1.78338
-0.44933	-1.78262
-0.4509	-1.7819
-0.452381	-1.78113
-0.453499	-1.78048
-0.454834	-1.77975
-0.455353	-1.77846
-0.455866	-1.77717
-0.45678	-1.7758
-0.457641	-1.77472
-0.458543	-1.77363
-0.459428	-1.7729
-0.460771	-1.77258
-0.461834	-1.77215
-0.463167	-1.77153
-0.464199	-1.77086
-0.465683	-1.77068
-0.466964	-1.77069
-0.468683	-1.77106
-0.470309	-1.77139
-0.471735	-1.77181
-0.473057	-1.77243
-0.474429	-1.7731
-0.475915	-1.77321
-0.477172	-1.7735
-0.478398	-1.77381
-0.479619	-1.77416
-0.479677	-1.77444
-0.479841	-1.77529
-0.47939	-1.77643
-0.479044	-1.77844
-0.478741	-1.78047
-0.478396	-1.78252
-0.477768	-1.78449
-0.477415	-1.78649
-0.478126	-1.78897
-0.478671	-1.79118
-0.479206	-1.79356
-0.479615	-1.79568
-0.479287	-1.79767
-0.478133	-1.79958
-0.477321	-1.80172
-0.476797	-1.80362
-0.476234	-1.80567
-0.47668	-1.80726
-0.47714	-1.80848
-0.477483	-1.80969
-0.477761	-1.81084
-0.478239	-1.81182
-0.478896	-1.81267
-0.479923	-1.81385
-0.480881	-1.81485
-0.481365	-1.81537
-0.482512	-1.81605
-0.483535	-1.81713
-0.48396	-1.81814
-0.48468	-1.81885
-0.485624	-1.81969
-0.486193	-1.82104
-0.48747	-1.82275
-0.48874	-1.82417
-0.490012	-1.8255
-0.492121	-1.82693
-0.494448	-1.82885
-0.496531	-1.83072
-0.498709	-1.83196
-0.500932	-1.83313
-0.50316	-1.83432
-0.504793	-1.83524
-0.50635	-1.83616
-0.508797	-1.83722
-0.511186	-1.83846
-0.513604	-1.83955
-0.515844	-1.84057
-0.518187	-1.84198
-0.520383	-1.84333
-0.522839	-1.84444
-0.524654	-1.84546
-0.526275	-1.84652
-0.527816	-1.84759
-0.529915	-1.84897
-0.531918	-1.85029
-0.533629	-1.85109
-0.535415	-1.85198
-0.537184	-1.85278
-0.538888	-1.85348
-0.54025	-1.85371
-0.54169	-1.85394
-0.543898	-1.85412
-0.54506	-1.85469
-0.546241	-1.85468
-0.547267	-1.85461
-0.548532	-1.85469
-0.549272	-1.85418
-0.55015	-1.85275
-0.551018	-1.85161
-0.551788	-1.84994
-0.552832	-1.84889
-0.554172	-1.848
-0.555763	-1.84712
-0.557606	-1.84596
-0.559538	-1.84506
-0.5618	-1.84401
-0.564033	-1.84275
-0.566049	-1.84138
-0.567975	-1.8401
-0.569897	-1.83887
-0.572204	-1.83706
-0.575087	-1.83581
-0.577108	-1.83528
-0.579224	-1.83413
-0.581	-1.83308
-0.582719	-1.83205
-0.584445	-1.83085
-0.585914	-1.82986
-0.586487	-1.82873
-0.587123	-1.82753
-0.58787	-1.82615
-0.588706	-1.82512
-0.58952	-1.82529
-0.590089	-1.82576
-0.590836	-1.82633
