0.00419864	0.00432072
0.0079529	0.00879991
0.011609	0.0129678
0.0145524	0.0163011
0.0173967	0.0197204
0.0198857	0.0228105
0.0220258	0.0253411
0.0234212	0.0269489
0.0244009	0.0279187
0.0251028	0.0286191
0.0248021	0.0285258
0.0236857	0.0284859
0.0219125	0.0283339
0.0201269	0.0284168
0.0181025	0.0284413
0.0153172	0.0297355
0.0118301	0.0303879
0.00863673	0.0311274
0.00500888	0.0318031
0.00139235	0.0321113
-0.00163027	0.0326871
-0.00403505	0.0332141
-0.00637942	0.033494
-0.00925304	0.0347238
-0.0117911	0.0354438
-0.0145152	0.0360566
-0.017323	0.0362061
-0.0197182	0.03629
-0.0226782	0.036574
-0.0257552	0.0369278
-0.0286781	0.0372915
-0.0312096	0.0373254
-0.0338765	0.0374946
-0.0364059	0.0377215
-0.0387455	0.0380846
-0.0406836	0.0386053
-0.0420501	0.039603
-0.0430993	0.0408095
-0.0450243	0.0422113
-0.0459654	0.0438119
-0.0471126	0.0447912
-0.04762	0.0451804
-0.0482761	0.0455937
-0.0492942	0.0456292
-0.0501913	0.0456272
-0.050456	0.0453094
-0.0504769	0.0450554
-0.0499503	0.0445514
-0.0492354	0.0438518
-0.0484346	0.0436078
-0.0474618	0.0431027
-0.0466685	0.0419075
-0.0455131	0.0407354
-0.0442558	0.0397655
-0.0428673	0.0385924
-0.0410702	0.0373199
-0.0392713	0.0361645
-0.0371647	0.0353294
-0.0350986	0.0344806
-0.0325084	0.0337667
-0.0300753	0.0330446
-0.0280964	0.0325094
-0.0260363	0.0319425
-0.023942	0.0311972
-0.021851	0.0302043
-0.0198776	0.0292511
-0.0175258	0.0283237
-0.0149219	0.0272874
-0.0121081	0.0263439
-0.0091879	0.025247
-0.00589413	0.0239413
-0.00317211	0.0219264
-4.13148e-05	0.0197078
0.00401225	0.0171268
0.00708105	0.0150295
0.00960959	0.0128149
0.0117717	0.0108522
0.0130857	0.00927645
0.0138562	0.00744954
0.0143773	0.00543413
0.0144387	0.0026372
0.0140011	0.000175588
0.013053	-0.00282211
0.0125844	-0.00504842
0.0118835	-0.00643859
0.0112135	-0.00727246
0.0101414	-0.00841331
0.00840497	-0.00948928
0.00673693	-0.0102338
0.00510402	-0.00976269
0.00256441	-0.00903546
-0.000145844	-0.00796087
-0.00312064	-0.00641542
-0.00480246	-0.00449249
-0.00691909	-0.00235209
-0.00877844	-0.000105086
-0.0112133	0.00171615
-0.0131942	0.00354299
-0.0148932	0.00499994
-0.0158296	0.0060261
-0.0165265	0.00733901
-0.0169307	0.00822724
-0.0168636	0.00878466
-0.0160296	0.00897425
-0.0145339	0.00821696
-0.0128252	0.00712479
-0.0109208	0.00606064
-0.00882944	0.00532521
-0.00657887	0.00426311
-0.00372968	0.00334194
-0.00110475	0.00193019
0.0017081	0.000341136
0.00423994	-0.00143011
0.0056784	-0.00185439
0.0076539	-0.00133269
0.0095217	-0.000811162
0.010851	-0.000228442
0.0121909	0.000767191
0.0127544	0.000902081
0.011795	0.000442016
0.00948087	-0.000740721
0.00715352	-0.00156632
0.00513935	-0.00236316
0.00311871	-0.0031556
0.0010259	-0.00371672
-0.00126426	-0.00398603
-0.00313265	-0.0041505
-0.00521058	-0.00429448
-0.00748842	-0.00415349
-0.00980901	-0.00391162
-0.0124651	-0.00322706
-0.0149584	-0.00246043
-0.0173435	-0.00179856
-0.0197752	-0.00118865
-0.0220567	-0.000748298
-0.0238648	0.000174956
-0.0252321	0.000665426
-0.0262161	0.000731645
-0.0277781	0.000790149
-0.0289436	0.000819325
-0.0296162	0.000973475
-0.0299491	0.00146652
-0.0301846	0.00188944
-0.0301188	0.00243591
-0.0297827	0.00351606
-0.0287469	0.00508758
-0.0278294	0.00626714
-0.0263837	0.00650033
-0.0245619	0.0064046
-0.0222436	0.00604912
-0.0201975	0.00549288
-0.0179789	0.00466808
-0.0158352	0.00328823
-0.0133872	0.0015088
-0.0107827	-0.000613058
-0.00871949	-0.0023888
-0.0071213	-0.00461318
-0.00575317	-0.00651531
-0.00400613	-0.00843124
-0.00229553	-0.0099132
-0.00125327	-0.0107931
-0.000428722	-0.0116313
0.00041943	-0.0124386
0.000922359	-0.0127566
0.00109108	-0.0124975
0.00144167	-0.0113523
0.000954695	-0.009931
0.000162437	-0.00756895
-0.00100875	-0.00550165
-0.00249785	-0.00312293
-0.00416868	-0.000790233
-0.00633468	0.00158231
-0.00765482	0.00273696
-0.00794266	0.00335287
-0.00836448	0.00344604
-0.00809559	0.00290121
-0.00754718	0.00129393
-0.00680861	-0.000163233
-0.00603914	-0.00170046
-0.00575499	-0.00462051
-0.00525591	-0.00723845
-0.00606962	-0.0100771
-0.00715796	-0.0129437
-0.0084647	-0.0158426
-0.00993682	-0.018911
-0.0116939	-0.0223456
-0.0136229	-0.0256654
-0.0153918	-0.0289081
-0.0166662	-0.031036
-0.0176045	-0.0317592
-0.0185186	-0.0317711
-0.0194779	-0.0314073
-0.0204121	-0.0306341
-0.0217253	-0.0293445
-0.0234709	-0.027089
-0.025443	-0.0250075
-0.0283485	-0.022724
-0.0312329	-0.0203396
-0.032906	-0.018032
-0.0342299	-0.0167093
-0.0355226	-0.0161065
-0.0369913	-0.0161396
-0.0382709	-0.0163107
-0.0390658	-0.0165295
-0.0393971	-0.0170813
-0.0396449	-0.0167929
-0.0396518	-0.0166831
-0.0393699	-0.0170651
-0.0385594	-0.0182873
-0.036993	-0.0204278
-0.0353016	-0.0227985
-0.0333334	-0.025259
-0.0312515	-0.0277409
-0.0295027	-0.0300076
-0.0273523	-0.0310412
-0.0257942	-0.0315241
-0.0243174	-0.0314167
-0.0231443	-0.0310156
-0.0218879	-0.030524
-0.0205905	-0.0297245
-0.0183253	-0.0286667
-0.0169384	-0.0280255
-0.0168339	-0.0283105
-0.0173827	-0.0296709
-0.0179977	-0.0302072
-0.0193942	-0.0301285
-0.021221	-0.0296038
-0.0228801	-0.0291389
-0.0246921	-0.0283931
-0.0270527	-0.0277161
-0.0298684	-0.0271408
-0.031905	-0.0273791
-0.0332151	-0.0283279
-0.0342389	-0.029711
-0.035055	-0.0301661
-0.0360378	-0.0304154
-0.0367439	-0.030262
-0.0379159	-0.0297329
-0.0388502	-0.0292181
-0.0404971	-0.0289733
-0.0425522	-0.0285806
-0.043762	-0.0290001
-0.0451894	-0.0293017
-0.0474358	-0.0301009
-0.0494957	-0.0302889
-0.0512723	-0.0301486
-0.0532166	-0.0298809
-0.0553094	-0.0293043
-0.057575	-0.0282076
-0.05814	-0.0271755
-0.0584791	-0.0259728
-0.0583841	-0.0248895
-0.0584355	-0.024263
-0.0590073	-0.0230862
-0.0592433	-0.0220092
-0.0589895	-0.0206563
-0.0577287	-0.0195694
-0.0564261	-0.0187634
-0.0547486	-0.0184377
-0.0526026	-0.0183106
-0.0501779	-0.0185366
-0.0474701	-0.0190966
-0.0441383	-0.0199847
-0.0406963	-0.0211523
-0.0376766	-0.0224289
-0.0341902	-0.0236706
-0.0308057	-0.0253871
-0.0282228	-0.0268532
-0.0264991	-0.0285034
-0.0255067	-0.0304889
-0.0254341	-0.0309321
-0.0255252	-0.0305667
-0.0262244	-0.0291799
-0.0271796	-0.0274228
-0.0279828	-0.0256196
-0.0292158	-0.0240756
-0.0298818	-0.0234493
-0.0301008	-0.0235142
-0.0304511	-0.0239582
-0.0305518	-0.0260591
-0.0299011	-0.0292405
-0.0293259	-0.0322119
-0.028763	-0.0352385
-0.0282791	-0.0373535
-0.0286818	-0.0383587
-0.0291715	-0.0384207
-0.0301122	-0.0383933
-0.0325433	-0.0380297
-0.0350817	-0.0369932
-0.0375932	-0.0357723
-0.0403892	-0.0344866
-0.0432541	-0.033291
-0.046364	-0.0321351
-0.0501726	-0.0310257
-0.0544961	-0.0306167
-0.0589813	-0.0296335
-0.0626064	-0.0284616
-0.0648852	-0.0278475
-0.066413	-0.0280438
-0.0672056	-0.0281998
-0.0674817	-0.0274975
-0.0669486	-0.0267052
-0.066376	-0.0249151
-0.0653387	-0.0234086
-0.0637571	-0.0218365
-0.0616111	-0.0201883
-0.0593038	-0.0185077
-0.0565259	-0.016836
-0.0540882	-0.015571
-0.0512715	-0.0152631
-0.0485901	-0.0155027
-0.0457385	-0.0162631
-0.0428771	-0.0176157
-0.0401925	-0.019578
-0.0373858	-0.0219196
-0.0340088	-0.0245361
-0.0306181	-0.0276123
-0.0276201	-0.0312611
-0.0259646	-0.0330869
-0.024297	-0.0339939
-0.023306	-0.0342256
-0.0227092	-0.0345593
-0.0228624	-0.0341729
-0.0233763	-0.0329718
-0.024331	-0.0314392
-0.0252428	-0.0298571
-0.0265051	-0.0275777
-0.0278736	-0.025502
-0.0296861	-0.0240487
-0.0308879	-0.0233395
-0.0323761	-0.0233813
-0.033828	-0.0238955
-0.0347685	-0.0258478
-0.0361847	-0.0284194
-0.0378421	-0.0315403
-0.0397214	-0.0346714
-0.0416957	-0.0381015
-0.0438814	-0.041503
-0.0463403	-0.0449493
-0.0494889	-0.0471494
-0.0530144	-0.0494108
-0.0568022	-0.0516664
-0.0605398	-0.0537794
-0.0628358	-0.0552673
-0.0642257	-0.0564204
-0.0657668	-0.0571659
-0.0670957	-0.0579497
-0.068027	-0.0591933
-0.0695114	-0.0600831
-0.0705766	-0.0612727
-0.0711826	-0.0624643
-0.0717397	-0.0631338
-0.0724743	-0.0640747
-0.0741802	-0.0652579
-0.0759384	-0.066371
-0.0777529	-0.0674285
-0.0795309	-0.0684887
-0.0813069	-0.06975
-0.0830023	-0.0708627
-0.0849475	-0.0716827
-0.0870246	-0.0726095
-0.0887349	-0.0733508
-0.0903153	-0.0740695
-0.0921225	-0.074994
-0.0931638	-0.0757481
-0.0939722	-0.0763813
-0.0943322	-0.077132
-0.0947088	-0.0779798
-0.0952292	-0.0796157
-0.0957839	-0.0813726
-0.0966882	-0.0830637
-0.0974842	-0.0848252
-0.0981315	-0.0868299
-0.0988223	-0.0886579
-0.0991071	-0.0904485
-0.0996612	-0.0917957
-0.100967	-0.0929871
-0.102315	-0.0940696
-0.10351	-0.0954855
-0.104803	-0.0970287
-0.10578	-0.0986056
-0.106487	-0.100098
-0.107206	-0.101598
-0.10887	-0.102474
-0.110816	-0.102733
-0.113073	-0.102937
-0.115251	-0.10312
-0.11746	-0.103254
-0.11952	-0.103588
-0.121372	-0.103885
-0.123243	-0.103914
-0.124847	-0.104683
-0.126459	-0.104466
-0.128053	-0.104207
-0.128839	-0.104288
-0.129562	-0.104557
-0.131156	-0.105293
-0.131789	-0.105685
-0.132483	-0.106406
-0.133469	-0.107469
-0.134266	-0.109224
-0.134946	-0.111052
-0.135706	-0.113365
-0.137	-0.115508
-0.138411	-0.117835
-0.139769	-0.120832
-0.141409	-0.123173
-0.143794	-0.12564
-0.145624	-0.128058
-0.147343	-0.130042
-0.149579	-0.132573
-0.151495	-0.134931
-0.153116	-0.13705
-0.154799	-0.139209
-0.156077	-0.141608
-0.157642	-0.144165
-0.159026	-0.146603
-0.160335	-0.148725
-0.16149	-0.150734
-0.161861	-0.152734
-0.162333	-0.154721
-0.163067	-0.156642
-0.163415	-0.158353
-0.163814	-0.160044
-0.164251	-0.161853
-0.165083	-0.163324
-0.165977	-0.164879
-0.166659	-0.166103
-0.167572	-0.167592
-0.168788	-0.169251
-0.170256	-0.17154
-0.171584	-0.173994
-0.172904	-0.175961
-0.173999	-0.177656
-0.175233	-0.179505
-0.176577	-0.180686
-0.177967	-0.181974
-0.179413	-0.183273
-0.180969	-0.18445
-0.182601	-0.185793
-0.183929	-0.187561
-0.185403	-0.189238
-0.186641	-0.190867
-0.187904	-0.192548
-0.18921	-0.194078
-0.191002	-0.195586
-0.192606	-0.196775
-0.195133	-0.198016
-0.197596	-0.199184
-0.198597	-0.20121
-0.199366	-0.203434
-0.199887	-0.205827
-0.200494	-0.207835
-0.201088	-0.209351
-0.201739	-0.211026
-0.202231	-0.21232
-0.203309	-0.214027
-0.204107	-0.215344
-0.204677	-0.216687
-0.205669	-0.218208
-0.206116	-0.220398
-0.206423	-0.222983
-0.205881	-0.224413
-0.205382	-0.225771
-0.205148	-0.227243
-0.204641	-0.228676
-0.203567	-0.229553
-0.202581	-0.230558
-0.201453	-0.231902
-0.200638	-0.233323
-0.199368	-0.235134
-0.198063	-0.236692
-0.197123	-0.238217
-0.19658	-0.239465
-0.195842	-0.240238
-0.19536	-0.240949
-0.194553	-0.241557
-0.19324	-0.242157
-0.192869	-0.243411
-0.192738	-0.24448
-0.192535	-0.245643
-0.192087	-0.246605
-0.191232	-0.247835
-0.190411	-0.249105
-0.189481	-0.250471
-0.188517	-0.251595
-0.187722	-0.25321
-0.186943	-0.254597
-0.186617	-0.256304
-0.186027	-0.258581
-0.185123	-0.260861
-0.183888	-0.26257
-0.182688	-0.264056
-0.181541	-0.265287
-0.180263	-0.266196
-0.178683	-0.267206
-0.176692	-0.26856
-0.174602	-0.2704
-0.172591	-0.272047
-0.171196	-0.274271
-0.169886	-0.276329
-0.168667	-0.278396
-0.167524	-0.280417
-0.166506	-0.282547
-0.166111	-0.284731
-0.165697	-0.286524
-0.165246	-0.288745
-0.164717	-0.290648
-0.164283	-0.291699
-0.163546	-0.292971
-0.162072	-0.294515
-0.160282	-0.295505
-0.158895	-0.29539
-0.157318	-0.295508
-0.156061	-0.29554
-0.154159	-0.2963
-0.152402	-0.296934
-0.150756	-0.297717
-0.148839	-0.297917
-0.147292	-0.297681
-0.145945	-0.297669
-0.143807	-0.297626
-0.141819	-0.297755
-0.140109	-0.298018
-0.138462	-0.299025
-0.136842	-0.300797
-0.135471	-0.302557
-0.134407	-0.304117
-0.133415	-0.30605
-0.132236	-0.307792
-0.131329	-0.309362
-0.129518	-0.311261
-0.127268	-0.313028
-0.125143	-0.314699
-0.122883	-0.315519
-0.120676	-0.315834
-0.118121	-0.31572
-0.115861	-0.315294
-0.113721	-0.314844
-0.111926	-0.313675
-0.110024	-0.312371
-0.108221	-0.311577
-0.106012	-0.31106
-0.104076	-0.310844
-0.101606	-0.310675
-0.0993158	-0.310524
-0.0970231	-0.310174
-0.0949774	-0.309651
-0.0925466	-0.309263
-0.0899929	-0.309126
-0.0879139	-0.309094
-0.0861145	-0.308759
-0.0845235	-0.309177
-0.0829456	-0.309573
-0.0809399	-0.309259
-0.0790991	-0.30908
-0.077318	-0.308852
-0.0755505	-0.308815
-0.0749282	-0.308559
-0.0740854	-0.308276
-0.0732085	-0.308038
-0.0726982	-0.307908
-0.0719532	-0.30786
-0.0720306	-0.307561
-0.0722086	-0.308195
-0.0725272	-0.309296
-0.0729804	-0.310683
-0.0735008	-0.311887
-0.0740236	-0.313267
-0.0739426	-0.3143
-0.0735476	-0.314973
-0.0730733	-0.315727
-0.072462	-0.316239
-0.0718261	-0.316894
-0.0708909	-0.316415
-0.0708468	-0.316239
-0.07066	-0.315862
-0.0703381	-0.315333
-0.0695531	-0.314402
-0.0697083	-0.312406
-0.0698902	-0.310594
-0.0701201	-0.308971
-0.0703482	-0.30723
-0.0708399	-0.305681
-0.0714902	-0.304456
-0.0714673	-0.303676
-0.0714911	-0.30279
-0.0716841	-0.30164
-0.0714408	-0.300501
-0.0712484	-0.299392
-0.0710213	-0.298391
-0.0708841	-0.297561
-0.0710567	-0.296895
-0.0722728	-0.295931
-0.0738126	-0.294723
-0.0755073	-0.293235
-0.0767812	-0.291565
-0.0781653	-0.289601
-0.0789232	-0.289092
-0.0797269	-0.288237
-0.0804921	-0.287023
-0.0812368	-0.285905
-0.0815125	-0.284227
-0.0817343	-0.282512
-0.0821398	-0.280652
-0.0823321	-0.278506
-0.0819684	-0.276229
-0.0825682	-0.274876
-0.0832433	-0.273326
-0.0836451	-0.271726
-0.0840346	-0.270166
-0.0842929	-0.268696
-0.0845826	-0.267193
-0.0844628	-0.265673
-0.0846012	-0.264515
-0.0852044	-0.26409
-0.085874	-0.26356
-0.086056	-0.262828
-0.086388	-0.262097
-0.0867215	-0.261661
-0.0872742	-0.261066
-0.0876392	-0.26009
-0.0881231	-0.258639
-0.0888098	-0.256701
-0.0894394	-0.254952
-0.0901542	-0.253317
-0.0902029	-0.251263
-0.0900033	-0.248704
-0.0894276	-0.246403
-0.0892687	-0.244089
-0.0891108	-0.241744
-0.088974	-0.23956
-0.0888279	-0.237566
-0.0887658	-0.236111
-0.0883894	-0.234553
-0.0880338	-0.233019
-0.0878089	-0.23182
-0.0865024	-0.230229
-0.0852136	-0.228666
-0.0832189	-0.228138
-0.0819388	-0.227435
-0.0807	-0.227019
-0.0795522	-0.22646
-0.0783665	-0.225949
-0.0776953	-0.225095
-0.0769329	-0.224208
-0.0762789	-0.223204
-0.0751619	-0.222061
-0.0737128	-0.221325
-0.0718161	-0.220578
-0.0700408	-0.219612
-0.0683239	-0.218141
-0.0668375	-0.216636
-0.065411	-0.215257
-0.0637085	-0.213507
-0.0621494	-0.211932
-0.0611776	-0.211099
-0.0607152	-0.2107
-0.0600328	-0.210151
-0.0590865	-0.209459
-0.058105	-0.208966
-0.0572669	-0.208932
-0.0562648	-0.208949
-0.0549762	-0.208679
-0.0535941	-0.208218
-0.0521847	-0.207266
-0.0504996	-0.206474
-0.0487959	-0.205773
-0.0470488	-0.205631
-0.0460983	-0.206099
-0.0451584	-0.206458
-0.0435782	-0.206987
-0.0417335	-0.207928
-0.0402388	-0.208219
-0.0386732	-0.20825
-0.0372459	-0.208272
-0.0358982	-0.208508
-0.0349827	-0.209669
-0.0341116	-0.210783
-0.0330378	-0.212271
-0.0316662	-0.213695
-0.0302164	-0.216147
-0.0289565	-0.218464
-0.0284285	-0.22148
-0.0288831	-0.223575
-0.0292618	-0.225189
-0.0311186	-0.226514
-0.0326433	-0.227661
-0.034292	-0.228845
-0.0368658	-0.231421
-0.0390217	-0.233612
-0.0415919	-0.235418
-0.0441052	-0.237127
-0.0460236	-0.238761
-0.047449	-0.240236
-0.0493874	-0.242181
-0.0516121	-0.244179
-0.0530728	-0.246338
-0.0545229	-0.248205
-0.055788	-0.25002
-0.0569223	-0.251547
-0.0573103	-0.252291
-0.0585218	-0.253128
-0.0598438	-0.254305
-0.060678	-0.255928
-0.0615024	-0.257486
-0.0616789	-0.25838
-0.0616797	-0.259228
-0.0619741	-0.260148
-0.0623264	-0.26117
-0.0627581	-0.262628
-0.0633422	-0.263964
-0.0643575	-0.265634
-0.0659026	-0.267238
-0.0681881	-0.26864
-0.0706027	-0.270687
-0.0712578	-0.272736
-0.0719374	-0.274766
-0.0725535	-0.276799
-0.0727259	-0.278703
-0.0727161	-0.280748
-0.0729597	-0.283236
-0.0732143	-0.286126
-0.0732255	-0.288505
-0.0723818	-0.291144
-0.0710815	-0.293312
-0.0698521	-0.295311
-0.0692514	-0.296816
-0.0690322	-0.29807
-0.0685781	-0.299583
-0.0689961	-0.301164
-0.0689726	-0.302538
-0.0688684	-0.304096
-0.0691099	-0.305938
-0.0693921	-0.307733
-0.0696868	-0.309657
-0.0699422	-0.311676
-0.0704876	-0.312767
-0.071511	-0.313392
-0.0718302	-0.313998
-0.0718847	-0.314965
-0.0720528	-0.316098
-0.0723711	-0.317542
-0.0726597	-0.319402
-0.0729265	-0.321608
-0.072926	-0.323357
-0.0730931	-0.325385
-0.0735165	-0.327217
-0.0740733	-0.328657
-0.0744878	-0.329322
-0.0748478	-0.329822
-0.0752136	-0.330412
-0.0753687	-0.330862
-0.0756086	-0.331358
-0.0749973	-0.332016
-0.0740073	-0.331907
-0.0721319	-0.331717
-0.0702818	-0.330966
-0.0684919	-0.330156
-0.0668545	-0.329593
-0.0651462	-0.32895
-0.0636279	-0.328536
-0.0620753	-0.327664
-0.0614236	-0.326658
-0.0606566	-0.325391
-0.0599104	-0.323957
-0.0584676	-0.322587
-0.0572257	-0.321259
-0.0557798	-0.319929
-0.0543839	-0.319206
-0.0529857	-0.318475
-0.0514315	-0.317627
-0.0497243	-0.317287
-0.0475496	-0.317358
-0.0456543	-0.317175
-0.0433949	-0.316685
-0.0406056	-0.315826
-0.0381799	-0.315602
-0.0358991	-0.315393
-0.0339274	-0.315543
-0.0315855	-0.315822
-0.02916	-0.315324
-0.026921	-0.315047
-0.0257491	-0.315343
-0.0252429	-0.316312
-0.025028	-0.31686
-0.0242376	-0.317467
-0.0229532	-0.317958
-0.0214273	-0.318502
-0.0199183	-0.319123
-0.0177665	-0.31952
-0.0156872	-0.319977
-0.0137251	-0.319791
-0.0116684	-0.319716
-0.00985977	-0.319563
-0.00770174	-0.319565
-0.00555365	-0.319721
-0.00318675	-0.319834
-0.000867629	-0.319441
0.000898371	-0.319119
0.00301317	-0.318701
0.00479884	-0.318626
0.00645062	-0.318904
0.00821925	-0.318295
0.010358	-0.317768
0.012591	-0.316717
0.0138023	-0.31625
0.0147633	-0.316646
0.0162228	-0.316992
0.0176842	-0.317446
0.0187398	-0.318374
0.0201454	-0.31922
0.0211402	-0.319975
0.022517	-0.320469
0.0237635	-0.32142
0.0243905	-0.322331
0.0251387	-0.322838
0.0260952	-0.323726
0.0265707	-0.324319
0.0266168	-0.324671
0.0263627	-0.325414
0.0254327	-0.326882
0.02525	-0.328399
0.025023	-0.32999
0.0247064	-0.331627
0.0246983	-0.332911
0.0246338	-0.334371
0.024625	-0.335795
0.0248141	-0.338026
0.0249131	-0.340662
0.0254133	-0.342937
0.0254023	-0.344984
0.0253014	-0.346697
0.025106	-0.348429
0.024692	-0.350222
0.0249266	-0.352255
0.0251461	-0.354135
0.0258291	-0.356506
0.0263604	-0.358344
0.026746	-0.360064
0.0271697	-0.361451
0.0275806	-0.36337
0.0280752	-0.365255
0.0285361	-0.366393
0.0290348	-0.367595
0.0295887	-0.368793
0.0303825	-0.370438
0.031028	-0.372254
0.0316978	-0.3742
0.0319521	-0.376747
0.0322526	-0.379102
0.0325252	-0.381217
0.0333861	-0.383438
0.0345939	-0.385629
0.0357632	-0.387616
0.0377052	-0.389956
0.040464	-0.39189
0.0428715	-0.39276
0.0452809	-0.393515
0.0476073	-0.394108
0.049818	-0.394684
0.051061	-0.394995
0.0523647	-0.395345
0.0539938	-0.396032
0.0554131	-0.396653
0.056512	-0.397396
0.0575846	-0.398161
0.0585605	-0.398432
0.0595155	-0.39847
0.0600732	-0.398631
0.0616433	-0.398661
0.0632193	-0.398657
0.0642948	-0.39903
0.0658749	-0.398713
0.0676114	-0.398293
0.0693695	-0.397856
0.0709967	-0.397398
0.072515	-0.39696
0.0741875	-0.396349
0.0759348	-0.396159
0.0780694	-0.395891
0.0803887	-0.396017
0.0823556	-0.396462
0.0844506	-0.397614
0.0864026	-0.398344
0.0875809	-0.39854
0.0889624	-0.399015
0.0904628	-0.399546
0.0923265	-0.400328
0.0940862	-0.401231
0.0956749	-0.402026
0.0972299	-0.402786
0.0984669	-0.403691
0.0988505	-0.40465
0.0992676	-0.405708
0.0997858	-0.406942
0.100347	-0.408113
0.10108	-0.409278
0.101489	-0.411038
0.102442	-0.412897
0.103537	-0.414898
0.104846	-0.416004
0.106532	-0.417026
0.10815	-0.418059
0.11011	-0.419508
0.111597	-0.420099
0.113054	-0.420705
0.114889	-0.42105
0.117126	-0.421016
0.118938	-0.421043
0.120808	-0.421082
0.122487	-0.421054
0.124608	-0.420945
0.126128	-0.420302
0.127564	-0.419555
0.129126	-0.419652
0.130679	-0.41979
0.132678	-0.419713
0.13485	-0.420133
0.136925	-0.420618
0.138745	-0.421376
0.140336	-0.422349
0.14252	-0.422783
0.144462	-0.42381
0.146928	-0.425694
0.149213	-0.426935
0.151181	-0.42773
0.152821	-0.428922
0.15419	-0.430117
0.155565	-0.431266
0.156907	-0.432484
0.15812	-0.433573
0.159435	-0.434599
0.160863	-0.435425
0.162051	-0.436141
0.163982	-0.436442
0.165352	-0.436498
0.166537	-0.436128
0.167571	-0.435886
0.168651	-0.43567
0.16902	-0.436431
0.169861	-0.436987
0.17075	-0.437706
0.171857	-0.438468
0.17222	-0.438438
0.172499	-0.438654
0.172647	-0.439082
0.17292	-0.439849
0.173462	-0.440716
0.174122	-0.441807
0.174208	-0.443062
0.174297	-0.444497
0.174636	-0.447018
0.174701	-0.449054
0.174477	-0.451122
0.17384	-0.453308
0.173148	-0.455673
0.171952	-0.457585
0.170316	-0.459451
0.168005	-0.460857
0.165793	-0.462391
0.163942	-0.464591
0.16227	-0.46655
0.160694	-0.468243
0.158803	-0.469225
0.15697	-0.470192
0.155253	-0.471076
0.153141	-0.471543
0.151162	-0.472083
0.149034	-0.472736
0.146307	-0.473413
0.14401	-0.473774
0.142054	-0.473661
0.140274	-0.474012
0.137697	-0.475046
0.136185	-0.476553
0.134765	-0.477956
0.133409	-0.479317
0.132958	-0.480496
0.132228	-0.481808
0.131173	-0.48314
0.130437	-0.484224
0.130047	-0.484925
0.129615	-0.486439
0.128479	-0.488606
0.127527	-0.490816
0.126745	-0.493042
0.126227	-0.494822
0.12577	-0.497055
0.125486	-0.498977
0.125152	-0.500822
0.125679	-0.501874
0.126179	-0.502937
0.126748	-0.504491
0.127355	-0.505953
0.128135	-0.507119
0.129873	-0.508273
0.132068	-0.50932
0.134333	-0.509925
0.136075	-0.510365
0.13866	-0.511333
0.141419	-0.512145
0.143833	-0.512731
0.146116	-0.513065
0.148203	-0.513119
0.149898	-0.513495
0.151646	-0.513751
0.152716	-0.51409
0.15408	-0.515744
0.15541	-0.51744
0.156675	-0.518464
0.157701	-0.519557
0.159071	-0.520803
0.160672	-0.521118
0.162212	-0.521033
0.163815	-0.520932
0.165417	-0.520782
0.167008	-0.520856
0.168736	-0.521074
0.170401	-0.521115
0.172088	-0.521634
0.173699	-0.522195
0.175157	-0.522654
0.176664	-0.523137
0.178154	-0.523445
0.179815	-0.523773
0.180982	-0.523859
0.182284	-0.523791
0.183537	-0.523853
0.185488	-0.523958
0.187465	-0.523917
0.18933	-0.523849
0.19125	-0.52404
0.19289	-0.524027
0.194192	-0.523548
0.194739	-0.5236
0.195567	-0.524356
0.196884	-0.524944
0.197919	-0.525436
0.199006	-0.525938
0.199806	-0.526584
0.200022	-0.526931
0.200595	-0.527755
0.201105	-0.528872
0.202347	-0.529759
0.20397	-0.531103
0.206079	-0.532043
0.207954	-0.5324
0.210164	-0.532572
0.212001	-0.532681
0.214362	-0.532293
0.216243	-0.532781
0.218103	-0.532752
0.220329	-0.532598
0.222426	-0.53257
0.224859	-0.531916
0.227224	-0.530935
0.229388	-0.530082
0.231496	-0.529605
0.234662	-0.529017
0.237899	-0.528617
0.240691	-0.52737
0.243434	-0.526464
0.246379	-0.525821
0.249799	-0.525753
0.25307	-0.525545
0.255804	-0.525852
0.258323	-0.526314
0.261824	-0.526466
0.264944	-0.526603
0.267673	-0.527017
0.270044	-0.527318
0.271988	-0.527129
0.274153	-0.526982
0.276467	-0.526515
0.277911	-0.526805
0.279441	-0.526858
0.282182	-0.527077
0.284553	-0.527388
0.286871	-0.527402
0.289262	-0.527737
0.291398	-0.52799
0.29327	-0.528531
0.295022	-0.528981
0.296798	-0.529472
0.298694	-0.530175
0.300555	-0.530844
0.302389	-0.531998
0.304075	-0.533147
0.306334	-0.53442
0.308555	-0.535251
0.309816	-0.535927
0.311141	-0.53665
0.313043	-0.537252
0.314736	-0.538199
0.316763	-0.538912
0.318509	-0.539786
0.320036	-0.540576
0.32161	-0.540902
0.323565	-0.541126
0.324482	-0.541619
0.326005	-0.54234
0.328268	-0.542555
0.330319	-0.542733
0.332094	-0.543331
0.333955	-0.543373
0.335577	-0.543329
0.336866	-0.543361
0.338043	-0.543488
0.339143	-0.543337
0.340421	-0.543602
0.34183	-0.543718
0.343342	-0.543848
0.344865	-0.544155
0.346671	-0.544436
0.348537	-0.54475
0.349687	-0.545426
0.350968	-0.546246
0.351874	-0.546898
0.352811	-0.548003
0.353723	-0.549202
0.353962	-0.549952
0.354502	-0.551019
0.354943	-0.551673
0.355486	-0.551509
0.356379	-0.550828
0.357414	-0.549723
0.358599	-0.5487
0.359781	-0.54769
0.36087	-0.54693
0.362091	-0.546157
0.363264	-0.545369
0.364726	-0.54506
0.366074	-0.544962
0.367495	-0.544814
0.369527	-0.544663
0.370911	-0.544655
0.372596	-0.544137
0.374595	-0.543538
0.376357	-0.542854
0.377698	-0.542648
0.379147	-0.542858
0.380591	-0.543164
0.382076	-0.542805
0.383834	-0.5423
0.385234	-0.542123
0.38656	-0.542448
0.388866	-0.54293
0.390925	-0.543068
0.392742	-0.543031
0.394304	-0.542941
0.395667	-0.542981
0.396994	-0.543527
0.39845	-0.543555
0.400185	-0.543684
0.40165	-0.543683
0.403126	-0.543699
0.405332	-0.543984
0.407708	-0.544345
0.410757	-0.544981
0.413152	-0.545308
0.415085	-0.54552
0.41724	-0.545823
0.419387	-0.54657
0.420313	-0.546936
0.421373	-0.546991
0.423032	-0.546541
0.424873	-0.546307
0.426438	-0.546062
0.428479	-0.545654
0.4302	-0.54526
0.431959	-0.545321
0.433643	-0.545351
0.435025	-0.54522
0.436074	-0.545574
0.437253	-0.546143
0.438379	-0.546727
0.440187	-0.547528
0.442064	-0.548331
0.443741	-0.548759
0.444916	-0.549635
0.445833	-0.550487
0.446266	-0.55123
0.44645	-0.552426
0.446647	-0.553425
0.447036	-0.554542
0.448079	-0.556518
0.449124	-0.558441
0.449957	-0.560081
0.450274	-0.560866
0.450913	-0.56212
0.451821	-0.563412
0.452685	-0.564772
0.45371	-0.565703
0.454935	-0.56649
0.455733	-0.567774
0.456572	-0.568596
0.457192	-0.569291
0.458242	-0.569744
0.45896	-0.570487
0.459237	-0.571023
0.459507	-0.571833
0.459692	-0.572926
0.45987	-0.574239
0.459995	-0.575694
0.460455	-0.577518
0.460609	-0.579403
0.460529	-0.581149
0.460486	-0.582703
0.460209	-0.584191
0.45981	-0.586043
0.459546	-0.587409
0.459285	-0.589144
0.459842	-0.591092
0.46049	-0.592967
0.461382	-0.594551
0.462748	-0.596204
0.463853	-0.597496
0.465215	-0.598731
0.466513	-0.599884
0.467855	-0.600793
0.469204	-0.601501
0.470385	-0.602507
0.470823	-0.603872
0.47145	-0.605472
0.472567	-0.607361
0.473834	-0.609031
0.475085	-0.611287
0.475774	-0.613357
0.475767	-0.615808
0.475344	-0.618362
0.474081	-0.621394
0.472889	-0.624065
0.471549	-0.626225
0.470312	-0.628189
0.468794	-0.630159
0.467327	-0.632758
0.465968	-0.635614
0.464575	-0.638309
0.463266	-0.640671
0.462308	-0.643178
0.461448	-0.645421
0.460809	-0.648351
0.460079	-0.651157
0.459421	-0.65421
0.458735	-0.657039
0.458159	-0.66014
0.457653	-0.662922
0.457612	-0.666237
0.457602	-0.669054
0.4577	-0.671383
0.457588	-0.673359
0.456848	-0.675169
0.455664	-0.676676
0.454445	-0.678154
0.453193	-0.679354
0.451676	-0.680156
0.450153	-0.680941
0.448526	-0.682228
0.446812	-0.682826
0.445118	-0.684015
0.44318	-0.684762
0.441407	-0.685851
0.439749	-0.686896
0.438109	-0.687978
0.436367	-0.688745
0.43524	-0.689392
0.433176	-0.69062
0.431595	-0.691442
0.430416	-0.692235
0.429251	-0.693053
0.427955	-0.694018
0.426625	-0.695063
0.425103	-0.696494
0.42361	-0.697535
0.422119	-0.698548
0.420518	-0.699601
0.418518	-0.700503
0.416924	-0.700786
0.415369	-0.701556
0.413413	-0.701921
0.412567	-0.701946
0.411619	-0.702056
0.411292	-0.702781
0.410929	-0.703857
0.410503	-0.704828
0.410008	-0.70599
0.40883	-0.706255
0.407583	-0.706434
0.406244	-0.706567
0.403827	-0.707428
0.400518	-0.707981
0.397479	-0.708507
0.394785	-0.709022
0.392237	-0.708443
0.389887	-0.70785
0.387919	-0.707114
0.385343	-0.706345
0.382257	-0.705958
0.379406	-0.706469
0.377211	-0.70725
0.37497	-0.707722
0.372662	-0.707655
0.370679	-0.707826
0.369299	-0.707823
0.367839	-0.707254
0.366365	-0.706663
0.364978	-0.706554
0.363506	-0.707234
0.361742	-0.708239
0.360038	-0.709223
0.358498	-0.710287
0.357474	-0.711372
0.356065	-0.711977
0.354494	-0.712702
0.352985	-0.713363
0.350775	-0.714262
0.348574	-0.714885
0.346472	-0.715009
0.345128	-0.715019
0.343606	-0.715412
0.341916	-0.715677
0.341436	-0.716058
0.341118	-0.717079
0.340408	-0.71808
0.339249	-0.719649
0.338111	-0.722263
0.335997	-0.724007
0.333662	-0.725923
0.331708	-0.72764
0.329909	-0.729225
0.328807	-0.730884
0.327395	-0.733268
0.326209	-0.735469
0.325053	-0.737538
0.323946	-0.739387
0.322855	-0.741176
0.320798	-0.744108
0.318882	-0.746685
0.316866	-0.748809
0.314814	-0.750594
0.313063	-0.752874
0.311548	-0.755172
0.310332	-0.757365
0.309121	-0.759883
0.308083	-0.762036
0.307685	-0.764105
0.307473	-0.765774
0.30721	-0.76746
0.307013	-0.76919
0.306691	-0.770838
0.306191	-0.772262
0.305587	-0.773707
0.304847	-0.775284
0.304492	-0.777015
0.303801	-0.778697
0.303174	-0.78026
0.302123	-0.782044
0.301146	-0.783811
0.299871	-0.785559
0.298629	-0.787654
0.296977	-0.789844
0.295547	-0.792005
0.294204	-0.793799
0.293168	-0.795361
0.291888	-0.797644
0.291236	-0.798752
0.290565	-0.799805
0.289895	-0.800767
0.289504	-0.802527
0.289626	-0.804169
0.289895	-0.80563
0.290192	-0.807168
0.290724	-0.809025
0.291245	-0.810788
0.291507	-0.81257
0.291967	-0.815117
0.292025	-0.817493
0.292203	-0.819638
0.292237	-0.822755
0.292147	-0.825582
0.291628	-0.828158
0.291372	-0.830296
0.291082	-0.832248
0.29071	-0.834097
0.290196	-0.836405
0.289335	-0.838189
0.288481	-0.83948
0.286637	-0.841092
0.284702	-0.84306
0.281929	-0.844969
0.279048	-0.847548
0.27649	-0.850142
0.274129	-0.852464
0.271761	-0.85392
0.269284	-0.855781
0.267408	-0.857843
0.26562	-0.859654
0.263925	-0.861366
0.262522	-0.862063
0.260713	-0.862921
0.258575	-0.86387
0.256463	-0.864549
0.254509	-0.865206
0.253767	-0.86566
0.25309	-0.866092
0.252241	-0.866702
0.252209	-0.867151
0.251882	-0.867769
0.251469	-0.868619
0.250894	-0.869526
0.250479	-0.869536
0.249494	-0.868966
0.248354	-0.868281
0.247161	-0.866901
0.246075	-0.865612
0.244913	-0.864465
0.243719	-0.863219
0.242442	-0.862095
0.241432	-0.861282
0.240335	-0.859766
0.239507	-0.858378
0.238337	-0.858185
0.236984	-0.857297
0.236216	-0.855771
0.235455	-0.854288
0.233996	-0.853242
0.232713	-0.852116
0.231368	-0.850948
0.230015	-0.849826
0.228712	-0.848805
0.227173	-0.847612
0.226074	-0.846165
0.224825	-0.844659
0.223491	-0.843546
0.222547	-0.842589
0.221558	-0.841701
0.219914	-0.840206
0.218377	-0.838693
0.217124	-0.837246
0.215876	-0.835835
0.214815	-0.834512
0.213778	-0.833153
0.212898	-0.831682
0.211131	-0.830401
0.209443	-0.829187
0.208108	-0.828087
0.206674	-0.827037
0.205267	-0.825713
0.203913	-0.824414
0.202587	-0.823211
0.201234	-0.822052
0.199949	-0.8206
0.198694	-0.819216
0.197008	-0.817643
0.195343	-0.816398
0.193701	-0.815882
0.191552	-0.815625
0.189248	-0.81555
0.187055	-0.814866
0.185162	-0.814519
0.183282	-0.814062
0.181423	-0.813813
0.179633	-0.813566
0.177125	-0.812938
0.174636	-0.812762
0.17232	-0.812612
0.169733	-0.812335
0.166827	-0.811963
0.16418	-0.811516
0.161739	-0.811146
0.159667	-0.810493
0.157713	-0.810008
0.155827	-0.809532
0.154002	-0.809053
0.152238	-0.808767
0.150462	-0.808488
0.148725	-0.807957
0.147114	-0.807686
0.14476	-0.807665
0.142144	-0.807814
0.139651	-0.808193
0.137081	-0.809012
0.134599	-0.81029
0.132112	-0.811247
0.129818	-0.812128
0.127968	-0.813149
0.126501	-0.814388
0.124596	-0.816338
0.122995	-0.818487
0.121048	-0.82119
0.118951	-0.824183
0.117256	-0.826753
0.115711	-0.829291
0.11441	-0.831142
0.113165	-0.833052
0.111971	-0.834895
0.110889	-0.837183
0.110139	-0.839456
0.109452	-0.841544
0.108847	-0.843496
0.108253	-0.845344
0.10761	-0.847064
0.10696	-0.849048
0.106113	-0.851707
0.105101	-0.854202
0.104319	-0.856384
0.103851	-0.858857
0.103499	-0.861147
0.103682	-0.863069
0.104495	-0.865106
0.105235	-0.867109
0.105736	-0.869099
0.106288	-0.870983
0.106236	-0.872496
0.10595	-0.873964
0.105462	-0.875493
0.105038	-0.877055
0.104335	-0.878289
0.103512	-0.880065
0.10284	-0.881744
0.102205	-0.883787
0.101801	-0.885985
0.101247	-0.888194
0.100548	-0.890436
0.099745	-0.892435
0.0980573	-0.894253
0.0961593	-0.895961
0.0943239	-0.897518
0.0932844	-0.898299
0.0924291	-0.899425
0.0914678	-0.900803
0.0901371	-0.902127
0.0886743	-0.902913
0.0871897	-0.903652
0.0855164	-0.904303
0.0845132	-0.904721
0.0834134	-0.905333
0.0823678	-0.905798
0.0811881	-0.906176
0.0799406	-0.906603
0.0784528	-0.907065
0.0771771	-0.907051
0.0750628	-0.90714
0.0730106	-0.90731
0.0715	-0.90713
0.0700213	-0.906874
0.0680728	-0.906774
0.0661528	-0.906698
0.0642294	-0.90665
0.0621133	-0.905955
0.0598951	-0.905552
0.0580792	-0.90501
0.0560795	-0.904423
0.0542871	-0.903852
0.052719	-0.903206
0.0511875	-0.902594
0.0496656	-0.90198
0.0481047	-0.901308
0.0465399	-0.900338
0.0455489	-0.899093
0.0442339	-0.897828
0.042954	-0.896409
0.0422708	-0.895686
0.0413676	-0.894905
0.0400624	-0.894033
0.0390466	-0.893039
0.0377775	-0.892026
0.0363345	-0.890772
0.0347077	-0.889665
0.0333906	-0.888597
0.0320035	-0.887619
0.0306362	-0.886139
0.0286902	-0.885308
0.0265402	-0.884498
0.025065	-0.883339
0.023688	-0.882134
0.0216591	-0.880658
0.0196388	-0.879041
0.017858	-0.877039
0.0163355	-0.874434
0.0148139	-0.871918
0.0134825	-0.869643
0.012896	-0.868343
0.0121622	-0.866752
0.0115372	-0.865382
0.0107581	-0.864151
0.010024	-0.862965
0.00935432	-0.862199
0.00848511	-0.861385
0.00698531	-0.860808
0.00576314	-0.860252
0.00399931	-0.859361
0.00257455	-0.858723
0.00137446	-0.857817
-0.000675265	-0.857014
-0.00243493	-0.856106
-0.00356539	-0.854844
-0.0051105	-0.853442
-0.00540494	-0.852283
-0.00573087	-0.851018
-0.00657578	-0.850458
-0.00719165	-0.848893
-0.0080149	-0.847234
-0.00888287	-0.845647
-0.00922391	-0.84424
-0.00966009	-0.842425
-0.00999868	-0.840558
-0.0103776	-0.838766
-0.0108097	-0.837638
-0.010888	-0.835315
-0.010167	-0.833563
-0.0083598	-0.832025
-0.00678707	-0.830645
-0.00501233	-0.830397
-0.00375475	-0.829906
-0.00223145	-0.829239
-0.000822859	-0.828526
0.000632556	-0.827983
0.00197993	-0.82779
0.00287423	-0.827513
0.00411583	-0.827415
0.00556076	-0.826777
0.00717297	-0.826295
0.00841948	-0.825339
0.00994566	-0.824344
0.0111895	-0.823493
0.012539	-0.822681
0.0140047	-0.821435
0.015655	-0.819725
0.0178113	-0.817848
0.0200011	-0.815198
0.0225875	-0.812727
0.0253159	-0.810999
0.0277762	-0.809435
0.0294643	-0.807557
0.0309967	-0.805778
0.0319749	-0.804818
0.0330189	-0.803602
0.0327484	-0.80261
0.0324111	-0.801888
0.0318688	-0.800859
0.0312769	-0.799743
0.0303372	-0.799071
0.0289155	-0.79914
0.0271154	-0.799298
0.0251295	-0.799524
0.0238964	-0.80062
0.0227249	-0.80143
0.0212106	-0.802604
0.0197813	-0.803866
0.0179743	-0.805148
0.0166431	-0.806099
0.0152953	-0.806706
0.0139188	-0.807328
0.0124039	-0.807701
0.0109346	-0.807685
0.0100091	-0.80752
0.00960159	-0.807357
0.0089678	-0.807086
0.00757599	-0.806133
0.00553734	-0.804847
0.00354965	-0.803229
0.00161972	-0.801949
-0.000476036	-0.80085
-0.00219898	-0.799561
-0.00333377	-0.799026
-0.00456039	-0.79809
-0.00595935	-0.79779
-0.00686522	-0.797391
-0.00743018	-0.797064
-0.00833051	-0.796733
-0.00933598	-0.796312
-0.0104167	-0.796245
-0.0116837	-0.796119
-0.013581	-0.795529
-0.015351	-0.79451
-0.0177047	-0.793518
-0.0196086	-0.791923
-0.0214742	-0.790831
-0.0230772	-0.789656
-0.023568	-0.788767
-0.0237452	-0.787881
-0.0239045	-0.786829
-0.0241075	-0.785787
-0.0231015	-0.783827
-0.0221572	-0.782171
-0.0210639	-0.780567
-0.0203564	-0.778997
-0.0189183	-0.777703
-0.017008	-0.775555
-0.0153864	-0.773878
-0.0136173	-0.772284
-0.0120142	-0.770754
-0.0107237	-0.769084
-0.00957371	-0.7672
-0.0081413	-0.765744
-0.00685958	-0.764421
-0.00578674	-0.7632
-0.00380932	-0.76239
-0.00174366	-0.761811
7.27681e-05	-0.761409
0.0024441	-0.761425
0.00476357	-0.761591
0.00679277	-0.762219
0.00873819	-0.763234
0.0105196	-0.763906
0.0116266	-0.763999
0.0137176	-0.763648
0.0155938	-0.763686
0.0173582	-0.763972
0.0190491	-0.764717
0.0202838	-0.765386
0.0216248	-0.766152
0.0225956	-0.766763
0.0237709	-0.767119
0.0249228	-0.767549
0.0261179	-0.768245
0.028203	-0.769075
0.0301369	-0.769934
0.0323086	-0.77141
0.035216	-0.773706
0.0375357	-0.776166
0.0396771	-0.778287
0.0408974	-0.779429
0.04174	-0.780029
0.04287	-0.780537
0.0439977	-0.781628
0.0449184	-0.782932
0.0458397	-0.784557
0.0468249	-0.785735
0.0479843	-0.786282
0.0490536	-0.786886
0.0503359	-0.788034
0.0513238	-0.789395
0.0523248	-0.790761
0.0540019	-0.791397
0.0565045	-0.792472
0.0585641	-0.793503
0.0599117	-0.795256
0.0611481	-0.797026
0.0628244	-0.798727
0.0644054	-0.800584
0.0658506	-0.802031
0.0667563	-0.803486
0.0681801	-0.805141
0.0693436	-0.807214
0.0703188	-0.808968
0.0716511	-0.811706
0.0728698	-0.814189
0.0743468	-0.816095
0.0759971	-0.81834
0.0772795	-0.820557
0.078417	-0.822631
0.0799548	-0.823882
0.081378	-0.825021
0.0827293	-0.825618
0.0843029	-0.826295
0.0857675	-0.827218
0.0868963	-0.828149
0.0880026	-0.828965
0.0891855	-0.829841
0.0906111	-0.83071
0.091832	-0.831731
0.0925741	-0.832245
0.0928722	-0.83371
0.0930715	-0.835626
0.0929449	-0.838032
0.0923548	-0.840209
0.0919137	-0.841548
0.0913799	-0.843011
0.0898814	-0.84455
0.0883113	-0.845907
0.0866546	-0.847171
0.0851092	-0.848358
0.0834472	-0.849484
0.0823305	-0.850475
0.0815213	-0.850925
0.0810833	-0.851493
0.0808636	-0.852205
0.0803463	-0.853077
0.080369	-0.853913
0.0807177	-0.855233
0.080715	-0.857603
0.0802496	-0.859957
0.0798346	-0.862844
0.0789007	-0.865935
0.0779217	-0.868637
0.0773439	-0.87102
0.0767901	-0.873038
0.0765496	-0.874668
0.0761746	-0.876181
0.075944	-0.877544
0.0760707	-0.878691
0.0760759	-0.880393
0.075976	-0.881939
0.0757421	-0.883483
0.0755265	-0.88504
0.0752546	-0.886189
0.0746127	-0.887368
0.0738395	-0.888754
0.0731204	-0.890035
0.0722708	-0.891328
0.0716648	-0.89276
0.071037	-0.895101
0.0707912	-0.897064
0.0704428	-0.899082
0.0699673	-0.900551
0.0693007	-0.902126
0.0688862	-0.904452
0.0681745	-0.906758
0.0675459	-0.90889
0.0665543	-0.910202
0.0650781	-0.911241
0.0635423	-0.912344
0.0619629	-0.913493
0.0603903	-0.914666
0.0587101	-0.915784
0.0571082	-0.917375
0.0556867	-0.919498
0.0542912	-0.921127
0.0539171	-0.92301
0.0533523	-0.924644
0.0527221	-0.926292
0.0508174	-0.927534
0.049086	-0.928417
0.0471888	-0.929076
0.0450866	-0.929506
0.0434205	-0.929665
0.0418717	-0.930217
0.0401349	-0.930827
0.0384419	-0.931713
0.0363903	-0.933458
0.0347036	-0.93494
0.0326058	-0.936543
0.0307089	-0.937713
0.0288106	-0.938434
0.0273337	-0.939025
0.0255862	-0.940054
0.0241853	-0.94171
0.0227071	-0.943591
0.0213637	-0.945396
0.0196875	-0.947343
0.0180562	-0.949182
0.0165182	-0.950954
0.0150327	-0.952505
0.0134773	-0.95413
0.012011	-0.95619
0.0106676	-0.957647
0.00933013	-0.958695
0.00791065	-0.959335
0.00625791	-0.959511
0.00483918	-0.959694
0.00334522	-0.95988
0.00124098	-0.959714
-0.000954379	-0.959878
-0.00369274	-0.959893
-0.00586685	-0.959389
-0.00782451	-0.959152
-0.00950173	-0.95861
-0.0110707	-0.957908
-0.0126226	-0.957142
-0.0147703	-0.956422
-0.0168071	-0.955827
-0.0187047	-0.954938
-0.0198478	-0.954499
-0.0209591	-0.954309
-0.0220777	-0.953412
-0.0232077	-0.952453
-0.0241082	-0.951345
-0.0251561	-0.949874
-0.0262113	-0.949088
-0.0272443	-0.948194
-0.0280387	-0.94723
-0.0285952	-0.94636
-0.0293285	-0.946022
-0.0301373	-0.946425
-0.0310503	-0.947226
-0.0318003	-0.948048
-0.0327055	-0.948955
-0.0333113	-0.949699
-0.0339547	-0.950459
-0.0352327	-0.951542
-0.0365375	-0.952343
-0.0377068	-0.953082
-0.0393653	-0.953612
-0.0411394	-0.954429
-0.0424359	-0.955077
-0.0435573	-0.955639
-0.0442248	-0.956594
-0.0447315	-0.957701
-0.0452779	-0.958832
-0.0460138	-0.960061
-0.0466815	-0.961129
-0.0466674	-0.962482
-0.0470789	-0.963836
-0.0474033	-0.965395
-0.0477652	-0.966966
-0.0481379	-0.968436
-0.0482427	-0.969984
-0.048551	-0.972083
-0.0487661	-0.973468
-0.0492487	-0.974706
-0.0498139	-0.975632
-0.051155	-0.976891
-0.0530515	-0.97805
-0.0550829	-0.979015
-0.0566131	-0.979695
-0.058122	-0.980427
-0.0601406	-0.980944
-0.0620267	-0.981431
-0.0634399	-0.981794
-0.0646115	-0.983086
-0.0658833	-0.984299
-0.0673454	-0.985636
-0.069308	-0.987351
-0.0711585	-0.988516
-0.0728687	-0.989525
-0.0741926	-0.990316
-0.075007	-0.991315
-0.0759686	-0.992198
-0.0778295	-0.993888
-0.0794409	-0.994964
-0.0814048	-0.995971
-0.083076	-0.996606
-0.0851971	-0.996544
-0.0872549	-0.996557
-0.0892492	-0.996634
-0.0912135	-0.996687
-0.0930516	-0.996755
-0.0948216	-0.996735
-0.0965495	-0.996577
-0.0980781	-0.996476
-0.099771	-0.9963
-0.101129	-0.995717
-0.101531	-0.995421
-0.102126	-0.994528
-0.102703	-0.99314
-0.102949	-0.99194
-0.103029	-0.990649
-0.103081	-0.989336
-0.103083	-0.987986
-0.102955	-0.986833
-0.102642	-0.985492
-0.102347	-0.983997
-0.101145	-0.982941
-0.0989203	-0.981978
-0.0962759	-0.98128
-0.0941166	-0.980007
-0.0919099	-0.978192
-0.0898591	-0.976523
-0.0881004	-0.974443
-0.0863452	-0.97205
-0.0849083	-0.970179
-0.0839096	-0.969147
-0.0830463	-0.96764
-0.0822522	-0.967157
-0.0817369	-0.966498
-0.0815187	-0.965463
-0.0811605	-0.964784
-0.0804929	-0.964622
-0.0795079	-0.964179
-0.0781421	-0.963311
-0.07652	-0.962615
-0.0743726	-0.961027
-0.0723786	-0.95959
-0.0707556	-0.957848
-0.0685428	-0.955241
-0.066974	-0.953153
-0.0648565	-0.949873
-0.0629918	-0.94701
-0.0612811	-0.944388
-0.0596122	-0.942008
-0.0580634	-0.939789
-0.0558257	-0.937893
-0.0535432	-0.936303
-0.0512744	-0.934455
-0.0492996	-0.933248
-0.0471276	-0.932185
-0.0450032	-0.931387
-0.0427436	-0.930687
-0.0405579	-0.930002
-0.0387414	-0.929376
-0.0368963	-0.928509
-0.0358747	-0.927612
-0.0347316	-0.926839
-0.033633	-0.926498
-0.0323398	-0.926044
-0.030625	-0.924886
-0.0284842	-0.924062
-0.0271421	-0.923333
-0.0262505	-0.923868
-0.0252457	-0.924412
-0.0237675	-0.925109
-0.0221989	-0.925702
-0.0199459	-0.925655
-0.0180334	-0.925741
-0.0164152	-0.925822
-0.014303	-0.92562
-0.0125885	-0.925554
-0.011046	-0.925551
-0.00872968	-0.92556
-0.00727889	-0.925122
-0.00618535	-0.924835
-0.00511211	-0.92492
-0.00391014	-0.925023
-0.00288668	-0.92474
-0.00188935	-0.924449
-0.000819958	-0.923855
0.000651202	-0.923149
0.00212675	-0.922477
0.00341099	-0.921875
0.00489071	-0.920627
0.00608744	-0.91887
0.00732016	-0.917618
0.00891464	-0.916736
0.0107971	-0.915246
0.0120396	-0.913431
0.0133163	-0.911567
0.014783	-0.909861
0.0162089	-0.908252
0.0173865	-0.906939
0.0190617	-0.90562
0.0209666	-0.904751
0.023068	-0.903443
0.0249885	-0.902067
0.0270992	-0.901621
0.0285271	-0.901156
0.0302535	-0.900582
0.0319978	-0.900021
0.0336811	-0.899563
0.03549	-0.898914
0.0376319	-0.898673
0.0399768	-0.898224
0.0427285	-0.898247
0.0451244	-0.898611
0.0474265	-0.898995
0.0496475	-0.899178
0.0525442	-0.899318
0.0555304	-0.899063
0.0583503	-0.898975
0.0603993	-0.899053
0.0631629	-0.899574
0.0656422	-0.900065
0.0683772	-0.900862
0.070886	-0.901777
0.0730955	-0.902628
0.0751417	-0.903788
0.0770364	-0.904872
0.0782706	-0.90592
0.0795649	-0.906556
0.0807072	-0.907178
0.0820063	-0.907824
0.0829122	-0.908392
0.083848	-0.909063
0.0852122	-0.909601
0.0865525	-0.910206
0.0879866	-0.911025
0.089425	-0.911797
0.0909092	-0.912702
0.0926562	-0.913938
0.0944127	-0.914962
0.0960829	-0.916243
0.0975983	-0.917464
0.0987334	-0.918789
0.0999115	-0.920253
0.100853	-0.920594
0.101726	-0.921265
0.102506	-0.922205
0.103324	-0.922991
0.103634	-0.923732
0.103662	-0.924274
0.103877	-0.925681
0.104281	-0.92692
0.104022	-0.928483
0.104065	-0.93058
0.104054	-0.932655
0.104473	-0.933804
0.104857	-0.934945
0.105218	-0.936255
0.105536	-0.937326
0.10573	-0.938561
0.105924	-0.939839
0.106657	-0.940113
0.107138	-0.940168
0.108113	-0.940594
0.109219	-0.940761
0.110648	-0.939935
0.111963	-0.938901
0.113362	-0.937901
0.115168	-0.936935
0.116464	-0.935977
0.118263	-0.935098
0.11982	-0.934291
0.121315	-0.934124
0.123162	-0.934424
0.125048	-0.935044
0.12645	-0.935393
0.126977	-0.935456
0.127277	-0.935676
0.127766	-0.936042
0.128545	-0.936436
0.128809	-0.936352
0.129187	-0.935818
0.129811	-0.935389
0.13079	-0.934911
0.131258	-0.933686
0.131605	-0.933013
0.132255	-0.932238
0.13241	-0.931398
0.13169	-0.930802
0.131337	-0.930641
0.130695	-0.930392
0.131413	-0.92982
0.132366	-0.929654
0.133487	-0.930065
0.134706	-0.930575
0.135647	-0.930446
0.137078	-0.930503
0.138404	-0.930597
0.139306	-0.930527
0.13999	-0.930027
0.14083	-0.929482
0.141895	-0.928345
0.141486	-0.928035
0.140766	-0.927697
0.140242	-0.927245
0.139444	-0.92676
0.138175	-0.926246
0.136825	-0.925769
0.135723	-0.925598
0.13488	-0.92559
0.134025	-0.925558
0.13302	-0.925287
0.131673	-0.924834
0.1305	-0.924285
0.128504	-0.923452
0.126769	-0.923075
0.125249	-0.922145
0.123669	-0.921256
0.121969	-0.920154
0.120619	-0.919616
0.119142	-0.918994
0.117774	-0.917698
0.11534	-0.916341
0.11328	-0.914957
0.112335	-0.913004
0.11133	-0.911296
0.11002	-0.909197
0.10862	-0.907012
0.107061	-0.904748
0.105626	-0.902746
0.104193	-0.901369
0.10298	-0.900499
0.101487	-0.899799
0.0996436	-0.899106
0.0977671	-0.898427
0.0962523	-0.897643
0.0952509	-0.896685
0.0938502	-0.896111
0.0925787	-0.895418
0.0915129	-0.89476
0.0901639	-0.894084
0.0884491	-0.893199
0.0867774	-0.892643
0.0860154	-0.891674
0.0839917	-0.889998
0.0820483	-0.888518
0.080188	-0.887004
0.0784479	-0.885605
0.0767915	-0.884318
0.0758529	-0.882213
0.0754799	-0.879966
0.0753998	-0.877713
0.0754694	-0.875522
0.075544	-0.873005
0.0754434	-0.870593
0.0749927	-0.868129
0.0749322	-0.866081
0.0753907	-0.864316
0.0756622	-0.862448
0.0760533	-0.861224
0.0764504	-0.859995
0.0769645	-0.858746
0.0770568	-0.857731
0.0778318	-0.856974
0.0786713	-0.855921
0.0794205	-0.85409
0.0799485	-0.852516
0.0804585	-0.85094
0.0807562	-0.84975
0.0809086	-0.847757
0.0804597	-0.845682
0.0802954	-0.843766
0.0803245	-0.841863
0.0802909	-0.840157
0.0802452	-0.838568
0.0804501	-0.836655
0.0811216	-0.834432
0.081515	-0.832022
0.0827951	-0.828776
0.0839114	-0.825218
0.0849167	-0.822411
0.0858276	-0.819867
0.087402	-0.817496
0.0888359	-0.815351
0.0905142	-0.812985
0.0925768	-0.81083
0.0952304	-0.809182
0.0977472	-0.80771
0.0996906	-0.806019
0.101452	-0.804897
0.103536	-0.803941
0.10522	-0.802323
0.106629	-0.80077
0.107711	-0.799593
0.108927	-0.797676
0.110138	-0.796372
0.111344	-0.795155
0.112485	-0.793899
0.113599	-0.792737
0.114285	-0.791485
0.115087	-0.790705
0.115908	-0.789954
0.116902	-0.788884
0.117874	-0.78783
0.118859	-0.787085
0.119499	-0.786304
0.120056	-0.785506
0.120723	-0.783785
0.121307	-0.782266
0.121888	-0.780789
0.122451	-0.779356
0.123268	-0.777621
0.123435	-0.776635
0.12346	-0.775514
0.123456	-0.774605
0.123896	-0.773197
0.124343	-0.77174
0.124672	-0.769685
0.124912	-0.767471
0.125127	-0.765216
0.125326	-0.763084
0.125487	-0.760966
0.125712	-0.758557
0.126571	-0.757265
0.127584	-0.757047
0.128556	-0.757006
0.129195	-0.757172
0.130142	-0.757916
0.131593	-0.758672
0.131796	-0.759132
0.131994	-0.75994
0.132253	-0.760997
0.13309	-0.762339
0.133876	-0.763757
0.13456	-0.765102
0.135407	-0.766937
0.1365	-0.768515
0.137197	-0.770188
0.137443	-0.771639
0.137651	-0.773211
0.13742	-0.775321
0.136955	-0.777298
0.135993	-0.779102
0.135666	-0.780837
0.135201	-0.782482
0.13512	-0.783635
0.134236	-0.785253
0.133152	-0.786908
0.13176	-0.788571
0.130027	-0.790009
0.128367	-0.791521
0.126681	-0.792832
0.12524	-0.793441
0.123733	-0.794051
0.122052	-0.794493
0.121062	-0.794553
0.119814	-0.794482
0.118568	-0.794492
0.11732	-0.794625
0.115983	-0.794523
0.114412	-0.79433
0.112792	-0.794288
0.110765	-0.79446
0.108575	-0.793777
0.10667	-0.793122
0.104528	-0.792109
0.102531	-0.791206
0.100659	-0.790376
0.0986712	-0.789419
0.0967247	-0.789349
0.095314	-0.789156
0.0936177	-0.788756
0.092048	-0.78841
0.0902544	-0.787575
0.0889655	-0.787853
0.0873498	-0.78849
0.0858137	-0.78915
0.0843377	-0.789876
0.0825579	-0.790493
0.080963	-0.791199
0.0788491	-0.791983
0.0767974	-0.792962
0.0746901	-0.793953
0.0732959	-0.794459
0.071903	-0.794682
0.0704885	-0.795087
0.0691285	-0.795572
0.0683582	-0.796013
0.0674316	-0.796053
0.0663644	-0.796361
0.0651776	-0.796588
0.0639822	-0.796642
0.0626662	-0.796779
0.0620084	-0.796972
0.0611685	-0.797256
0.0601509	-0.797813
0.058923	-0.79853
0.0576172	-0.799435
0.0569228	-0.800123
0.056521	-0.800449
0.0559465	-0.801519
0.0552688	-0.803211
0.0545528	-0.804941
0.0538789	-0.806606
0.0531859	-0.808332
0.0528498	-0.810787
0.0527774	-0.812773
0.0524284	-0.814197
0.052005	-0.815689
0.0516244	-0.817096
0.0514017	-0.818368
0.0515341	-0.820267
0.0516526	-0.822123
0.0517343	-0.823912
0.0513931	-0.824783
0.0515139	-0.826961
0.0523174	-0.828544
0.0531287	-0.830035
0.0539817	-0.831429
0.0551639	-0.832005
0.0563922	-0.833118
0.0576543	-0.834196
0.0588008	-0.835336
0.0598626	-0.836962
0.0608317	-0.83853
0.0614696	-0.840349
0.0621033	-0.842168
0.0627602	-0.843611
0.062654	-0.844973
0.0625227	-0.846462
0.0623549	-0.848059
0.0622265	-0.849607
0.0615711	-0.851837
0.0611481	-0.854042
0.0613184	-0.856312
0.0617491	-0.858414
0.061519	-0.860408
0.0615327	-0.862322
0.0607629	-0.863981
0.059924	-0.866213
0.0591098	-0.868354
0.0580633	-0.870112
0.0571395	-0.871653
0.056542	-0.873188
0.0559959	-0.874829
0.0551621	-0.876301
0.0535252	-0.877611
0.0524119	-0.878599
0.0518129	-0.879119
0.0509081	-0.879493
0.0500378	-0.879882
0.0490915	-0.880325
0.0479603	-0.880875
0.0468219	-0.881605
0.0457586	-0.88246
0.0446446	-0.883429
0.0437403	-0.884581
0.042675	-0.885915
0.0416452	-0.887347
0.0406756	-0.888905
0.0392053	-0.890348
0.0369287	-0.892136
0.0353659	-0.894011
0.0338626	-0.895491
0.032538	-0.89677
0.031739	-0.898516
0.0303689	-0.900041
0.0290164	-0.901515
0.0278654	-0.902926
0.0269949	-0.904677
0.0259145	-0.906282
0.0249057	-0.907828
0.0237958	-0.909421
0.022505	-0.911358
0.020841	-0.91382
0.0192952	-0.916491
0.0179552	-0.918831
0.0167749	-0.921074
0.0155869	-0.922852
0.0146041	-0.924659
0.0134264	-0.926979
0.0123024	-0.928971
0.0112601	-0.930649
0.0100926	-0.932164
0.00848027	-0.933405
0.00705707	-0.934633
0.00528409	-0.935738
0.00352699	-0.936623
0.00274875	-0.937516
0.00226543	-0.939485
0.00186528	-0.940327
0.00114425	-0.941407
-0.000167489	-0.942952
-0.00128297	-0.944785
-0.00236887	-0.946807
-0.00395585	-0.94901
-0.00537184	-0.951305
-0.0066289	-0.953533
-0.00776037	-0.956218
-0.00870228	-0.958517
-0.00935917	-0.961307
-0.0104168	-0.963476
-0.0114809	-0.965588
-0.0123332	-0.967327
-0.0132786	-0.968767
-0.0143596	-0.970479
-0.0154242	-0.97213
-0.0168148	-0.974702
-0.0179373	-0.977191
-0.0184771	-0.979298
-0.0185715	-0.981793
-0.0190009	-0.983637
-0.0201462	-0.985886
-0.0211232	-0.988073
-0.0226882	-0.989889
-0.0237541	-0.991635
-0.0256055	-0.99229
-0.0272918	-0.992865
-0.029583	-0.994058
-0.0319692	-0.995007
-0.0342361	-0.995775
-0.0362409	-0.996756
-0.0380117	-0.99793
-0.0397963	-0.998891
-0.0413731	-0.999178
-0.0430471	-0.999613
-0.0448236	-0.999557
-0.0467333	-0.99956
-0.0482444	-0.999708
-0.0500238	-1.00015
-0.0517972	-1.00059
-0.0534973	-1.00077
-0.0551755	-1.00104
-0.0567127	-1.00157
-0.0583491	-1.00248
-0.0594973	-1.003
-0.060665	-1.00342
-0.0619327	-1.00386
-0.0631506	-1.00437
-0.0647748	-1.00425
-0.0663993	-1.00374
-0.0677322	-1.00306
-0.0690712	-1.0024
-0.0705544	-1.00147
-0.0721472	-1.00056
-0.073866	-0.999854
-0.0759165	-0.99893
-0.0777662	-0.997767
-0.0795018	-0.996554
-0.081516	-0.995483
-0.0833694	-0.994602
-0.0851262	-0.993398
-0.0868255	-0.99229
-0.0885654	-0.991713
-0.0902803	-0.991147
-0.0906681	-0.990313
-0.0914189	-0.988979
-0.0916388	-0.987447
-0.0913756	-0.985483
-0.0909086	-0.983707
-0.0906332	-0.981619
-0.0906267	-0.979271
-0.0901579	-0.976915
-0.0895865	-0.974731
-0.0890413	-0.972679
-0.087778	-0.969897
-0.0865736	-0.967425
-0.085522	-0.965095
-0.0843269	-0.962779
-0.0824993	-0.960671
-0.0806695	-0.958599
-0.0788364	-0.957069
-0.076907	-0.955954
-0.0751065	-0.954902
-0.0734868	-0.953836
-0.0720609	-0.952693
-0.0707695	-0.951451
-0.0692678	-0.94988
-0.0678364	-0.948369
-0.0664377	-0.946836
-0.0653817	-0.945372
-0.0636221	-0.944748
-0.0616481	-0.944549
-0.0593723	-0.944403
-0.0570064	-0.944186
-0.0545869	-0.943899
-0.0521322	-0.943561
-0.0501136	-0.943409
-0.0481315	-0.943301
-0.0453678	-0.943932
-0.0428239	-0.943277
-0.0404017	-0.942058
-0.0376258	-0.941676
-0.0350442	-0.94076
-0.0325875	-0.940692
-0.0296906	-0.94107
-0.0278586	-0.941531
-0.0252738	-0.941917
-0.023315	-0.94226
-0.0218312	-0.942163
-0.0198658	-0.941593
-0.018149	-0.940849
-0.0161367	-0.940688
-0.0139394	-0.940398
-0.0123941	-0.940146
-0.0111537	-0.939694
-0.010172	-0.939238
-0.00958886	-0.938769
-0.00898606	-0.938372
-0.00823464	-0.937944
-0.00758975	-0.937277
-0.00731791	-0.936824
-0.00687119	-0.93635
-0.00590461	-0.935497
-0.00493061	-0.934261
-0.00430232	-0.933061
-0.00397348	-0.932096
-0.00345063	-0.930748
-0.0031091	-0.929196
-0.0030263	-0.927138
-0.00295662	-0.925228
-0.00292913	-0.923499
-0.00351247	-0.921232
-0.00419668	-0.919302
-0.00472034	-0.917612
-0.00555985	-0.916259
-0.00644175	-0.91484
-0.00733748	-0.913064
-0.00830188	-0.910949
-0.00901212	-0.908976
-0.00983063	-0.907092
-0.0105563	-0.905518
-0.0110943	-0.903683
-0.0119103	-0.90222
-0.0127179	-0.90093
-0.013606	-0.899811
-0.0148134	-0.898674
-0.0162328	-0.897411
-0.0176557	-0.896085
-0.0190391	-0.894855
-0.0202285	-0.893723
-0.0215042	-0.892475
-0.0227663	-0.891245
-0.0246061	-0.890137
-0.0253744	-0.888684
-0.0260997	-0.887109
-0.0268954	-0.886088
-0.0278816	-0.884986
-0.028825	-0.884043
-0.0299602	-0.882725
-0.0311811	-0.881663
-0.0324633	-0.880581
-0.0330323	-0.880082
-0.033751	-0.879554
-0.0343666	-0.879024
-0.03569	-0.878241
-0.0372964	-0.876865
-0.038972	-0.875581
-0.0403929	-0.874092
-0.0415159	-0.872835
-0.0430108	-0.870577
-0.0438461	-0.868571
-0.0445313	-0.866585
-0.0451616	-0.864673
-0.045618	-0.862414
-0.0458313	-0.860607
-0.0459985	-0.858953
-0.0471449	-0.857779
-0.0484985	-0.857076
-0.0499725	-0.856448
-0.0519773	-0.855166
-0.0539866	-0.853925
-0.055909	-0.853428
-0.0575548	-0.852997
-0.0590553	-0.852504
-0.0604328	-0.851848
-0.0619617	-0.850831
-0.0634383	-0.850213
-0.065142	-0.850084
-0.0668228	-0.849963
-0.0684944	-0.849704
-0.0694255	-0.848966
-0.0715308	-0.848913
-0.0727277	-0.848741
-0.0736206	-0.848771
-0.0752561	-0.848354
-0.0768707	-0.847821
-0.078137	-0.847468
-0.0797421	-0.847465
-0.0812137	-0.846989
-0.0823123	-0.845695
-0.0833248	-0.844252
-0.0841103	-0.842298
-0.0846956	-0.840466
-0.0853836	-0.838152
-0.0861346	-0.836021
-0.0857356	-0.833987
-0.0856464	-0.832146
-0.0856178	-0.830192
-0.0854619	-0.828448
-0.0853044	-0.826835
-0.0852158	-0.825067
-0.0850356	-0.822934
-0.0849341	-0.820296
-0.0847684	-0.817778
-0.0845759	-0.815586
-0.0844312	-0.813509
-0.0844538	-0.811296
-0.0844824	-0.809494
-0.0845348	-0.807747
-0.0846371	-0.806425
-0.0844245	-0.804902
-0.0841051	-0.80343
-0.0838395	-0.801945
-0.0837614	-0.800387
-0.0829059	-0.799214
-0.0822914	-0.797978
-0.0810549	-0.796709
-0.0797304	-0.795594
-0.0792164	-0.79505
-0.0783562	-0.794993
-0.0771069	-0.795307
-0.0755273	-0.795873
-0.0741274	-0.796805
-0.0729495	-0.797682
-0.0720502	-0.798778
-0.0707472	-0.799952
-0.0693435	-0.801396
-0.0678229	-0.803204
-0.066399	-0.804915
-0.0649169	-0.806521
-0.0635266	-0.808399
-0.0622069	-0.810187
-0.0609166	-0.811694
-0.0597813	-0.812847
-0.0585801	-0.813884
-0.0575698	-0.814941
-0.0560819	-0.816613
-0.054391	-0.818161
-0.051772	-0.819277
-0.0491884	-0.820274
-0.0467564	-0.820929
-0.0441042	-0.821414
-0.0417577	-0.822046
-0.0398243	-0.822671
-0.0374333	-0.823798
-0.0351933	-0.825094
-0.0330717	-0.82602
-0.0318804	-0.827486
-0.0305423	-0.829135
-0.029122	-0.8307
-0.0277445	-0.832213
-0.02668	-0.833507
-0.0252932	-0.834936
-0.0237538	-0.836623
-0.0221259	-0.838404
-0.0203247	-0.839988
-0.0184843	-0.841872
-0.0161366	-0.844239
-0.0143505	-0.846419
-0.0134638	-0.848374
-0.0125711	-0.850233
-0.0120538	-0.851782
-0.011597	-0.85337
-0.0117425	-0.855236
-0.0121696	-0.856405
-0.013001	-0.858227
-0.0140648	-0.86006
-0.0151291	-0.861879
-0.0157128	-0.863947
-0.0160739	-0.867042
-0.0168005	-0.870061
-0.0179424	-0.872719
-0.0190582	-0.87497
-0.0199419	-0.877178
-0.0204073	-0.87811
-0.0205939	-0.878757
-0.0209542	-0.87981
-0.0214025	-0.881217
-0.0215388	-0.882675
-0.021775	-0.884001
-0.0221027	-0.885134
-0.0228433	-0.885916
-0.0240709	-0.886843
-0.0254928	-0.887889
-0.0272039	-0.888728
-0.0293861	-0.890428
-0.031247	-0.891843
-0.0331344	-0.893103
-0.0348294	-0.894181
-0.0366148	-0.895241
-0.0382751	-0.896158
-0.0397807	-0.89686
-0.0411526	-0.897473
-0.0421634	-0.898931
-0.043123	-0.90033
-0.0440824	-0.901884
-0.0453776	-0.903254
-0.0458554	-0.905667
-0.0468768	-0.908058
-0.0477617	-0.910353
-0.0483804	-0.911965
-0.0489613	-0.913555
-0.0488833	-0.915094
-0.0488164	-0.916427
-0.0489355	-0.917362
-0.0495167	-0.918557
-0.0498593	-0.919869
-0.0502229	-0.921332
-0.0514417	-0.923059
-0.0522381	-0.924822
-0.0527908	-0.926864
-0.0532216	-0.928755
-0.0536791	-0.930613
-0.0543436	-0.932625
-0.0548751	-0.934157
-0.0557248	-0.935225
-0.0564661	-0.93683
-0.057422	-0.938227
-0.0584506	-0.93963
-0.0590839	-0.941817
-0.0596199	-0.944197
-0.0599563	-0.946484
-0.059959	-0.949137
-0.0599878	-0.95155
-0.0599016	-0.953256
-0.059605	-0.954291
-0.059015	-0.955665
-0.0578965	-0.957006
-0.0566216	-0.958468
-0.0548198	-0.960531
-0.0530641	-0.962326
-0.0512975	-0.964024
-0.049547	-0.965995
-0.0472938	-0.968666
-0.0450303	-0.971257
-0.0425862	-0.973465
-0.0400919	-0.975327
-0.0376229	-0.976249
-0.0354496	-0.97702
-0.0331307	-0.977798
-0.0304605	-0.978783
-0.0278215	-0.979474
-0.0247877	-0.98008
-0.022622	-0.98123
-0.0206065	-0.982245
-0.0188699	-0.983286
-0.0176468	-0.984013
-0.0164386	-0.984696
-0.015202	-0.985688
-0.0138946	-0.986691
-0.0119714	-0.987415
-0.0104244	-0.987834
-0.00908699	-0.987807
-0.00802213	-0.987184
-0.0068607	-0.98608
-0.00538108	-0.985094
-0.00406752	-0.984194
-0.00237503	-0.983487
-0.00021106	-0.982272
0.00168574	-0.980752
0.0038415	-0.979193
0.00580874	-0.977608
0.00737657	-0.976038
0.0090401	-0.974805
0.0103961	-0.973788
0.0118264	-0.972042
0.0130896	-0.970049
0.0139713	-0.968048
0.0150095	-0.966391
0.0159931	-0.964773
0.0171135	-0.963251
0.0177693	-0.961976
0.0187557	-0.960704
0.0194412	-0.959432
0.020108	-0.958132
0.0211961	-0.956699
0.0222788	-0.954899
0.0232866	-0.953179
0.0244807	-0.951465
0.0256878	-0.949945
0.0261507	-0.948532
0.0264298	-0.947595
0.0267246	-0.946673
0.0268092	-0.945837
0.0270067	-0.944912
0.0272326	-0.942962
0.0274565	-0.94104
0.027649	-0.939164
0.0273497	-0.937267
0.0269005	-0.935437
0.0270873	-0.933333
0.0270207	-0.931036
0.0267656	-0.928867
0.0269974	-0.926365
0.0271764	-0.924048
0.0274483	-0.921434
0.0276272	-0.919126
0.0278117	-0.917018
0.0288114	-0.914363
0.0293186	-0.911589
0.0288482	-0.908855
0.0284759	-0.906173
0.0285218	-0.904181
0.0281009	-0.901695
0.027463	-0.899522
0.0265316	-0.897625
0.0255294	-0.895831
0.0252769	-0.89431
0.0250886	-0.894269
0.0246784	-0.894332
0.0235254	-0.893821
0.0223369	-0.893429
0.0213811	-0.893035
0.020387	-0.892809
0.0192133	-0.892613
0.0180764	-0.892493
0.0168634	-0.891753
0.0152199	-0.890968
0.0136468	-0.890266
0.0126365	-0.889251
0.0115821	-0.888225
0.0105251	-0.887358
0.00983945	-0.886781
0.00908991	-0.886035
0.00824901	-0.88545
0.00756642	-0.88483
0.0067757	-0.884184
0.00542514	-0.883037
0.00375529	-0.882022
0.00260807	-0.88108
0.00156415	-0.879698
0.000402855	-0.878539
-0.000303414	-0.87745
-0.00102839	-0.87628
-0.00217227	-0.875531
-0.0037106	-0.874967
-0.00506228	-0.874415
-0.00657103	-0.873761
-0.00884276	-0.873317
-0.0112427	-0.873019
-0.0148176	-0.872513
-0.0176378	-0.872693
-0.0197295	-0.872547
-0.0218921	-0.87228
-0.023981	-0.871841
-0.0260575	-0.871565
-0.0284236	-0.87146
-0.0303911	-0.871421
-0.0325424	-0.87113
-0.0342086	-0.870958
-0.0354034	-0.870249
-0.0364955	-0.869625
-0.0380769	-0.868924
-0.0396648	-0.868666
-0.0410775	-0.868473
-0.0425791	-0.868293
-0.0440942	-0.868193
-0.0453373	-0.867529
-0.04655	-0.866838
-0.0477448	-0.866344
-0.0490402	-0.865877
-0.0498713	-0.865379
-0.0517203	-0.86589
-0.0534563	-0.866115
-0.0555695	-0.866082
-0.0579317	-0.865606
-0.0597661	-0.865045
-0.0614683	-0.86438
-0.0629894	-0.864221
-0.0645734	-0.863878
-0.0658439	-0.864309
-0.0673383	-0.864767
-0.0681501	-0.865309
-0.06965	-0.865734
-0.0712788	-0.866324
-0.0729966	-0.866927
-0.0752276	-0.86764
-0.0785278	-0.868364
-0.0814766	-0.869043
-0.083683	-0.869613
-0.0852451	-0.869826
-0.0871868	-0.869825
-0.088968	-0.870359
-0.0906816	-0.870992
-0.0916357	-0.871793
-0.0926612	-0.872657
-0.0941027	-0.873915
-0.0962176	-0.874613
-0.0983191	-0.875238
-0.0996291	-0.875535
-0.101029	-0.875865
-0.10241	-0.876591
-0.103899	-0.878039
-0.105727	-0.879014
-0.107517	-0.879889
-0.108947	-0.880219
-0.110316	-0.880515
-0.112562	-0.881013
-0.114855	-0.88085
-0.116833	-0.88049
-0.118823	-0.880097
-0.120737	-0.880052
-0.12269	-0.88006
-0.123464	-0.880192
-0.124108	-0.880575
-0.124916	-0.881094
-0.125843	-0.880849
-0.12748	-0.880682
-0.129052	-0.88075
-0.131093	-0.881324
-0.132504	-0.882085
-0.133978	-0.883066
-0.135191	-0.88406
-0.136887	-0.884568
-0.13809	-0.886037
-0.139399	-0.887246
-0.140677	-0.888466
-0.142018	-0.889865
-0.143187	-0.891484
-0.145086	-0.893917
-0.146713	-0.895917
-0.148129	-0.897655
-0.149187	-0.899309
-0.151029	-0.900929
-0.152798	-0.901937
-0.154527	-0.903462
-0.15656	-0.904829
-0.158312	-0.906002
-0.159687	-0.907177
-0.161508	-0.908709
-0.163176	-0.909392
-0.164858	-0.910074
-0.165952	-0.910929
-0.166142	-0.912647
-0.166101	-0.914386
-0.165981	-0.916006
-0.166053	-0.917538
-0.165866	-0.91925
-0.166074	-0.92098
-0.166247	-0.922703
-0.166677	-0.924593
-0.167135	-0.926527
-0.167133	-0.927496
-0.16742	-0.928177
-0.167787	-0.928981
-0.168047	-0.930728
-0.168239	-0.932297
-0.168488	-0.933756
-0.169019	-0.934994
-0.169593	-0.936195
-0.170111	-0.937722
-0.170702	-0.939133
-0.17098	-0.94031
-0.171502	-0.941047
-0.17245	-0.942271
-0.173399	-0.943579
-0.174346	-0.944976
-0.17514	-0.946389
-0.176394	-0.947688
-0.177566	-0.948633
-0.178702	-0.949557
-0.179616	-0.95058
-0.180558	-0.951659
-0.18128	-0.952268
-0.182491	-0.952874
-0.184078	-0.953453
-0.185629	-0.95412
-0.186752	-0.955189
-0.187661	-0.956381
-0.188852	-0.957389
-0.19024	-0.958745
-0.191727	-0.959429
-0.193294	-0.960157
-0.195121	-0.961118
-0.196864	-0.962031
-0.198832	-0.9628
-0.201532	-0.963093
-0.204421	-0.962599
-0.207665	-0.961849
-0.210672	-0.961503
-0.213026	-0.961042
-0.215518	-0.96053
-0.217801	-0.96007
-0.220421	-0.960062
-0.222312	-0.95949
-0.224633	-0.958985
-0.226118	-0.959142
-0.227278	-0.959271
-0.228417	-0.960682
-0.229518	-0.962156
-0.230589	-0.963705
-0.231551	-0.965035
-0.231854	-0.966853
-0.23164	-0.968936
-0.231574	-0.971216
-0.231507	-0.973082
-0.231071	-0.975517
-0.230149	-0.977895
-0.229487	-0.980855
-0.228889	-0.983645
-0.228626	-0.985649
-0.229116	-0.988072
-0.229762	-0.990774
-0.23053	-0.993215
-0.231026	-0.995354
-0.231473	-0.997365
-0.231653	-0.999652
-0.232002	-1.00222
-0.232108	-1.00476
-0.232331	-1.00701
-0.232565	-1.00911
-0.232504	-1.01138
-0.232455	-1.01352
-0.232363	-1.0161
-0.232084	-1.01901
-0.232587	-1.02136
-0.233616	-1.02401
-0.234816	-1.02653
-0.235777	-1.02832
-0.236853	-1.02994
-0.23758	-1.03141
-0.238327	-1.03267
-0.239879	-1.03401
-0.241402	-1.03549
-0.242712	-1.03683
-0.243914	-1.03872
-0.245179	-1.04003
-0.246223	-1.041
-0.2473	-1.04242
-0.247727	-1.0432
-0.248321	-1.04402
-0.248364	-1.04375
-0.248281	-1.04335
-0.248146	-1.04277
-0.248021	-1.04196
-0.247878	-1.04096
-0.247668	-1.03985
-0.248142	-1.03932
-0.248617	-1.03877
-0.250016	-1.03746
-0.251343	-1.0363
-0.252708	-1.03519
-0.253565	-1.0335
-0.253697	-1.03186
-0.253283	-1.02962
-0.252713	-1.02723
-0.251869	-1.02466
-0.251076	-1.02234
-0.250389	-1.02024
-0.250179	-1.01832
-0.249786	-1.01647
-0.249448	-1.01475
-0.249182	-1.01317
-0.248534	-1.01137
-0.247905	-1.00967
-0.247356	-1.00842
-0.246939	-1.00672
-0.246793	-1.00452
-0.246643	-1.00244
-0.246458	-1.00037
-0.246218	-0.997521
-0.245938	-0.994933
-0.246335	-0.992644
-0.246515	-0.98967
-0.246538	-0.986733
-0.246859	-0.984384
-0.246231	-0.981848
-0.245644	-0.979554
-0.245081	-0.977236
-0.244705	-0.974912
-0.244169	-0.97269
-0.243929	-0.970103
-0.244121	-0.967159
-0.245258	-0.963985
-0.246401	-0.961344
-0.247642	-0.958933
-0.248796	-0.956678
-0.249827	-0.954655
-0.251051	-0.953017
-0.252495	-0.95195
-0.254467	-0.951085
-0.256444	-0.950561
-0.258352	-0.951154
-0.260309	-0.951744
-0.262578	-0.952642
-0.264798	-0.953214
-0.266419	-0.953813
-0.267556	-0.954106
-0.268589	-0.954064
-0.269842	-0.953788
-0.271136	-0.953508
-0.272206	-0.953777
-0.273016	-0.953565
-0.27527	-0.953718
-0.277745	-0.953807
-0.280748	-0.954815
-0.283435	-0.955687
-0.285982	-0.956417
-0.288632	-0.957293
-0.291061	-0.958101
-0.293316	-0.959093
-0.295349	-0.960008
-0.297229	-0.960524
-0.298849	-0.960066
-0.300511	-0.959277
-0.302457	-0.958357
-0.304065	-0.957565
-0.305557	-0.956408
-0.307172	-0.955208
-0.30899	-0.954344
-0.310632	-0.953186
-0.312279	-0.952098
-0.313188	-0.95129
-0.314033	-0.950084
-0.315157	-0.948977
-0.31574	-0.947685
-0.316359	-0.9464
-0.31649	-0.945688
-0.315948	-0.945329
-0.315273	-0.944855
-0.314556	-0.94355
-0.313575	-0.941569
-0.312962	-0.939726
-0.31236	-0.937968
-0.311059	-0.936272
-0.309898	-0.934736
-0.308662	-0.933882
-0.307386	-0.933405
-0.306188	-0.932941
-0.304963	-0.931951
-0.303653	-0.930896
-0.302382	-0.9299
-0.30125	-0.928942
-0.300303	-0.928648
-0.299496	-0.928509
-0.299412	-0.928466
-0.299473	-0.928438
-0.299745	-0.928348
-0.300614	-0.928085
-0.301736	-0.92785
-0.303209	-0.927262
-0.304953	-0.927441
-0.306518	-0.927359
-0.308631	-0.927218
-0.311	-0.927224
-0.313481	-0.927619
-0.31628	-0.928167
-0.318751	-0.92917
-0.320513	-0.930472
-0.322262	-0.931788
-0.323867	-0.933228
-0.325065	-0.934627
-0.326802	-0.935297
-0.328458	-0.935306
-0.329903	-0.935281
-0.331714	-0.935452
-0.33369	-0.936152
-0.335043	-0.937693
-0.336123	-0.939755
-0.337377	-0.940801
-0.338276	-0.941766
-0.338794	-0.942871
-0.339249	-0.944032
-0.339419	-0.945156
-0.339448	-0.946382
-0.338772	-0.946976
-0.337973	-0.947692
-0.337226	-0.948637
-0.336745	-0.949249
-0.336085	-0.950087
-0.335368	-0.950833
-0.33454	-0.951601
-0.332569	-0.951776
-0.330456	-0.951887
-0.328296	-0.952075
-0.326332	-0.952688
-0.324146	-0.952926
-0.321976	-0.953182
-0.319389	-0.953018
-0.317061	-0.953261
-0.314967	-0.95351
-0.313336	-0.953971
-0.311866	-0.954539
-0.310175	-0.95516
-0.309242	-0.955626
-0.30814	-0.956231
-0.307103	-0.956696
-0.306601	-0.957745
-0.306299	-0.958745
-0.305987	-0.959991
-0.305878	-0.961138
-0.306298	-0.961782
-0.307347	-0.962679
-0.308699	-0.963675
-0.310197	-0.964652
-0.312016	-0.965792
-0.313936	-0.966833
-0.316135	-0.96782
-0.318052	-0.969386
-0.319937	-0.97076
-0.321494	-0.971863
-0.32268	-0.972178
-0.324517	-0.972
-0.326208	-0.971812
-0.327291	-0.971906
-0.328873	-0.972612
-0.330426	-0.973789
-0.331523	-0.975579
-0.332564	-0.977457
-0.332798	-0.979199
-0.33197	-0.982067
-0.33145	-0.984379
-0.331047	-0.986599
-0.330683	-0.988777
-0.32982	-0.990818
-0.329462	-0.992397
-0.329409	-0.993773
-0.329594	-0.994958
-0.328833	-0.995594
-0.32703	-0.996337
-0.324335	-0.997406
-0.321624	-0.998459
-0.319128	-0.999193
-0.316418	-0.99969
-0.313927	-1.00017
-0.312407	-1.00109
-0.310969	-1.00201
-0.309958	-1.00268
-0.308895	-1.00336
-0.307491	-1.00437
-0.306638	-1.00566
-0.305392	-1.00697
-0.304565	-1.00875
-0.303482	-1.01002
-0.302432	-1.0112
-0.301423	-1.01263
-0.30025	-1.01411
-0.298827	-1.01546
-0.296668	-1.01628
-0.294602	-1.01737
-0.292676	-1.01898
-0.291273	-1.02067
-0.289822	-1.02244
-0.288593	-1.02439
-0.287401	-1.02604
-0.286194	-1.02817
-0.284999	-1.03025
-0.283841	-1.03225
-0.282683	-1.0338
-0.281464	-1.0356
-0.280589	-1.03764
-0.279242	-1.03987
-0.278471	-1.04166
-0.277553	-1.04296
-0.275984	-1.0437
-0.274456	-1.0441
-0.272401	-1.04471
-0.270417	-1.04558
-0.26852	-1.04637
-0.266667	-1.04703
-0.265027	-1.04819
-0.263469	-1.04876
-0.261958	-1.04989
-0.260151	-1.05144
-0.258389	-1.05268
-0.256638	-1.05386
-0.255451	-1.05502
-0.253765	-1.05664
-0.252226	-1.05808
-0.250869	-1.05943
-0.24991	-1.06067
-0.248878	-1.06183
-0.247679	-1.06286
-0.246157	-1.06369
-0.244661	-1.06496
-0.242666	-1.06684
-0.241048	-1.06876
-0.238712	-1.06991
-0.236414	-1.071
-0.234487	-1.07281
-0.232715	-1.07485
-0.231113	-1.07578
-0.229246	-1.07669
-0.227624	-1.07734
-0.226604	-1.07751
-0.225494	-1.0775
-0.22492	-1.07793
-0.224271	-1.07861
-0.223644	-1.07973
-0.222477	-1.08062
-0.220882	-1.08175
-0.219167	-1.08269
-0.21799	-1.08433
-0.216787	-1.08619
-0.216076	-1.08824
-0.215463	-1.09039
-0.215382	-1.09154
-0.215907	-1.09292
-0.216155	-1.09382
-0.217133	-1.09501
-0.218103	-1.09663
-0.218994	-1.09739
-0.220098	-1.09865
-0.22119	-1.09924
-0.221987	-1.09935
-0.222948	-1.09949
-0.223886	-1.09982
-0.224338	-1.09975
-0.225345	-1.09899
-0.226472	-1.09864
-0.227992	-1.09827
-0.2296	-1.09802
-0.231106	-1.0975
-0.232846	-1.09661
-0.234478	-1.09561
-0.236192	-1.09365
-0.237423	-1.09185
-0.237897	-1.09027
-0.238431	-1.08845
-0.238816	-1.08761
-0.239332	-1.08685
-0.239968	-1.08595
-0.240178	-1.08502
-0.240435	-1.08385
-0.240579	-1.08217
-0.239874	-1.08013
-0.238936	-1.0785
-0.237362	-1.07629
-0.235838	-1.07411
-0.233988	-1.07247
-0.232169	-1.07125
-0.230149	-1.07035
-0.228157	-1.06962
-0.225665	-1.06868
-0.223123	-1.06824
-0.220143	-1.06771
-0.216993	-1.06689
-0.214117	-1.06611
-0.211374	-1.06531
-0.207494	-1.06465
-0.204023	-1.06399
-0.200317	-1.06334
-0.197021	-1.06271
-0.194271	-1.0625
-0.192092	-1.06145
-0.190454	-1.0602
-0.188177	-1.0587
-0.186323	-1.05745
-0.183748	-1.05672
-0.180646	-1.05625
-0.177997	-1.05568
-0.175233	-1.05515
-0.172336	-1.05458
-0.169553	-1.05429
-0.166892	-1.05406
-0.164104	-1.05351
-0.16134	-1.05249
-0.158641	-1.05142
-0.155696	-1.05133
-0.152256	-1.05128
-0.148929	-1.05173
-0.146196	-1.05238
-0.143694	-1.05323
-0.14112	-1.05271
-0.138774	-1.0531
-0.136521	-1.05346
-0.133745	-1.05337
-0.131266	-1.05344
-0.128577	-1.05344
-0.12633	-1.05369
-0.124049	-1.05402
-0.121888	-1.05437
-0.11983	-1.05502
-0.118047	-1.055
-0.116499	-1.05497
-0.114913	-1.05482
-0.113155	-1.05477
-0.111453	-1.05525
-0.109061	-1.05521
-0.106902	-1.05529
-0.104979	-1.05533
-0.103124	-1.05533
-0.101048	-1.05552
-0.0992006	-1.0556
-0.0971518	-1.05566
-0.0944399	-1.05618
-0.0914587	-1.05654
-0.0882561	-1.05692
-0.0853585	-1.05747
-0.0827622	-1.05823
-0.0807051	-1.05888
-0.078969	-1.05956
-0.0772969	-1.06025
-0.0762466	-1.06105
-0.0752892	-1.06172
-0.0735768	-1.06172
-0.0722948	-1.06212
-0.0716422	-1.0627
-0.0709082	-1.06339
-0.0703862	-1.06452
-0.0699786	-1.06554
-0.0690935	-1.0662
-0.0680258	-1.06591
-0.0665157	-1.0664
-0.0650014	-1.06688
-0.0645217	-1.06786
-0.062558	-1.06834
-0.0609345	-1.0694
-0.0592968	-1.07128
-0.0577798	-1.07299
-0.0558379	-1.07529
-0.0540678	-1.07729
-0.0527404	-1.07842
-0.0515753	-1.07937
-0.0504727	-1.0802
-0.0504075	-1.08106
-0.0497256	-1.08243
-0.0490619	-1.08466
-0.0483381	-1.08675
-0.0480465	-1.08833
-0.0486043	-1.0902
-0.0492512	-1.09215
-0.0498572	-1.09402
-0.0505621	-1.09577
-0.0516856	-1.09771
-0.0526269	-1.09962
-0.053746	-1.10055
-0.0546306	-1.10198
-0.0555083	-1.10372
-0.0563769	-1.10535
-0.057689	-1.10731
-0.0588823	-1.10919
-0.0594212	-1.11094
-0.0598343	-1.11298
-0.0603562	-1.115
-0.0603392	-1.11721
-0.0600304	-1.11916
-0.0596587	-1.12102
-0.0593073	-1.12277
-0.0593576	-1.1246
-0.0595855	-1.12635
-0.0602072	-1.12789
-0.0601869	-1.13
-0.0600868	-1.13187
-0.0598283	-1.13364
-0.060059	-1.13521
-0.0604723	-1.13649
-0.0607163	-1.13764
-0.0607947	-1.13799
-0.0610653	-1.13904
-0.061958	-1.14046
-0.0629103	-1.14199
-0.0645032	-1.1435
-0.0658229	-1.14485
-0.0670446	-1.14699
-0.0680841	-1.14919
-0.0687562	-1.15169
-0.0694829	-1.15399
-0.0697714	-1.15626
-0.0709444	-1.1584
-0.0720269	-1.16037
-0.0732774	-1.16244
-0.0744361	-1.16432
-0.0755703	-1.16596
-0.0763112	-1.16754
-0.0777201	-1.16911
-0.0791565	-1.1708
-0.0803838	-1.1722
-0.0812612	-1.17389
-0.0829313	-1.17538
-0.0834012	-1.177
-0.0837661	-1.17857
-0.0839584	-1.18066
-0.0841949	-1.18274
-0.0843539	-1.18548
-0.0849543	-1.18758
-0.0854667	-1.18969
-0.0862905	-1.19103
-0.0872303	-1.19227
-0.0878694	-1.19319
-0.0889173	-1.19481
-0.0897025	-1.19664
-0.0901029	-1.19885
-0.0905211	-1.20049
-0.0900554	-1.20215
-0.0901295	-1.20324
-0.0903132	-1.20461
-0.0903455	-1.20596
-0.0896492	-1.20773
-0.0883292	-1.20978
-0.087238	-1.21201
-0.0867702	-1.21353
-0.086452	-1.21525
-0.0861037	-1.21698
-0.0851382	-1.21836
-0.0841615	-1.21974
-0.083368	-1.22101
-0.082794	-1.22271
-0.081156	-1.22447
-0.0794954	-1.2263
-0.0779956	-1.22806
-0.0764668	-1.22986
-0.0748891	-1.23145
-0.0732253	-1.23307
-0.0717231	-1.23494
-0.0703952	-1.23672
-0.0692799	-1.2382
-0.0681797	-1.23965
-0.0672271	-1.24069
-0.0668649	-1.24126
-0.0664903	-1.24199
-0.0668153	-1.24314
-0.0678595	-1.2441
-0.0689603	-1.24505
-0.0700269	-1.24591
-0.0712267	-1.24648
-0.0727745	-1.24708
-0.0732409	-1.2475
-0.0725799	-1.24879
-0.0722486	-1.25048
-0.0718582	-1.25225
-0.0715444	-1.25411
-0.0712538	-1.2559
-0.0707293	-1.25731
-0.0700973	-1.25863
-0.0697782	-1.26004
-0.0694487	-1.26148
-0.0691368	-1.26266
-0.0688358	-1.2639
-0.0683589	-1.26554
-0.0676132	-1.26725
-0.0670832	-1.26864
-0.0664679	-1.26916
-0.0656584	-1.26961
-0.0643061	-1.26995
-0.0629634	-1.2703
-0.0617048	-1.27077
-0.060821	-1.27104
-0.0598182	-1.27138
-0.0587767	-1.27179
-0.0572905	-1.27235
-0.0557406	-1.27253
-0.0538871	-1.27274
-0.051773	-1.27312
-0.0497792	-1.27368
-0.0480392	-1.27445
-0.0471092	-1.27566
-0.0461228	-1.27713
-0.0459638	-1.27881
-0.0462163	-1.28129
-0.0467454	-1.28325
-0.0475749	-1.28531
-0.0479102	-1.28646
-0.0479659	-1.28804
-0.0481549	-1.28971
-0.0486512	-1.29178
-0.0488815	-1.29379
-0.0500124	-1.29559
-0.0512725	-1.29764
-0.0528697	-1.30028
-0.0533349	-1.30243
-0.0540019	-1.3043
-0.0550855	-1.30633
-0.0557523	-1.30798
-0.0562368	-1.30931
-0.0567176	-1.31058
-0.0572101	-1.31176
-0.0582217	-1.31368
-0.0591881	-1.31554
-0.0600436	-1.31764
-0.0611997	-1.31965
-0.0621496	-1.32186
-0.0628651	-1.3241
-0.0634936	-1.32629
-0.0643123	-1.32852
-0.0651059	-1.33073
-0.0659243	-1.33271
-0.0666042	-1.33532
-0.0669633	-1.33745
-0.067294	-1.33955
-0.0670621	-1.34092
-0.0669339	-1.34236
-0.0667812	-1.34367
-0.0652754	-1.34597
-0.0633466	-1.34754
-0.061521	-1.34889
-0.0595107	-1.34961
-0.0578596	-1.35035
-0.0561273	-1.35088
-0.0552674	-1.35134
-0.0544216	-1.35214
-0.0528677	-1.35376
-0.0514019	-1.35528
-0.0500671	-1.35675
-0.0486933	-1.35817
-0.0474279	-1.35962
-0.0457441	-1.36114
-0.0433244	-1.36297
-0.041031	-1.36489
-0.0386378	-1.36626
-0.0362945	-1.36734
-0.034024	-1.36828
-0.0320873	-1.36926
-0.0300107	-1.37035
-0.0280733	-1.3715
-0.0261521	-1.37247
-0.0242882	-1.37335
-0.0223049	-1.37372
-0.0208416	-1.37419
-0.0195477	-1.37473
-0.0185756	-1.37592
-0.0175691	-1.37695
-0.0164723	-1.37804
-0.0156877	-1.37978
-0.0155956	-1.38142
-0.0152301	-1.38377
-0.0149716	-1.3855
-0.0146678	-1.38724
-0.0142952	-1.38908
-0.0138961	-1.39075
-0.0131815	-1.39268
-0.0120082	-1.39481
-0.0110056	-1.3964
-0.00979335	-1.39804
-0.00846711	-1.39957
-0.00666797	-1.40089
-0.00521855	-1.40207
-0.00344628	-1.40359
-0.00186722	-1.40518
-0.00112241	-1.40652
-0.000417375	-1.4078
0.00110419	-1.4092
0.00215965	-1.41035
0.00328261	-1.41151
0.00426726	-1.41322
0.004987	-1.4145
0.00456427	-1.41597
0.00428971	-1.41761
0.00377585	-1.41956
0.00350352	-1.42195
0.00327219	-1.42437
0.00228891	-1.4262
0.0014695	-1.4284
0.000904725	-1.42997
0.000817885	-1.43169
0.000468928	-1.43347
0.000533604	-1.43482
-0.000238345	-1.43584
-0.000209212	-1.43652
-0.000545586	-1.43666
-0.000799714	-1.43709
-0.000923177	-1.43815
-0.00117754	-1.43939
-0.00240842	-1.4409
-0.00380079	-1.44208
-0.00567125	-1.44297
-0.00719451	-1.44398
-0.00877878	-1.44495
-0.0102356	-1.44579
-0.012042	-1.44687
-0.0127653	-1.44787
-0.0137022	-1.44892
-0.0146998	-1.45003
-0.0157328	-1.45113
-0.0163293	-1.45197
-0.0167543	-1.45272
-0.0172447	-1.45361
-0.0176649	-1.45405
-0.0182482	-1.45463
-0.0187199	-1.45555
-0.0193885	-1.45608
-0.0200641	-1.45676
-0.0207988	-1.45745
-0.0215629	-1.4584
-0.0222253	-1.45991
-0.0230599	-1.46172
-0.0246894	-1.46374
-0.0260833	-1.46633
-0.0277833	-1.46922
-0.0293987	-1.47186
-0.0299226	-1.4744
-0.0304102	-1.47677
-0.0306329	-1.47948
-0.0309426	-1.48153
-0.0315707	-1.48332
-0.0324365	-1.48546
-0.0331947	-1.4879
-0.0342423	-1.49011
-0.0350387	-1.49223
-0.0357734	-1.49435
-0.035778	-1.49742
-0.0363232	-1.50046
-0.0366886	-1.50247
-0.0367169	-1.5043
-0.0367618	-1.5061
-0.0372432	-1.50778
-0.0373477	-1.5089
-0.038175	-1.51016
-0.0395697	-1.51226
-0.0411624	-1.51427
-0.0425725	-1.51604
-0.0438852	-1.51767
-0.0452552	-1.51977
-0.0468872	-1.52134
-0.0476555	-1.52256
-0.0488293	-1.52373
-0.0501721	-1.52535
-0.0516747	-1.52683
-0.0533668	-1.52828
-0.0549956	-1.52964
-0.0566177	-1.53097
-0.0579768	-1.53203
-0.0590812	-1.53265
-0.0609571	-1.53333
-0.0627323	-1.53404
-0.064261	-1.53484
-0.0659812	-1.53526
-0.0684943	-1.53562
-0.0707277	-1.53626
-0.0725833	-1.537
-0.0741602	-1.53729
-0.074957	-1.53735
-0.0761845	-1.53785
-0.0772465	-1.53865
-0.0791052	-1.5398
-0.0806205	-1.54125
-0.0820929	-1.54272
-0.0835821	-1.54493
-0.0853622	-1.54635
-0.086017	-1.54809
-0.0866892	-1.54975
-0.0876182	-1.55143
-0.0890001	-1.55257
-0.0903562	-1.55364
-0.0916729	-1.55489
-0.0928496	-1.55607
-0.0943592	-1.55705
-0.0957952	-1.55831
-0.0973009	-1.55928
-0.0984563	-1.56007
-0.0997131	-1.56172
-0.100824	-1.56239
-0.101983	-1.56335
-0.103239	-1.56401
-0.104438	-1.56383
-0.105864	-1.56372
-0.107372	-1.5636
-0.109191	-1.5641
-0.111608	-1.56515
-0.114183	-1.56674
-0.116562	-1.5682
-0.118979	-1.56992
-0.121286	-1.57161
-0.123196	-1.57302
-0.124808	-1.57364
-0.126297	-1.57425
-0.128102	-1.57425
-0.130023	-1.57456
-0.132316	-1.57485
-0.13411	-1.57534
-0.135832	-1.57565
-0.137471	-1.57604
-0.139201	-1.57646
-0.140927	-1.5769
-0.142439	-1.57722
-0.144851	-1.57807
-0.146441	-1.57907
-0.148286	-1.58007
-0.150792	-1.58108
-0.153362	-1.58198
-0.155806	-1.58248
-0.157833	-1.58294
-0.159659	-1.58352
-0.161263	-1.58375
-0.162979	-1.58424
-0.164448	-1.58475
-0.165939	-1.58545
-0.167392	-1.58617
-0.169033	-1.58644
-0.170956	-1.58697
-0.172625	-1.58765
-0.1743	-1.58835
-0.175887	-1.58917
-0.177408	-1.58997
-0.178912	-1.59094
-0.180319	-1.59183
-0.182299	-1.5924
-0.184139	-1.59289
-0.186788	-1.59352
-0.189683	-1.59424
-0.192052	-1.59469
-0.194285	-1.59514
-0.195978	-1.59645
-0.197596	-1.59759
-0.199067	-1.59876
-0.200717	-1.59995
-0.202196	-1.60119
-0.203903	-1.60272
-0.206009	-1.6045
-0.208302	-1.60606
-0.210495	-1.60747
-0.212514	-1.60879
-0.213807	-1.61044
-0.215058	-1.61156
-0.216146	-1.613
-0.216978	-1.61444
-0.217842	-1.61535
-0.218002	-1.61585
-0.21807	-1.61685
-0.218254	-1.61799
-0.219285	-1.61903
-0.220464	-1.61939
-0.221422	-1.61998
-0.223348	-1.62068
-0.225424	-1.62133
-0.227643	-1.62216
-0.229236	-1.62347
-0.23064	-1.62469
-0.232077	-1.62559
-0.233858	-1.62678
-0.235544	-1.62797
-0.237643	-1.62857
-0.239205	-1.62855
-0.241174	-1.62828
-0.243052	-1.628
-0.245114	-1.62819
-0.246638	-1.62814
-0.248364	-1.62835
-0.249808	-1.62887
-0.251345	-1.62942
-0.25264	-1.62976
-0.254023	-1.63006
-0.255836	-1.63031
-0.257415	-1.63065
-0.258383	-1.63155
-0.259871	-1.63209
-0.26097	-1.63346
-0.262142	-1.63474
-0.263847	-1.63604
-0.265645	-1.63696
-0.26729	-1.63787
-0.268486	-1.63761
-0.269757	-1.63731
-0.270814	-1.63625
-0.27206	-1.63508
-0.273336	-1.63354
-0.275127	-1.63176
-0.276631	-1.63079
-0.278078	-1.62986
-0.279419	-1.62893
-0.28085	-1.62824
-0.282406	-1.62752
-0.284078	-1.62701
-0.285818	-1.6264
-0.287316	-1.62571
-0.289151	-1.62501
-0.290941	-1.62453
-0.292674	-1.6241
-0.294296	-1.62381
-0.295757	-1.62404
-0.29664	-1.62456
-0.297171	-1.62465
-0.29806	-1.62408
-0.299044	-1.62374
-0.300175	-1.62324
-0.301404	-1.6224
-0.302203	-1.62093
-0.302983	-1.61948
-0.303677	-1.61829
-0.304658	-1.61681
-0.306361	-1.61439
-0.30731	-1.61241
-0.308134	-1.61072
-0.308738	-1.60893
-0.308908	-1.60718
-0.308849	-1.60561
-0.309277	-1.60403
-0.309472	-1.60266
-0.309427	-1.60125
-0.309434	-1.59991
-0.308844	-1.5976
-0.308601	-1.59553
-0.308368	-1.59344
-0.308226	-1.59131
-0.308125	-1.58952
-0.307841	-1.58775
-0.307567	-1.58602
-0.307137	-1.58344
-0.306706	-1.58096
-0.307021	-1.57879
-0.306992	-1.57723
-0.306971	-1.57566
-0.306273	-1.57396
-0.304862	-1.57247
-0.303782	-1.5711
-0.302932	-1.56986
-0.302414	-1.56871
-0.301325	-1.56795
-0.300505	-1.56687
-0.29925	-1.56553
-0.298066	-1.56434
-0.296973	-1.5633
-0.296125	-1.5625
-0.295176	-1.56158
-0.294303	-1.56038
-0.293691	-1.55852
-0.293113	-1.55551
-0.293374	-1.55227
-0.292836	-1.54861
-0.291944	-1.54484
-0.290505	-1.54145
-0.289314	-1.53845
-0.28822	-1.53571
-0.28713	-1.53338
-0.286104	-1.53109
-0.284607	-1.52819
-0.283313	-1.52521
-0.281264	-1.52231
-0.279444	-1.51961
-0.277843	-1.51754
-0.27633	-1.5156
-0.275126	-1.51403
-0.274175	-1.51241
-0.273589	-1.51155
-0.272759	-1.51028
-0.271871	-1.50911
-0.271124	-1.50789
-0.270698	-1.50684
-0.270167	-1.50546
-0.270203	-1.50432
-0.269502	-1.5035
-0.268608	-1.50237
-0.267791	-1.5012
-0.266902	-1.50072
-0.265429	-1.50008
-0.264048	-1.49965
-0.262504	-1.49917
-0.260933	-1.49867
-0.260331	-1.4983
-0.259269	-1.49758
-0.258483	-1.49689
-0.257559	-1.49613
-0.256934	-1.49625
-0.255308	-1.49659
-0.253614	-1.49703
-0.25192	-1.49745
-0.250372	-1.49757
-0.248817	-1.49771
-0.24723	-1.49793
-0.246116	-1.49861
-0.246086	-1.499
-0.246241	-1.4998
-0.246387	-1.50074
-0.246637	-1.50255
-0.246308	-1.50446
-0.246225	-1.50632
-0.246193	-1.50847
-0.246248	-1.51042
-0.246516	-1.51176
-0.24695	-1.51315
-0.247188	-1.51483
-0.247239	-1.51636
-0.247748	-1.51816
-0.248079	-1.52066
-0.248344	-1.52285
-0.248296	-1.52495
-0.247662	-1.52655
-0.247161	-1.52785
-0.247349	-1.52928
-0.247721	-1.53054
-0.247846	-1.53213
-0.248115	-1.534
-0.248235	-1.53584
-0.24839	-1.53754
-0.248584	-1.53928
-0.248538	-1.54082
-0.249073	-1.54228
-0.248998	-1.5439
-0.248712	-1.54557
-0.248249	-1.54717
-0.247543	-1.54858
-0.247192	-1.5499
-0.24657	-1.55169
-0.246173	-1.55377
-0.245774	-1.5557
-0.245397	-1.55757
-0.244814	-1.55906
-0.244677	-1.56125
-0.244557	-1.56325
-0.244395	-1.56517
-0.244244	-1.56701
-0.24385	-1.56869
-0.243497	-1.57005
-0.243018	-1.57125
-0.242672	-1.57304
-0.242719	-1.57464
-0.242776	-1.57629
-0.242741	-1.57782
-0.243172	-1.57958
-0.243281	-1.58107
-0.242918	-1.58215
-0.242886	-1.58303
-0.243258	-1.58459
-0.244003	-1.58646
-0.244399	-1.58793
-0.244846	-1.5896
-0.245376	-1.59116
-0.246143	-1.59279
-0.247367	-1.59409
-0.248352	-1.5958
-0.248491	-1.59752
-0.247916	-1.59931
-0.247318	-1.60108
-0.246908	-1.60329
-0.246335	-1.60626
-0.245721	-1.60921
-0.245852	-1.61228
-0.245931	-1.61504
-0.245693	-1.61725
-0.24576	-1.61872
-0.245722	-1.61998
-0.245803	-1.62137
-0.246217	-1.62285
-0.246994	-1.62447
-0.248326	-1.62545
-0.250542	-1.62706
-0.252985	-1.6286
-0.255202	-1.62975
-0.257601	-1.63067
-0.259799	-1.63211
-0.261857	-1.63316
-0.264094	-1.63426
-0.265522	-1.63513
-0.266526	-1.63592
-0.267835	-1.63684
-0.269398	-1.63765
-0.271301	-1.63744
-0.273535	-1.63745
-0.275559	-1.63756
-0.277776	-1.63785
-0.280293	-1.63836
-0.282863	-1.639
-0.285422	-1.63947
-0.287754	-1.64049
-0.289995	-1.6415
-0.29227	-1.64235
-0.294467	-1.64378
-0.296344	-1.64504
-0.298537	-1.64696
-0.301151	-1.6495
-0.303515	-1.65173
-0.3057	-1.65365
-0.307702	-1.65527
-0.309419	-1.65632
-0.31107	-1.65713
-0.312871	-1.65861
-0.314226	-1.65975
-0.315321	-1.66139
-0.316413	-1.66368
-0.317131	-1.6658
-0.317546	-1.66745
-0.319211	-1.66902
-0.320695	-1.67047
-0.322283	-1.67148
-0.323834	-1.67238
-0.325497	-1.67428
-0.327187	-1.67598
-0.328697	-1.67737
-0.330191	-1.67875
-0.331702	-1.68
-0.333167	-1.68122
-0.334697	-1.68262
-0.335796	-1.68423
-0.336785	-1.68545
-0.337923	-1.68681
-0.339116	-1.68824
-0.340295	-1.68904
-0.341374	-1.69015
-0.342803	-1.69152
-0.344166	-1.6929
-0.346098	-1.69441
-0.347658	-1.69601
-0.349212	-1.69742
-0.350548	-1.69894
-0.351852	-1.70054
-0.35311	-1.7023
-0.353674	-1.70411
-0.354427	-1.70592
-0.35499	-1.7075
-0.355537	-1.70893
-0.356059	-1.71004
-0.356411	-1.71121
-0.357417	-1.71193
-0.358858	-1.71244
-0.360507	-1.71326
-0.362396	-1.71412
-0.363906	-1.71502
-0.365555	-1.716
-0.367678	-1.71694
-0.369768	-1.71814
-0.371536	-1.71927
-0.373493	-1.72041
-0.375433	-1.72153
-0.377229	-1.72245
-0.378715	-1.72349
-0.380115	-1.72441
-0.381131	-1.72536
-0.381788	-1.72666
-0.382199	-1.72802
-0.382526	-1.72935
-0.382968	-1.73085
-0.38321	-1.73289
-0.383432	-1.73489
-0.38416	-1.73584
-0.385584	-1.73619
-0.387056	-1.73662
-0.387769	-1.73785
-0.388248	-1.7388
-0.388744	-1.73962
-0.388987	-1.7409
-0.38935	-1.74226
-0.389813	-1.7437
-0.390426	-1.7456
-0.391044	-1.74744
-0.391642	-1.74919
-0.392615	-1.75084
-0.393352	-1.75246
-0.39406	-1.75407
-0.394717	-1.75574
-0.395671	-1.75746
-0.397012	-1.75906
-0.398359	-1.76065
-0.400017	-1.76217
-0.402274	-1.76396
-0.404962	-1.76548
-0.407746	-1.76715
-0.410744	-1.76797
-0.413511	-1.76866
-0.415939	-1.77003
-0.418191	-1.77132
-0.420186	-1.77246
-0.421832	-1.77392
-0.422904	-1.77509
-0.423935	-1.77644
-0.425455	-1.77755
-0.426946	-1.77863
-0.428782	-1.77996
-0.430583	-1.78106
-0.432163	-1.78159
-0.433709	-1.78244
-0.43526	-1.78333
-0.436473	-1.78412
-0.438002	-1.7844
-0.440083	-1.78468
-0.442636	-1.78473
-0.445274	-1.78435
-0.448424	-1.78396
-0.450946	-1.78286
-0.4526	-1.78199
-0.45398	-1.78108
-0.454745	-1.78065
-0.455856	-1.77991
-0.457439	-1.77833
-0.458914	-1.77702
-0.460386	-1.77577
-0.4623	-1.77453
-0.464128	-1.77322
-0.466306	-1.77236
-0.468601	-1.77145
-0.470524	-1.77083
-0.472311	-1.77006
-0.474295	-1.76949
-0.476242	-1.76894
-0.478109	-1.76829
-0.479846	-1.76735
-0.481446	-1.76656
-0.482807	-1.76584
-0.484108	-1.76557
-0.485798	-1.76539
-0.487752	-1.76507
-0.489864	-1.76473
-0.492007	-1.76507
-0.493914	-1.76576
-0.49478	-1.76749
-0.495635	-1.7694
-0.496422	-1.77115
-0.497185	-1.77285
-0.498296	-1.77442
-0.499071	-1.77644
-0.499879	-1.77826
-0.500552	-1.78024
-0.502603	-1.78197
-0.504188	-1.78405
-0.506127	-1.78658
-0.507527	-1.78899
-0.508767	-1.79111
-0.509935	-1.79262
-0.511239	-1.79426
-0.512436	-1.79582
-0.513501	-1.79713
-0.51457	-1.7981
-0.515876	-1.7992
-0.517533	-1.80041
-0.51941	-1.80167
-0.521126	-1.80279
-0.522988	-1.80435
-0.525164	-1.80631
-0.527054	-1.80796
-0.528993	-1.8095
-0.531099	-1.81145
-0.533105	-1.81298
-0.534825	-1.81401
-0.536317	-1.81505
-0.537439	-1.81664
-0.538479	-1.81812
-0.539657	-1.81937
-0.540848	-1.82064
-0.542271	-1.82221
-0.543072	-1.8235
-0.543387	-1.82497
-0.544363	-1.82654
-0.545693	-1.82769
-0.547174	-1.82844
-0.548561	-1.82887
-0.550376	-1.8286
-0.552126	-1.82804
-0.553609	-1.82741
-0.555208	-1.8268
-0.556863	-1.82622
-0.557993	-1.82537
-0.559226	-1.82453
-0.56045	-1.82357
-0.561703	-1.82257
-0.56306	-1.82204
-0.564325	-1.82169
-0.565647	-1.82132
-0.567666	-1.82125
-0.569486	-1.82181
-0.570915	-1.82206
-0.57289	-1.82223
-0.575341	-1.8218
-0.577747	-1.82124
-0.580957	-1.8206
-0.583906	-1.82027
-0.586911	-1.81974
-0.589429	-1.81932
-0.592045	-1.81868
-0.594617	-1.81858
-0.597688	-1.81955
-0.600477	-1.82042
-0.603115	-1.82124
-0.605569	-1.82209
-0.607844	-1.8228
-0.610372	-1.82359
-0.612574	-1.82426
-0.614735	-1.82487
-0.616826	-1.82619
-0.619029	-1.82669
-0.620787	-1.82735
-0.624049	-1.82778
-0.627617	-1.8283
-0.630431	-1.82915
-0.633527	-1.83045
-0.636242	-1.83258
-0.638709	-1.83459
-0.640844	-1.83638
-0.643312	-1.83789
-0.644862	-1.83963
-0.646044	-1.84138
-0.647314	-1.84352
-0.648109	-1.84571
-0.648968	-1.84792
-0.65003	-1.84938
-0.651955	-1.85135
-0.653627	-1.85335
-0.655338	-1.85515
-0.656936	-1.85682
-0.658658	-1.85859
-0.660262	-1.86027
-0.661777	-1.86154
-0.663272	-1.86276
-0.664737	-1.86388
-0.666103	-1.86487
-0.667463	-1.86581
-0.668806	-1.86652
-0.670955	-1.86752
-0.672669	-1.86824
-0.674879	-1.86909
-0.676949	-1.86992
-0.678904	-1.87072
-0.680783	-1.87176
-0.68306	-1.87208
-0.685027	-1.87257
-0.686738	-1.87312
-0.688298	-1.87329
-0.69005	-1.8739
-0.691599	-1.87412
-0.692869	-1.87454
-0.69422	-1.87502
-0.695564	-1.87574
-0.696521	-1.87759
-0.6973	-1.8796
-0.698081	-1.88154
-0.699231	-1.88351
-0.700335	-1.88539
-0.701865	-1.8866
-0.703924	-1.88727
-0.706356	-1.88863
-0.708507	-1.88983
-0.711682	-1.89161
-0.713941	-1.89307
-0.716053	-1.89395
-0.718017	-1.89483
-0.719648	-1.89593
-0.720974	-1.8975
-0.722571	-1.89958
-0.723926	-1.90297
-0.725229	-1.90624
-0.726832	-1.90956
-0.728325	-1.9127
-0.72969	-1.91602
-0.731113	-1.91905
-0.732338	-1.92169
-0.733468	-1.92442
-0.734784	-1.92726
-0.736081	-1.92999
-0.737281	-1.93251
-0.738623	-1.93425
-0.739981	-1.93588
-0.740801	-1.93762
-0.740766	-1.93857
-0.740927	-1.93984
-0.741875	-1.94108
-0.742616	-1.94248
-0.743316	-1.94394
-0.743794	-1.94539
-0.744322	-1.94662
-0.744901	-1.94789
-0.745744	-1.94937
-0.745803	-1.95085
-0.745943	-1.95231
-0.746115	-1.95381
-0.747311	-1.95447
-0.748501	-1.95512
-0.749783	-1.95518
-0.751364	-1.95522
-0.753419	-1.95538
-0.755051	-1.95599
-0.756335	-1.95668
-0.757121	-1.95705
-0.757525	-1.9573
-0.758399	-1.95762
-0.759606	-1.95809
-0.76077	-1.9582
-0.762359	-1.9583
-0.763463	-1.95778
-0.764127	-1.95686
-0.765003	-1.95582
-0.765775	-1.95485
-0.766832	-1.95381
-0.768146	-1.95301
-0.769362	-1.95201
-0.770622	-1.95105
-0.771867	-1.95027
-0.772952	-1.94966
-0.774075	-1.94887
-0.775309	-1.9486
-0.776393	-1.94836
-0.777571	-1.94811
-0.779044	-1.94712
-0.780454	-1.94613
-0.782553	-1.9455
-0.78435	-1.94453
-0.786163	-1.94286
-0.788475	-1.94179
-0.791745	-1.94141
-0.794691	-1.9409
-0.797231	-1.94026
-0.799484	-1.93896
-0.801096	-1.93813
-0.802683	-1.93728
-0.804259	-1.93614
-0.805643	-1.93441
-0.807515	-1.93246
-0.809244	-1.93069
-0.810973	-1.92878
-0.812781	-1.92712
-0.81481	-1.92554
-0.816565	-1.9243
-0.8188	-1.92327
-0.820282	-1.92287
-0.822366	-1.92222
-0.824352	-1.92155
-0.82595	-1.92116
-0.826936	-1.92176
-0.828139	-1.92258
-0.829645	-1.92269
-0.831481	-1.92254
-0.834438	-1.92271
-0.837447	-1.92242
-0.840147	-1.92223
-0.842798	-1.92186
-0.844895	-1.92148
-0.846837	-1.92112
-0.848682	-1.92076
-0.85051	-1.92064
-0.8526	-1.92034
-0.85454	-1.91974
-0.8568	-1.91899
-0.858874	-1.91813
-0.860856	-1.91821
-0.862863	-1.91788
-0.864727	-1.91724
-0.865972	-1.91645
-0.866318	-1.91516
-0.86684	-1.91386
-0.867645	-1.91272
-0.867432	-1.91213
-0.867156	-1.9115
-0.865834	-1.91077
-0.864733	-1.91006
-0.863518	-1.90931
-0.862204	-1.90798
-0.860933	-1.90663
-0.859655	-1.90554
-0.85896	-1.9042
-0.85803	-1.90261
-0.857324	-1.90103
-0.856667	-1.89933
-0.855949	-1.89765
-0.85541	-1.89632
-0.855195	-1.89489
-0.854789	-1.89365
-0.853527	-1.89301
-0.852216	-1.89244
-0.850753	-1.89205
-0.848917	-1.89179
-0.847588	-1.89123
-0.84626	-1.89068
-0.84479	-1.89
-0.84343	-1.8892
-0.841911	-1.88909
-0.840436	-1.88902
-0.839107	-1.88909
-0.836941	-1.8891
-0.834707	-1.88902
-0.832453	-1.88827
-0.830328	-1.88759
-0.828262	-1.88691
-0.826529	-1.88629
-0.824862	-1.88551
-0.823043	-1.88488
-0.821218	-1.88412
-0.818963	-1.88331
-0.816824	-1.88307
-0.814912	-1.88337
-0.813524	-1.88349
-0.811652	-1.88327
-0.809801	-1.8834
-0.808362	-1.88429
-0.806598	-1.88664
-0.804994	-1.88798
-0.80385	-1.88899
-0.802325	-1.8897
-0.80081	-1.89019
-0.799228	-1.8897
-0.797128	-1.88926
-0.794912	-1.88964
-0.792833	-1.88958
-0.790886	-1.88962
-0.788972	-1.88971
-0.786687	-1.88993
-0.78452	-1.89041
-0.782463	-1.89121
-0.780893	-1.89177
-0.778941	-1.89182
-0.77679	-1.89205
-0.774372	-1.89261
-0.771511	-1.89322
-0.769624	-1.89297
-0.767841	-1.89271
-0.766304	-1.89293
-0.76464	-1.89308
-0.762816	-1.89369
-0.760886	-1.89408
-0.759878	-1.89445
-0.758676	-1.89495
-0.757152	-1.89593
-0.755806	-1.89717
-0.754504	-1.89842
-0.752465	-1.89937
-0.750764	-1.8997
-0.749184	-1.90044
-0.747986	-1.90158
-0.746097	-1.90336
-0.744331	-1.90511
-0.742964	-1.90707
-0.741943	-1.9098
-0.740676	-1.91204
-0.738596	-1.91421
-0.736992	-1.91628
-0.735443	-1.91813
-0.734013	-1.91988
-0.732188	-1.92157
-0.730514	-1.92316
-0.729247	-1.92524
-0.728139	-1.92663
-0.72755	-1.92802
-0.727038	-1.92942
-0.725927	-1.9311
-0.724771	-1.93271
-0.723671	-1.93427
-0.72252	-1.93582
-0.720798	-1.93777
-0.719343	-1.93898
-0.719132	-1.94055
-0.718789	-1.94193
-0.718451	-1.94316
-0.718197	-1.94442
-0.718122	-1.94605
-0.71805	-1.94774
-0.717678	-1.94936
-0.717073	-1.95121
-0.716599	-1.95282
-0.715373	-1.95423
-0.713959	-1.95583
-0.712464	-1.9568
-0.710847	-1.95755
-0.709283	-1.95828
-0.70777	-1.95928
-0.705985	-1.96093
-0.70456	-1.96249
-0.703044	-1.96415
-0.701655	-1.96575
-0.701713	-1.96719
-0.702398	-1.96848
-0.703374	-1.96941
-0.70405	-1.97015
-0.70488	-1.9709
-0.705791	-1.97176
-0.707234	-1.97195
-0.708744	-1.9721
-0.710301	-1.97224
-0.711866	-1.97233
-0.71393	-1.97194
-0.71616	-1.97211
-0.718087	-1.9724
-0.720489	-1.97334
-0.72284	-1.97417
-0.724821	-1.97468
-0.727044	-1.97555
-0.729108	-1.97661
-0.730528	-1.977
-0.731561	-1.97726
-0.732719	-1.97757
-0.734019	-1.97752
-0.735626	-1.97697
-0.737252	-1.97643
-0.739198	-1.9756
-0.741204	-1.97481
-0.743313	-1.97388
-0.745198	-1.9726
-0.746054	-1.97068
-0.747074	-1.96872
-0.748143	-1.9668
-0.749001	-1.96552
-0.749097	-1.96405
-0.748864	-1.96232
-0.748534	-1.96052
-0.748015	-1.95878
-0.747639	-1.9569
-0.746775	-1.95475
-0.745313	-1.95236
-0.743304	-1.95052
-0.741218	-1.94868
-0.739071	-1.94663
-0.73693	-1.94504
-0.734938	-1.94362
-0.733154	-1.94191
-0.731502	-1.94033
-0.730043	-1.93884
-0.728761	-1.93754
-0.727773	-1.93605
-0.726767	-1.93462
-0.72665	-1.9332
-0.726653	-1.93182
-0.726256	-1.93033
-0.726022	-1.9296
-0.725515	-1.92852
-0.725057	-1.92748
-0.72429	-1.92546
-0.724063	-1.92345
-0.723938	-1.92172
-0.723761	-1.91989
-0.723345	-1.91754
-0.722954	-1.91537
-0.722625	-1.91344
-0.72231	-1.91134
-0.721468	-1.91025
-0.72068	-1.90946
-0.719797	-1.90765
-0.718528	-1.90565
-0.717383	-1.90372
-0.715737	-1.90194
-0.714209	-1.90028
-0.712818	-1.89874
-0.711083	-1.89852
-0.709734	-1.89836
-0.708482	-1.89773
-0.70707	-1.8965
-0.705497	-1.89601
-0.704001	-1.89548
-0.702524	-1.89434
-0.701486	-1.89375
-0.700612	-1.89335
-0.699664	-1.89331
-0.698606	-1.89324
-0.697475	-1.89328
-0.696812	-1.89298
-0.696066	-1.8927
-0.695413	-1.89285
-0.694479	-1.89298
-0.69341	-1.89379
-0.692122	-1.89463
-0.690117	-1.89545
-0.688149	-1.89612
-0.686271	-1.89693
-0.684742	-1.8976
-0.683049	-1.89789
-0.682143	-1.89798
-0.680458	-1.89779
-0.677717	-1.89729
-0.675049	-1.89691
-0.672461	-1.89601
-0.670082	-1.89523
-0.667796	-1.8943
-0.665449	-1.89297
-0.663283	-1.89167
-0.661161	-1.89047
-0.659253	-1.88943
-0.657853	-1.88868
-0.656247	-1.88806
-0.655418	-1.88748
-0.654328	-1.88664
-0.65326	-1.88541
-0.652095	-1.88484
-0.65091	-1.88457
-0.649669	-1.88445
-0.64801	-1.88381
-0.646177	-1.88317
-0.644259	-1.88238
-0.642719	-1.88149
-0.641074	-1.88038
-0.639001	-1.87921
-0.636978	-1.87842
-0.634963	-1.87782
-0.633472	-1.8776
-0.63143	-1.87758
-0.629462	-1.87754
-0.627138	-1.87717
-0.624162	-1.87721
-0.621847	-1.87739
-0.619326	-1.87769
-0.617046	-1.8779
-0.614824	-1.87809
-0.612959	-1.87831
-0.611162	-1.8785
-0.609461	-1.87874
-0.608027	-1.8794
-0.606243	-1.88051
-0.603938	-1.88208
-0.601554	-1.88323
-0.599281	-1.8844
-0.597484	-1.88515
-0.59641	-1.88533
-0.595232	-1.88538
-0.593423	-1.88556
-0.591598	-1.88575
-0.58978	-1.88604
-0.58854	-1.88649
-0.586871	-1.88647
-0.584941	-1.88659
-0.583137	-1.88649
-0.581455	-1.88633
-0.579004	-1.88616
-0.576481	-1.88605
-0.574124	-1.88592
-0.571698	-1.886
-0.569477	-1.8859
-0.567617	-1.88577
-0.565812	-1.88525
-0.563992	-1.88449
-0.561503	-1.88296
-0.558993	-1.88202
-0.555871	-1.88162
-0.552831	-1.88183
-0.55005	-1.88177
-0.547414	-1.88163
-0.544741	-1.88165
-0.542184	-1.8818
-0.540062	-1.88176
-0.537921	-1.88164
-0.536499	-1.88137
-0.535082	-1.88117
-0.533651	-1.88099
-0.532189	-1.88063
-0.530875	-1.88052
-0.529164	-1.88036
-0.527574	-1.88032
-0.52554	-1.88002
-0.523331	-1.87984
-0.521447	-1.87899
-0.519337	-1.87895
-0.516871	-1.87923
-0.51463	-1.87949
-0.512414	-1.87972
-0.509899	-1.87989
-0.50746	-1.88016
-0.50554	-1.88131
-0.504452	-1.88344
-0.502922	-1.88401
-0.501494	-1.88478
-0.499943	-1.88552
-0.498527	-1.88625
-0.497012	-1.88754
-0.495615	-1.88872
-0.494256	-1.88989
-0.492593	-1.89091
-0.490873	-1.89164
-0.488945	-1.8928
-0.487091	-1.8939
-0.48553	-1.895
-0.483654	-1.896
-0.481677	-1.89694
-0.479623	-1.89783
-0.477378	-1.89834
-0.47553	-1.89891
-0.474182	-1.89921
-0.472632	-1.8996
-0.471228	-1.90003
-0.468756	-1.90037
-0.46647	-1.9007
-0.465133	-1.90118
-0.463419	-1.90156
-0.461975	-1.90176
-0.460344	-1.90183
-0.458364	-1.90212
-0.456028	-1.9022
-0.454164	-1.90251
-0.452369	-1.90277
-0.450266	-1.90345
-0.448338	-1.90368
-0.446346	-1.90393
-0.444477	-1.90448
-0.442245	-1.90506
-0.44047	-1.90573
-0.43865	-1.90678
-0.436879	-1.90757
-0.435128	-1.90742
-0.433794	-1.90741
-0.432573	-1.90748
-0.43157	-1.90809
-0.430277	-1.90862
-0.42849	-1.90892
-0.426379	-1.90911
-0.424027	-1.90961
-0.421774	-1.91005
-0.419554	-1.91015
-0.417408	-1.91022
-0.414805	-1.91031
-0.412074	-1.91047
-0.409447	-1.9108
-0.406806	-1.91083
-0.405088	-1.91114
-0.403162	-1.91127
-0.401248	-1.91137
-0.39938	-1.91144
-0.398616	-1.91123
-0.39771	-1.91063
-0.39662	-1.90976
-0.395387	-1.90813
-0.394183	-1.90647
-0.392901	-1.90491
-0.391343	-1.90319
-0.38977	-1.90146
-0.389265	-1.90031
-0.389012	-1.89903
-0.388918	-1.89774
-0.388405	-1.89624
-0.387565	-1.89464
-0.386217	-1.89274
-0.384935	-1.89088
-0.383795	-1.88916
-0.382934	-1.88755
-0.381577	-1.88588
-0.380379	-1.88447
-0.379695	-1.88285
-0.378931	-1.88106
-0.377853	-1.87872
-0.376979	-1.87653
-0.376366	-1.87464
-0.375638	-1.87251
-0.374852	-1.87025
-0.374011	-1.86837
-0.373175	-1.86653
-0.372837	-1.86434
-0.372898	-1.86248
-0.372898	-1.86059
-0.373096	-1.85919
-0.373605	-1.85771
-0.37449	-1.85744
-0.374912	-1.85709
-0.375535	-1.85685
-0.376328	-1.85655
-0.37703	-1.85567
-0.377842	-1.85443
-0.378557	-1.85309
-0.379434	-1.8518
-0.380983	-1.85076
-0.381913	-1.84982
-0.38305	-1.84882
-0.384216	-1.84781
-0.385697	-1.84685
-0.386936	-1.84509
-0.388171	-1.84345
-0.388829	-1.84282
-0.390203	-1.84212
-0.391613	-1.84119
-0.392456	-1.83992
-0.39334	-1.83865
-0.394323	-1.83765
-0.396274	-1.83701
-0.397943	-1.83617
-0.399473	-1.83538
-0.400993	-1.83455
-0.402351	-1.83382
-0.403257	-1.83335
-0.404344	-1.83289
-0.405572	-1.83265
-0.406784	-1.83211
-0.406855	-1.83186
-0.407092	-1.8314
-0.407084	-1.83077
-0.406991	-1.83015
-0.406919	-1.82943
-0.406449	-1.82856
-0.405821	-1.82772
-0.40581	-1.82693
-0.40586	-1.82672
-0.406197	-1.82638
-0.40639	-1.82561
-0.406739	-1.82453
-0.407737	-1.82289
-0.408489	-1.82183
-0.408991	-1.82126
-0.409626	-1.82082
-0.410343	-1.8206
-0.411104	-1.82041
-0.412217	-1.81993
-0.414014	-1.82018
-0.415767	-1.81997
-0.417321	-1.81949
-0.42049	-1.81905
-0.423455	-1.81861
-0.427095	-1.8177
-0.430476	-1.81675
-0.43376	-1.81584
-0.436188	-1.81495
-0.438228	-1.81382
-0.440173	-1.81373
-0.442063	-1.81356
-0.443345	-1.81342
-0.444611	-1.81305
-0.445918	-1.8115
-0.447154	-1.80992
-0.448163	-1.80796
-0.448942	-1.80619
-0.449801	-1.80441
-0.450744	-1.80288
-0.451921	-1.80158
-0.453424	-1.80059
-0.454338	-1.79937
-0.455779	-1.79839
-0.456742	-1.79716
-0.457495	-1.79562
-0.458682	-1.79458
-0.459649	-1.79401
-0.460926	-1.79285
-0.462039	-1.79158
-0.463509	-1.79054
-0.465176	-1.7892
-0.466711	-1.78818
-0.468266	-1.78795
-0.469999	-1.78731
-0.47172	-1.78666
-0.473469	-1.78617
-0.47464	-1.78611
-0.475775	-1.78627
-0.476546	-1.78681
-0.477498	-1.78872
-0.478454	-1.79084
-0.479951	-1.79281
-0.481255	-1.79451
-0.482178	-1.79618
-0.483847	-1.7976
-0.485208	-1.79883
-0.486879	-1.79975
-0.488406	-1.80017
-0.48938	-1.80027
-0.490426	-1.80025
-0.491575	-1.80017
-0.49311	-1.80011
-0.494627	-1.80007
-0.496187	-1.79955
-0.49765	-1.79869
-0.499566	-1.79769
-0.501086	-1.7964
-0.502646	-1.79476
-0.503981	-1.79323
-0.505526	-1.7922
-0.506725	-1.79191
-0.507859	-1.7915
-0.508791	-1.79134
-0.509956	-1.79126
-0.511015	-1.79131
-0.512132	-1.79142
-0.513669	-1.79154
-0.515106	-1.79105
-0.516389	-1.79005
-0.517389	-1.78928
-0.518496	-1.78856
-0.518729	-1.78772
-0.518967	-1.78675
-0.519001	-1.78537
-0.519658	-1.78384
-0.5204	-1.78188
-0.521675	-1.77964
-0.522524	-1.77702
-0.523221	-1.77451
-0.523743	-1.7719
-0.524293	-1.76962
-0.524258	-1.76729
-0.523895	-1.76529
-0.523715	-1.76336
-0.523529	-1.76197
-0.523328	-1.76009
-0.522477	-1.75836
-0.52188	-1.75663
-0.521571	-1.75496
-0.521788	-1.7533
-0.522014	-1.75097
-0.522179	-1.74894
-0.521981	-1.74687
-0.522203	-1.74525
-0.522224	-1.74341
-0.521796	-1.74162
-0.520642	-1.74051
-0.519248	-1.7391
-0.517851	-1.73805
-0.516961	-1.73736
-0.515967	-1.73657
-0.514945	-1.73544
-0.513664	-1.73408
-0.51249	-1.73277
-0.511398	-1.73161
-0.51039	-1.73035
-0.509805	-1.72972
-0.509457	-1.7296
-0.508868	-1.72941
-0.507902	-1.72901
-0.506547	-1.72874
-0.505465	-1.72862
-0.504132	-1.72852
-0.502444	-1.729
-0.501292	-1.72923
-0.499147	-1.7286
-0.497389	-1.72897
-0.495619	-1.7293
