0.003924	0.00421035
0.00724946	0.00793217
0.0100652	0.0111632
0.0130125	0.0135929
0.0156533	0.0156496
0.0172017	0.0169804
0.0186772	0.0179875
0.0198596	0.0187463
0.0210976	0.0195185
0.0219852	0.0201489
0.0228525	0.0201888
0.023938	0.0194869
0.0251112	0.0190517
0.0261387	0.0182746
0.0272361	0.0179983
0.0274684	0.0175315
0.0275223	0.0164393
0.0273384	0.0146525
0.0259576	0.0131317
0.0242499	0.0112162
0.0222527	0.00896128
0.0197492	0.00662897
0.0174179	0.00385208
0.0150528	0.000917572
0.0128453	-0.00168294
0.0107836	-0.00322907
0.00861436	-0.00384815
0.00651761	-0.00413124
0.00448019	-0.0040037
0.00242361	-0.00363663
0.00043216	-0.00290745
-0.00195559	-0.00187413
-0.00397987	-0.00101208
-0.00602344	-0.00048408
-0.00795253	5.34275e-06
-0.00929138	0.000383992
-0.010194	0.000724806
-0.0108752	0.000925149
-0.0116055	0.00134655
-0.0120943	0.00169363
-0.0122731	0.00188072
-0.0120052	0.00202628
-0.0116779	0.0023972
-0.0109095	0.00312893
-0.0101078	0.00427832
-0.00898608	0.00560185
-0.00752721	0.00690821
-0.00582792	0.0082843
-0.00336357	0.00964046
-0.000703796	0.0109815
0.00261705	0.0125635
0.00491167	0.0136736
0.00596499	0.0151468
0.00655309	0.0162038
0.00735734	0.017202
0.00820402	0.0174317
0.00850159	0.0174066
0.00816161	0.0167854
0.0066295	0.0156975
0.00484026	0.0141071
0.00235526	0.0125293
-0.000461453	0.010309
-0.00258023	0.00835331
-0.00494111	0.00607593
-0.00621577	0.00430262
-0.00732871	0.00236247
-0.00770718	0.000907534
-0.0075927	-0.000697872
-0.00723703	-0.00187912
-0.00682214	-0.00283675
-0.00638873	-0.00369912
-0.00585951	-0.00440892
-0.00518085	-0.00505752
-0.00460782	-0.00546723
-0.00443788	-0.00576346
-0.00431674	-0.00498775
-0.00473183	-0.00332216
-0.00529554	-0.00161227
-0.00653797	-0.00022954
-0.00774727	0.00129024
-0.00848545	0.00242226
-0.00897632	0.00233249
-0.00976936	0.00205363
-0.0109724	0.00152163
-0.0120889	0.000513564
-0.0130608	-0.000649918
-0.0145873	-0.00182722
-0.0159282	-0.00253414
-0.0176853	-0.00335418
-0.0189062	-0.00427847
-0.0205463	-0.00471829
-0.0227128	-0.00574821
-0.0237645	-0.00640153
-0.024685	-0.00687491
-0.0256737	-0.00679672
-0.0268185	-0.00635236
-0.028167	-0.0059102
-0.0295	-0.00529983
-0.0306957	-0.00527325
-0.0310475	-0.00489342
-0.0315981	-0.00444738
-0.0320235	-0.00389827
-0.0322176	-0.00337212
-0.0320391	-0.00182934
-0.031412	-0.000342515
-0.0301114	0.00178529
-0.0282059	0.00305697
-0.0261108	0.00417052
-0.0235534	0.00553746
-0.0204437	0.00711544
-0.0170726	0.00879559
-0.0136201	0.00994075
-0.0100909	0.0108458
-0.00670086	0.0114746
-0.00331635	0.0119232
3.36396e-05	0.0122231
0.0022312	0.0122288
0.003759	0.0120265
0.00467497	0.0115445
0.00495814	0.0106218
0.00501397	0.00901978
0.00491684	0.00696955
0.0043654	0.00451386
0.00344564	0.00165424
0.00208096	-0.00163888
0.00055106	-0.00397056
-0.00107059	-0.00565648
-0.00321713	-0.00741942
-0.00526099	-0.008965
-0.00699896	-0.011096
-0.00855503	-0.0129596
-0.00977067	-0.0144613
-0.0110363	-0.0158337
-0.0123515	-0.0171132
-0.0133505	-0.0184001
-0.0146097	-0.0199719
-0.0160264	-0.0212687
-0.0167501	-0.0233662
-0.0173493	-0.0249637
-0.0177181	-0.0259614
-0.0188487	-0.0279082
-0.0202412	-0.0301416
-0.0212855	-0.0313671
-0.0223469	-0.0325573
-0.0229949	-0.033205
-0.0241628	-0.0329047
-0.0253761	-0.0326515
-0.027742	-0.0321189
-0.0300762	-0.0310994
-0.032275	-0.0300009
-0.034073	-0.0293848
-0.0357915	-0.0286522
-0.0369418	-0.0281346
-0.0375675	-0.0274108
-0.0372932	-0.0272927
-0.0362865	-0.026677
-0.0354852	-0.0263054
-0.0343876	-0.025579
-0.0330202	-0.0246074
-0.0313135	-0.0235796
-0.0293084	-0.0225879
-0.0271372	-0.0216162
-0.0250359	-0.0206725
-0.0233728	-0.0196877
-0.0219487	-0.0188659
-0.0214346	-0.0181956
-0.0204529	-0.0174848
-0.0198224	-0.0167153
-0.0195101	-0.0154824
-0.0193258	-0.0144566
-0.0193821	-0.012916
-0.0198059	-0.0102023
-0.0204268	-0.00771877
-0.0210681	-0.00509831
-0.0218817	-0.00263455
-0.0234003	-0.000553258
-0.0240499	0.0012125
-0.0243807	0.0017783
-0.0249716	0.000837318
-0.0256768	-0.00178916
-0.027033	-0.00381241
-0.0284759	-0.0061641
-0.0297262	-0.00745375
-0.0309484	-0.00875707
-0.0317488	-0.00978505
-0.0319852	-0.0106967
-0.0318651	-0.0120656
-0.0316962	-0.0134817
-0.031058	-0.0156914
-0.0299294	-0.0179542
-0.0290815	-0.0215113
-0.0280641	-0.0251522
-0.0278056	-0.0285602
-0.0280351	-0.0319915
-0.0281757	-0.0342646
-0.0282969	-0.0355745
-0.0286109	-0.0359709
-0.028884	-0.0365065
-0.0291586	-0.0364784
-0.029637	-0.0361984
-0.0304541	-0.0357335
-0.0312395	-0.0343067
-0.0323934	-0.0329438
-0.0335084	-0.0313821
-0.0348884	-0.0301904
-0.0349655	-0.0293828
-0.0353994	-0.0280042
-0.0353743	-0.0271244
-0.0359247	-0.0272768
-0.0363431	-0.027874
-0.0367494	-0.0289197
-0.0371255	-0.0297044
-0.0378599	-0.0297903
-0.0387065	-0.0296981
-0.0396694	-0.0291236
-0.0399382	-0.0278127
-0.0408136	-0.0267835
-0.0411862	-0.0263365
-0.0412411	-0.0265532
-0.0411573	-0.02749
-0.0409661	-0.0288695
-0.0407116	-0.0309419
-0.0405386	-0.0325041
-0.040476	-0.0332431
-0.0400579	-0.0339599
-0.0396661	-0.0343927
-0.0398154	-0.0346418
-0.0393566	-0.035453
-0.0388091	-0.0359699
-0.0381618	-0.0361507
-0.0374911	-0.0360317
-0.0363814	-0.0357068
-0.0353163	-0.035072
-0.0341558	-0.0344477
-0.032956	-0.0338465
-0.0317107	-0.0331266
-0.0304545	-0.0326081
-0.0288152	-0.0319003
-0.0270138	-0.0305575
-0.0250561	-0.0287614
-0.0241208	-0.0276111
-0.023905	-0.0263837
-0.0238312	-0.0252984
-0.0241386	-0.0245775
-0.0249191	-0.0243033
-0.0271628	-0.024076
-0.0301248	-0.0234185
-0.0325765	-0.023383
-0.0340445	-0.0243075
-0.0351664	-0.0255036
-0.0368758	-0.0275948
-0.0385083	-0.0291845
-0.0403616	-0.0305063
-0.0421586	-0.0312038
-0.0437046	-0.0320114
-0.0452528	-0.0323634
-0.0471759	-0.0327951
-0.0492935	-0.0335593
-0.0512931	-0.0351252
-0.0534372	-0.0366362
-0.05552	-0.0376546
-0.0576046	-0.039109
-0.0595773	-0.0403327
-0.0609591	-0.0411978
-0.0621918	-0.0427115
-0.062972	-0.0440295
-0.0634067	-0.0454607
-0.0629333	-0.0470105
-0.0619453	-0.048436
-0.0605635	-0.05007
-0.0588109	-0.0518844
-0.0567064	-0.0534898
-0.0550787	-0.0545256
-0.0531796	-0.0560623
-0.0519854	-0.0571146
-0.0510286	-0.058457
-0.0503067	-0.0590262
-0.0498328	-0.0588449
-0.0488889	-0.0576797
-0.0480085	-0.0563982
-0.0474218	-0.0550169
-0.046965	-0.0523445
-0.0464918	-0.0503653
-0.0465494	-0.0488897
-0.0461656	-0.0473431
-0.0458879	-0.0455013
-0.0460102	-0.0434325
-0.046339	-0.0413674
-0.0472776	-0.0394918
-0.0484139	-0.0368317
-0.0504406	-0.0336832
-0.0527554	-0.0307779
-0.0554152	-0.0272507
-0.0572879	-0.0249447
-0.0584134	-0.0236285
-0.0586426	-0.022541
-0.0582614	-0.0213069
-0.0585085	-0.020045
-0.058421	-0.0183905
-0.0579485	-0.016774
-0.0566745	-0.0150416
-0.0553249	-0.0141995
-0.0536813	-0.0138166
-0.0520321	-0.0138757
-0.0494467	-0.0146486
-0.0465397	-0.0155643
-0.04356	-0.0168999
-0.0404622	-0.0186111
-0.0369695	-0.0204612
-0.0335748	-0.0216889
-0.0299282	-0.0238641
-0.0259867	-0.0268556
-0.0229659	-0.0292377
-0.0210761	-0.0309361
-0.0196169	-0.0318904
-0.0191427	-0.0316906
-0.0184834	-0.0310121
-0.0177008	-0.0295538
-0.0179113	-0.0271465
-0.0183845	-0.0255297
-0.0195833	-0.0237681
-0.021158	-0.0225197
-0.0232555	-0.0213789
-0.025998	-0.0204354
-0.0290744	-0.0197798
-0.0321565	-0.0189526
-0.0345091	-0.019236
-0.0363632	-0.0200132
-0.0385099	-0.0223537
-0.0405829	-0.0251374
-0.0425004	-0.0283423
-0.0443619	-0.0319261
-0.0462696	-0.0352561
-0.0485475	-0.0386668
-0.050867	-0.0420031
-0.053167	-0.0452157
-0.0556455	-0.048375
-0.0587178	-0.0520371
-0.0612201	-0.055439
-0.0628116	-0.05899
-0.063849	-0.0625203
-0.064809	-0.0660874
-0.0662632	-0.0695954
-0.0676108	-0.0726431
-0.0683205	-0.0752034
-0.0689778	-0.0773133
-0.0706089	-0.0789993
-0.0715182	-0.0806169
-0.0723873	-0.0820747
-0.0733625	-0.0831003
-0.0744321	-0.0841414
-0.0753555	-0.0856478
-0.07636	-0.0871031
-0.0774252	-0.0883545
-0.0782807	-0.0887912
-0.0790548	-0.0884135
-0.0800797	-0.087776
-0.0812604	-0.0867986
-0.0829802	-0.0851904
-0.0844669	-0.083357
-0.0859331	-0.0814702
-0.0874597	-0.0794023
-0.088613	-0.0778212
-0.0901694	-0.0761264
-0.0907752	-0.0754663
-0.0913884	-0.0752183
-0.0918906	-0.0749743
-0.0922968	-0.0747949
-0.0924198	-0.074983
-0.0922892	-0.0754665
-0.0922914	-0.0757345
-0.0920028	-0.0768341
-0.0910675	-0.0773142
-0.08976	-0.0784356
-0.0884257	-0.079244
-0.0873541	-0.0805191
-0.0860516	-0.0820323
-0.0850791	-0.0837736
-0.0842888	-0.0853645
-0.0834423	-0.0865668
-0.0825855	-0.087732
-0.0818527	-0.0883889
-0.0804806	-0.088461
-0.0786691	-0.087807
-0.0768479	-0.0873035
-0.0749952	-0.0863632
-0.0734348	-0.0853633
-0.0720862	-0.0841873
-0.0716331	-0.0827816
-0.0713913	-0.0815601
-0.0711449	-0.0801138
-0.0705926	-0.0788463
-0.0701624	-0.0775952
-0.0698336	-0.0761408
-0.0695991	-0.0744904
-0.0696244	-0.0729868
-0.070372	-0.0713511
-0.0713283	-0.0696836
-0.0719885	-0.0675377
-0.0730003	-0.0652963
-0.0744147	-0.0635681
-0.0760215	-0.0618192
-0.0776044	-0.0597573
-0.0796049	-0.0575186
-0.080736	-0.0553289
-0.080888	-0.0538657
-0.0802826	-0.0532042
-0.0783611	-0.0531398
-0.0754344	-0.0533474
-0.0719451	-0.0534287
-0.0685001	-0.0531616
-0.0650368	-0.0528563
-0.0608336	-0.0528144
-0.0564656	-0.0526698
-0.0545205	-0.0526874
-0.0526147	-0.052494
-0.0518778	-0.0525562
-0.0520303	-0.0528205
-0.0527979	-0.0538841
-0.0537218	-0.0554287
-0.0554001	-0.0574045
-0.0570856	-0.0594764
-0.0595485	-0.0599045
-0.0618068	-0.0600924
-0.0642915	-0.0603055
-0.0669011	-0.0609109
-0.0693026	-0.061752
-0.0723909	-0.062266
-0.0755864	-0.0628563
-0.0798059	-0.0629683
-0.0837986	-0.0633131
-0.0879514	-0.0628008
-0.0915709	-0.0619199
-0.0943042	-0.0614116
-0.0960247	-0.0622113
-0.0974176	-0.0631159
-0.0985822	-0.0641295
-0.0999648	-0.0648501
-0.10104	-0.0658777
-0.101789	-0.0666429
-0.10218	-0.0673911
-0.102757	-0.0687217
-0.1027	-0.0703981
-0.102781	-0.0732548
-0.102337	-0.0770845
-0.101281	-0.0814652
-0.0999486	-0.0850447
-0.0990694	-0.0887171
-0.0989963	-0.0911558
-0.0988957	-0.0932991
-0.0985813	-0.0956243
-0.0983119	-0.0980515
-0.0981838	-0.100302
-0.0987286	-0.102918
-0.0992	-0.105237
-0.100202	-0.107676
-0.101054	-0.109854
-0.101921	-0.111463
-0.102963	-0.113483
-0.104186	-0.11601
-0.105463	-0.117618
-0.107275	-0.11847
-0.109631	-0.118232
-0.112429	-0.117685
-0.115191	-0.117184
-0.117889	-0.116827
-0.120952	-0.116578
-0.123494	-0.117535
-0.126932	-0.117496
-0.129552	-0.117634
-0.132111	-0.117658
-0.134818	-0.117631
-0.137324	-0.117677
-0.139655	-0.117715
-0.142642	-0.116905
-0.14634	-0.116613
-0.14944	-0.116262
-0.152127	-0.115956
-0.154857	-0.115267
-0.157457	-0.11474
-0.160066	-0.115351
-0.162893	-0.115236
-0.165464	-0.115119
-0.167394	-0.114556
-0.169326	-0.113628
-0.171078	-0.112882
-0.172328	-0.111986
-0.1738	-0.111658
-0.174568	-0.111065
-0.175938	-0.11021
-0.177084	-0.109473
-0.177677	-0.108651
-0.177925	-0.107771
-0.17818	-0.106789
-0.178503	-0.106068
-0.178922	-0.104879
-0.179697	-0.104395
-0.180069	-0.103827
-0.180451	-0.102708
-0.180309	-0.101289
-0.180588	-0.0992829
-0.181452	-0.0967285
-0.181943	-0.094281
-0.182422	-0.0927122
-0.18327	-0.0917196
-0.184672	-0.090388
-0.18607	-0.0891664
-0.187587	-0.0886166
-0.188457	-0.0881752
-0.189935	-0.0876563
-0.19087	-0.0869095
-0.19174	-0.086296
-0.193183	-0.0854035
-0.194825	-0.0849717
-0.196498	-0.0846815
-0.197531	-0.083791
-0.198625	-0.0828597
-0.199812	-0.0818775
-0.201292	-0.0805867
-0.20271	-0.0793286
-0.204171	-0.077626
-0.205744	-0.076147
-0.207982	-0.0747643
-0.209487	-0.0743301
-0.21138	-0.0740619
-0.212418	-0.0740395
-0.213541	-0.0745701
-0.214885	-0.0754005
-0.216533	-0.0759879
-0.218127	-0.0757438
-0.21992	-0.0755439
-0.222404	-0.075843
-0.224754	-0.0761668
-0.227326	-0.0765596
-0.229499	-0.0769582
-0.231321	-0.0769919
-0.23227	-0.0771171
-0.233509	-0.0767689
-0.234775	-0.0764042
-0.236024	-0.075943
-0.237294	-0.0756482
-0.238543	-0.0754049
-0.239701	-0.0756151
-0.241076	-0.0756974
-0.242504	-0.0761782
-0.244425	-0.075747
-0.246525	-0.0751616
-0.248627	-0.0758719
-0.25062	-0.0765368
-0.252303	-0.0770685
-0.253937	-0.0768888
-0.255831	-0.076013
-0.257631	-0.075495
-0.259403	-0.0751419
-0.261248	-0.0746682
-0.26296	-0.0741502
-0.264307	-0.0744723
-0.265664	-0.0748069
-0.266861	-0.0750496
-0.267985	-0.0752211
-0.26897	-0.0753721
-0.270136	-0.0755653
-0.271048	-0.0759287
-0.271767	-0.0760731
-0.27296	-0.0761559
-0.274391	-0.075907
-0.275799	-0.0755207
-0.276908	-0.0760108
-0.277607	-0.0770135
-0.278043	-0.0780755
-0.278601	-0.0792989
-0.279054	-0.0804552
-0.278495	-0.0814659
-0.278114	-0.0822303
-0.277545	-0.0831173
-0.277057	-0.0844839
-0.27664	-0.0857564
-0.276604	-0.0869662
-0.276572	-0.0881354
-0.276237	-0.0893636
-0.275629	-0.0906625
-0.274909	-0.0920625
-0.273999	-0.0929866
-0.273346	-0.0949178
-0.273043	-0.0968177
-0.271983	-0.0982653
-0.26972	-0.0999581
-0.267344	-0.100589
-0.26571	-0.100637
-0.264802	-0.10049
-0.263786	-0.100334
-0.262311	-0.100036
-0.260447	-0.0999693
-0.258838	-0.0996188
-0.256953	-0.0992782
-0.255158	-0.0986129
-0.252555	-0.0980682
-0.250454	-0.0974091
-0.248503	-0.0967693
-0.246561	-0.0959856
-0.244552	-0.0957053
-0.242568	-0.0954718
-0.240295	-0.0950649
-0.238135	-0.0949566
-0.236187	-0.0950073
-0.233861	-0.0959728
-0.23174	-0.0968489
-0.22962	-0.0976748
-0.227287	-0.0985801
-0.224327	-0.0996923
-0.222013	-0.100618
-0.219628	-0.101878
-0.217275	-0.103136
-0.214573	-0.104441
-0.212483	-0.104625
-0.210361	-0.105395
-0.20915	-0.106694
-0.207907	-0.107876
-0.206612	-0.109119
-0.204991	-0.109832
-0.203313	-0.110522
-0.201356	-0.111251
-0.19956	-0.111884
-0.197765	-0.112469
-0.196013	-0.113072
-0.194104	-0.11451
-0.192285	-0.115921
-0.191012	-0.11655
-0.189802	-0.117109
-0.188525	-0.117825
-0.187208	-0.11824
-0.185695	-0.118514
-0.183307	-0.119158
-0.180819	-0.11954
-0.178152	-0.119755
-0.175919	-0.119742
-0.173764	-0.119668
-0.171221	-0.119489
-0.168543	-0.119314
-0.165998	-0.119173
-0.163165	-0.11853
-0.160098	-0.117511
-0.157042	-0.116621
-0.154006	-0.115729
-0.150955	-0.114904
-0.147324	-0.113959
-0.143748	-0.112807
-0.139228	-0.112187
-0.13485	-0.111738
-0.130474	-0.111537
-0.126058	-0.111453
-0.121755	-0.111657
-0.117549	-0.111966
-0.113155	-0.112848
-0.109287	-0.113171
-0.106515	-0.112997
-0.104843	-0.113213
-0.103649	-0.113919
-0.102611	-0.114399
-0.101729	-0.114803
-0.101429	-0.115264
-0.101326	-0.115387
-0.101805	-0.115375
-0.102732	-0.115276
-0.1041	-0.115385
-0.106029	-0.115672
-0.107677	-0.115089
-0.11068	-0.11425
-0.114124	-0.112682
-0.118046	-0.111588
-0.120346	-0.111162
-0.121717	-0.111573
-0.122769	-0.112395
-0.123737	-0.11267
-0.123794	-0.112919
-0.123699	-0.114348
-0.122994	-0.116364
-0.122189	-0.118615
-0.121649	-0.120045
-0.121205	-0.120901
-0.120514	-0.121877
-0.119418	-0.122569
-0.11854	-0.123382
-0.116907	-0.124471
-0.115583	-0.125558
-0.114802	-0.126479
-0.114078	-0.125942
-0.113128	-0.124804
-0.111608	-0.123322
-0.110103	-0.121714
-0.108929	-0.120394
-0.108808	-0.118017
-0.108679	-0.115137
-0.109398	-0.11342
-0.110533	-0.111913
-0.112227	-0.110573
-0.11387	-0.109199
-0.116132	-0.107938
-0.117776	-0.106963
-0.119485	-0.106215
-0.121436	-0.105246
-0.122714	-0.104573
-0.123906	-0.104058
-0.124847	-0.10357
-0.125571	-0.103466
-0.125246	-0.103501
-0.124131	-0.103789
-0.12264	-0.104137
-0.121092	-0.104345
-0.119047	-0.104752
-0.116411	-0.105551
-0.113536	-0.106586
-0.111393	-0.107595
-0.109672	-0.108577
-0.108084	-0.109744
-0.106846	-0.110895
-0.10533	-0.112002
-0.104684	-0.113367
-0.10349	-0.115283
-0.102549	-0.117145
-0.101841	-0.118167
-0.100909	-0.11861
-0.100431	-0.119061
-0.0999452	-0.119059
-0.099215	-0.118262
-0.0992424	-0.117203
-0.0993855	-0.11528
-0.100444	-0.114359
-0.102033	-0.113252
-0.103702	-0.112189
-0.106075	-0.111434
-0.109108	-0.111276
-0.112979	-0.111334
-0.11704	-0.1116
-0.120017	-0.112321
-0.122289	-0.113147
-0.124328	-0.113865
-0.12626	-0.114651
-0.127561	-0.115319
-0.128516	-0.116373
-0.129965	-0.118139
-0.13195	-0.120615
-0.134059	-0.123102
-0.136187	-0.125716
-0.138336	-0.128385
-0.139862	-0.130832
-0.141233	-0.132894
-0.142731	-0.135332
-0.144726	-0.137711
-0.146263	-0.139928
-0.147703	-0.142167
-0.149689	-0.144151
-0.150994	-0.145807
-0.153136	-0.148155
-0.155575	-0.150295
-0.1577	-0.152093
-0.160004	-0.153685
-0.16213	-0.155357
-0.164007	-0.157116
-0.166131	-0.158971
-0.169103	-0.161364
-0.172046	-0.164586
-0.174581	-0.167288
-0.17613	-0.16939
-0.177362	-0.170846
-0.178265	-0.172183
-0.178859	-0.173627
-0.179215	-0.175248
-0.179883	-0.177108
-0.18003	-0.178563
-0.180515	-0.180327
-0.180801	-0.182232
-0.180882	-0.184456
-0.180724	-0.186973
-0.180498	-0.189618
-0.179899	-0.192187
-0.179174	-0.194709
-0.17847	-0.197414
-0.178056	-0.200295
-0.178214	-0.203086
-0.178612	-0.205867
-0.179677	-0.208072
-0.18049	-0.20986
-0.181464	-0.211068
-0.182446	-0.212096
-0.183511	-0.213479
-0.184822	-0.214841
-0.186384	-0.216378
-0.187931	-0.217846
-0.189156	-0.218995
-0.190633	-0.220642
-0.191937	-0.222001
-0.193093	-0.223153
-0.194121	-0.224216
-0.194799	-0.224527
-0.195673	-0.224785
-0.19649	-0.2245
-0.197763	-0.224135
-0.198594	-0.223768
-0.19975	-0.223142
-0.201171	-0.222655
-0.202771	-0.221389
-0.204174	-0.219729
-0.205546	-0.218397
-0.206097	-0.217138
-0.206587	-0.214932
-0.206853	-0.213054
-0.206629	-0.210057
-0.207071	-0.2077
-0.207	-0.20605
-0.20707	-0.20443
-0.207808	-0.203571
-0.209043	-0.203064
-0.209347	-0.202453
-0.209301	-0.201906
-0.209335	-0.201616
-0.209091	-0.20131
-0.208549	-0.200841
-0.207692	-0.200282
-0.206535	-0.199684
-0.205167	-0.20014
-0.203058	-0.201728
-0.200811	-0.203349
-0.199107	-0.204515
-0.197547	-0.205489
-0.195984	-0.206368
-0.194529	-0.207057
-0.192692	-0.207578
-0.190328	-0.207622
-0.188363	-0.207134
-0.186499	-0.206621
-0.18461	-0.205994
-0.181575	-0.205782
-0.178723	-0.205863
-0.176218	-0.205898
-0.174151	-0.206028
-0.172344	-0.206704
-0.171137	-0.206558
-0.169691	-0.206519
-0.168296	-0.206376
-0.166612	-0.206088
-0.164821	-0.20563
-0.163246	-0.205202
-0.162001	-0.204659
-0.160861	-0.204603
-0.159767	-0.203942
-0.158757	-0.202899
-0.157721	-0.201963
-0.156325	-0.200628
-0.15478	-0.19899
-0.153408	-0.197594
-0.152154	-0.195843
-0.151018	-0.193649
-0.149855	-0.19083
-0.148433	-0.188246
-0.147151	-0.185952
-0.14595	-0.184506
-0.145193	-0.183399
-0.144359	-0.182264
-0.143594	-0.18096
-0.143729	-0.179232
-0.144221	-0.177389
-0.144799	-0.175319
-0.145695	-0.173252
-0.146149	-0.171662
-0.14672	-0.170885
-0.147362	-0.170343
-0.14746	-0.170242
-0.147052	-0.171212
-0.14665	-0.172765
-0.146431	-0.17532
-0.146308	-0.177767
-0.146399	-0.180028
-0.146458	-0.182163
-0.146407	-0.184507
-0.146136	-0.187151
-0.145668	-0.188732
-0.145242	-0.189378
-0.14471	-0.190814
-0.144261	-0.192478
-0.143924	-0.19337
-0.144035	-0.194388
-0.144944	-0.195604
-0.145949	-0.196688
-0.147471	-0.197361
-0.149993	-0.198233
-0.152895	-0.199291
-0.155905	-0.200422
-0.159043	-0.202023
-0.16208	-0.203418
-0.16571	-0.20498
-0.169317	-0.206652
-0.173035	-0.208355
-0.176837	-0.210674
-0.180095	-0.212865
-0.182712	-0.21488
-0.185326	-0.216168
-0.1884	-0.217492
-0.191103	-0.218643
-0.193705	-0.219657
-0.196282	-0.220415
-0.198659	-0.22104
-0.201132	-0.221693
-0.203438	-0.222247
-0.205355	-0.223437
-0.207268	-0.224975
-0.209053	-0.226192
-0.211219	-0.227558
-0.213086	-0.229554
-0.215078	-0.231997
-0.216201	-0.233512
-0.216826	-0.234246
-0.218082	-0.235049
-0.219141	-0.235694
-0.219562	-0.23576
-0.220249	-0.23637
-0.220888	-0.23621
-0.220268	-0.236272
-0.218499	-0.235255
-0.216523	-0.234344
-0.21406	-0.233256
-0.211603	-0.232079
-0.208708	-0.230881
-0.206335	-0.230318
-0.204014	-0.229276
-0.201941	-0.228522
-0.198795	-0.228222
-0.19615	-0.227641
-0.19335	-0.227453
-0.190628	-0.227342
-0.188119	-0.22722
-0.185487	-0.227142
-0.183298	-0.227168
-0.181857	-0.227391
-0.180175	-0.228097
-0.178798	-0.229808
-0.177608	-0.231484
-0.176825	-0.233088
-0.176641	-0.234208
-0.177473	-0.235134
-0.178576	-0.236225
-0.179365	-0.237391
-0.180313	-0.238434
-0.181604	-0.238823
-0.183074	-0.239283
-0.184436	-0.239872
-0.186173	-0.240434
-0.188225	-0.240655
-0.190624	-0.240387
-0.193656	-0.240121
-0.197182	-0.239853
-0.200838	-0.240037
-0.2044	-0.239672
-0.207999	-0.239172
-0.211014	-0.238361
-0.213148	-0.237448
-0.214898	-0.236955
-0.216618	-0.23642
-0.217889	-0.234982
-0.21893	-0.233399
-0.219663	-0.23112
-0.220136	-0.230347
-0.220435	-0.22997
-0.220141	-0.229755
-0.219435	-0.229573
-0.218472	-0.22886
-0.217647	-0.229038
-0.216214	-0.229346
-0.213301	-0.230392
-0.210821	-0.231515
-0.208388	-0.232214
-0.205038	-0.233682
-0.202829	-0.234638
-0.200517	-0.235585
-0.199574	-0.235682
-0.198484	-0.235292
-0.197905	-0.234428
-0.196664	-0.23306
-0.195352	-0.231255
-0.194256	-0.229107
-0.19342	-0.227299
-0.192898	-0.225938
-0.192431	-0.22511
-0.192904	-0.224202
-0.193672	-0.22303
-0.194551	-0.221801
-0.195678	-0.220572
-0.197493	-0.218965
-0.199677	-0.217013
-0.201785	-0.215251
-0.203583	-0.213785
-0.205223	-0.212954
-0.20642	-0.212912
-0.207088	-0.21302
-0.207721	-0.213539
-0.208487	-0.214827
-0.209712	-0.21612
-0.211201	-0.216982
-0.213265	-0.217651
-0.214859	-0.218422
-0.216633	-0.219799
-0.218415	-0.221522
-0.220835	-0.223827
-0.223141	-0.226542
-0.225274	-0.229056
-0.227912	-0.231701
-0.23018	-0.234179
-0.232028	-0.236362
-0.233795	-0.237193
-0.234883	-0.237683
-0.235701	-0.237748
-0.235798	-0.237904
-0.23538	-0.238971
-0.234474	-0.240553
-0.233053	-0.242315
-0.230587	-0.244604
-0.228295	-0.24627
-0.22623	-0.24804
-0.225068	-0.250166
-0.224408	-0.251215
-0.223791	-0.251138
-0.223336	-0.25087
-0.222602	-0.250307
-0.222041	-0.249434
-0.221582	-0.248475
-0.221206	-0.246983
-0.220878	-0.245321
-0.220568	-0.244274
-0.220094	-0.242312
-0.219073	-0.240269
-0.218603	-0.23793
-0.21838	-0.235585
-0.217811	-0.232739
-0.218107	-0.229422
-0.219023	-0.227064
-0.219527	-0.22573
-0.219713	-0.225335
-0.220152	-0.225214
-0.220937	-0.225482
-0.221205	-0.226808
-0.221154	-0.229221
-0.220961	-0.231938
-0.221473	-0.234434
-0.223048	-0.236999
-0.224646	-0.239642
-0.226682	-0.241664
-0.228546	-0.243473
-0.231299	-0.244991
-0.232818	-0.246276
-0.233354	-0.247539
-0.233605	-0.248707
-0.233411	-0.249851
-0.232549	-0.251319
-0.231007	-0.253107
-0.229551	-0.254707
-0.228577	-0.256055
-0.228033	-0.257829
-0.227467	-0.260137
-0.227285	-0.260209
-0.227141	-0.259313
-0.227662	-0.258619
-0.228674	-0.257491
-0.230508	-0.256602
-0.232484	-0.25557
-0.233362	-0.255159
-0.233033	-0.255756
-0.231669	-0.256635
-0.229616	-0.257831
-0.228008	-0.259014
-0.226809	-0.260261
-0.226296	-0.260487
-0.225601	-0.260549
-0.224723	-0.259917
-0.224344	-0.259624
-0.224524	-0.260354
-0.224742	-0.260373
-0.225083	-0.259703
-0.227035	-0.258397
-0.230262	-0.256712
-0.233392	-0.255164
-0.235095	-0.254488
-0.23608	-0.254701
-0.235979	-0.255063
-0.235692	-0.256188
-0.234677	-0.257991
-0.233078	-0.260015
-0.231076	-0.262368
-0.229832	-0.263675
-0.228875	-0.263477
-0.227662	-0.262535
-0.225697	-0.260617
-0.223558	-0.257863
-0.222874	-0.254863
-0.22305	-0.252953
-0.224184	-0.25128
-0.225925	-0.249674
-0.22851	-0.248315
-0.231916	-0.246841
-0.234218	-0.245983
-0.235587	-0.24518
-0.235599	-0.245147
-0.235215	-0.245238
-0.233595	-0.245456
-0.2314	-0.245801
-0.228053	-0.246632
-0.225947	-0.247369
-0.225274	-0.248609
-0.225486	-0.249744
-0.226166	-0.25164
-0.22754	-0.254065
-0.229372	-0.256395
-0.232099	-0.259054
-0.233531	-0.261235
-0.234154	-0.262706
-0.23431	-0.263504
-0.234691	-0.263869
-0.234408	-0.263094
-0.233821	-0.261595
-0.233409	-0.260081
-0.232401	-0.259133
-0.230423	-0.258384
-0.230519	-0.259485
-0.230928	-0.261483
-0.230992	-0.261574
-0.23097	-0.260904
-0.230897	-0.259169
-0.231773	-0.258287
-0.231562	-0.258205
-0.230756	-0.257885
-0.230926	-0.258324
-0.231564	-0.259931
-0.231303	-0.262175
-0.230881	-0.263452
-0.230533	-0.263361
-0.229921	-0.262345
-0.22837	-0.260768
-0.226758	-0.258448
-0.225919	-0.258209
-0.226272	-0.258457
-0.22727	-0.259419
-0.228965	-0.260938
-0.230598	-0.26102
-0.232647	-0.260793
-0.234557	-0.26044
-0.236826	-0.260041
-0.237713	-0.261019
-0.238654	-0.261534
-0.239466	-0.261041
-0.240416	-0.260309
-0.241577	-0.25926
-0.24164	-0.258945
-0.241372	-0.259384
-0.239897	-0.260761
-0.238622	-0.261478
-0.237051	-0.261482
-0.234865	-0.260933
-0.232111	-0.260707
-0.229868	-0.259979
-0.228884	-0.260235
-0.228786	-0.25986
-0.22909	-0.259409
-0.230599	-0.259294
-0.233384	-0.259075
-0.235376	-0.259057
-0.235785	-0.259721
-0.235494	-0.261192
-0.23531	-0.262039
-0.234258	-0.261681
-0.233299	-0.26114
-0.231878	-0.259947
-0.22967	-0.258911
-0.228746	-0.259542
-0.228225	-0.261477
-0.22806	-0.261821
-0.228407	-0.26099
-0.230175	-0.258798
-0.23292	-0.256707
-0.234586	-0.25655
-0.234948	-0.256527
-0.234478	-0.257089
-0.233515	-0.25919
-0.231384	-0.262528
-0.230369	-0.26472
-0.229743	-0.265552
-0.229773	-0.265124
-0.229978	-0.263516
-0.230217	-0.26114
-0.230628	-0.257942
-0.231635	-0.256725
-0.232083	-0.256519
-0.23178	-0.256429
-0.23063	-0.256363
-0.232104	-0.256507
-0.232358	-0.257627
-0.232275	-0.259711
-0.231647	-0.262292
-0.231004	-0.263822
-0.230861	-0.263964
-0.231222	-0.26325
-0.232118	-0.261987
-0.23298	-0.259642
-0.233219	-0.258859
-0.232521	-0.26009
-0.23149	-0.262165
-0.231867	-0.264346
-0.232179	-0.265686
-0.232491	-0.266348
-0.232826	-0.266644
-0.232948	-0.266905
-0.233641	-0.267915
-0.233622	-0.268483
-0.233755	-0.268866
-0.233977	-0.268923
-0.234855	-0.268211
-0.237243	-0.267874
-0.239682	-0.267987
-0.242198	-0.267176
-0.244931	-0.265837
-0.247476	-0.263964
-0.250391	-0.262628
-0.253784	-0.260978
-0.257625	-0.258871
-0.259954	-0.258033
-0.260806	-0.258229
-0.260413	-0.258236
-0.258834	-0.25829
-0.257041	-0.259358
-0.254266	-0.260943
-0.252335	-0.262143
-0.251305	-0.263523
-0.25127	-0.26407
-0.251602	-0.264428
-0.25243	-0.26495
-0.253849	-0.26571
-0.256461	-0.266923
-0.259632	-0.267609
-0.262953	-0.268135
-0.265091	-0.268559
-0.265824	-0.268781
-0.265511	-0.269119
-0.264316	-0.269934
-0.262323	-0.270918
-0.260222	-0.271751
-0.257503	-0.273177
-0.255528	-0.274106
-0.254687	-0.274793
-0.254093	-0.274437
-0.254389	-0.273737
-0.255408	-0.272326
-0.256611	-0.270672
-0.258368	-0.268515
-0.260448	-0.266291
-0.26086	-0.265245
-0.26093	-0.264536
-0.259884	-0.264058
-0.259445	-0.263557
-0.259418	-0.262987
-0.259756	-0.261893
-0.26063	-0.260443
-0.260455	-0.259588
-0.259267	-0.257763
-0.257903	-0.257191
-0.256042	-0.257422
-0.253454	-0.258279
-0.249898	-0.259282
-0.245957	-0.261616
-0.243313	-0.26341
-0.24196	-0.264422
-0.241251	-0.265257
-0.24152	-0.2658
-0.242877	-0.266616
-0.244895	-0.267759
-0.247927	-0.268969
-0.25118	-0.269498
-0.254919	-0.270093
-0.259374	-0.270933
-0.263846	-0.271469
-0.265768	-0.272506
-0.26661	-0.273188
-0.265961	-0.27357
-0.264461	-0.274359
-0.262043	-0.275288
-0.259017	-0.276639
-0.257834	-0.277784
-0.257144	-0.278894
-0.256992	-0.28009
-0.257163	-0.281849
-0.257276	-0.28416
-0.257463	-0.286874
-0.258373	-0.289969
-0.258935	-0.291213
-0.259033	-0.290272
-0.259322	-0.288213
-0.260336	-0.286132
-0.260695	-0.284786
-0.259953	-0.283909
-0.260091	-0.28346
-0.260535	-0.282927
-0.260476	-0.28303
-0.259726	-0.283826
-0.259698	-0.284113
-0.26021	-0.285187
-0.260097	-0.28635
-0.260669	-0.2883
-0.260154	-0.290612
-0.259693	-0.292381
-0.259621	-0.29263
-0.25916	-0.291027
-0.259008	-0.287704
-0.259572	-0.28498
-0.261413	-0.282342
-0.262312	-0.2805
-0.262249	-0.279188
-0.261125	-0.278198
-0.258945	-0.277081
-0.258148	-0.276561
-0.258514	-0.276578
-0.259646	-0.276086
-0.261888	-0.275505
-0.262395	-0.275353
-0.261637	-0.275557
-0.259593	-0.276077
-0.259445	-0.277126
-0.259914	-0.278839
-0.261428	-0.281479
-0.261464	-0.284239
-0.261611	-0.286577
-0.261752	-0.289275
-0.261983	-0.29114
-0.261725	-0.293529
-0.260718	-0.295586
-0.260057	-0.297285
-0.259341	-0.297765
-0.259351	-0.296734
-0.259395	-0.294583
-0.259443	-0.291504
-0.259772	-0.287776
-0.261008	-0.2847
-0.261095	-0.282871
-0.260908	-0.282341
-0.259718	-0.281932
-0.2599	-0.281544
-0.261311	-0.280743
-0.261522	-0.280496
-0.26065	-0.280917
-0.258969	-0.281709
-0.25868	-0.28264
-0.259367	-0.284417
-0.260734	-0.286643
-0.261023	-0.288764
-0.260757	-0.291332
-0.26081	-0.293442
-0.261816	-0.295454
-0.263513	-0.297381
-0.265145	-0.299484
-0.266972	-0.301452
-0.269171	-0.303502
-0.271493	-0.305511
-0.273948	-0.307394
-0.276626	-0.309065
-0.280041	-0.310486
-0.283768	-0.312485
-0.288207	-0.314805
-0.292624	-0.316975
-0.295649	-0.318934
-0.298326	-0.32064
-0.300682	-0.322174
-0.302549	-0.324136
-0.304564	-0.32545
-0.307688	-0.326557
-0.31112	-0.327276
-0.314317	-0.327904
-0.31837	-0.328723
-0.32196	-0.329521
-0.325393	-0.329653
-0.328557	-0.32846
-0.331133	-0.327887
-0.333383	-0.327349
-0.335783	-0.327156
-0.338235	-0.325973
-0.340621	-0.325148
-0.343058	-0.324003
-0.345296	-0.322764
-0.346533	-0.321249
-0.347932	-0.319342
-0.349185	-0.317486
-0.350315	-0.315689
-0.351256	-0.314345
-0.352309	-0.312958
-0.352996	-0.311558
-0.35422	-0.309657
-0.355564	-0.308144
-0.357757	-0.306839
-0.359623	-0.305253
-0.362153	-0.303593
-0.364491	-0.302088
-0.366176	-0.300304
-0.367858	-0.298447
-0.36947	-0.296607
-0.371378	-0.294166
-0.372345	-0.291979
-0.373594	-0.289916
-0.374351	-0.288141
-0.375097	-0.286391
-0.375788	-0.284772
-0.376732	-0.283432
-0.377486	-0.28261
-0.377821	-0.2821
-0.378168	-0.281417
-0.378451	-0.28101
-0.378454	-0.280514
-0.379209	-0.279355
-0.381429	-0.278012
-0.38323	-0.275616
-0.384752	-0.274378
-0.385857	-0.272991
-0.387165	-0.271818
-0.388203	-0.271525
-0.389341	-0.271369
-0.390509	-0.271748
-0.391543	-0.272325
-0.392813	-0.273475
-0.39364	-0.27518
-0.394493	-0.276916
-0.395382	-0.278687
-0.39641	-0.280621
-0.397902	-0.281927
-0.399245	-0.282837
-0.400999	-0.284235
-0.403119	-0.284936
-0.404961	-0.285457
-0.407293	-0.28578
-0.409682	-0.286271
-0.411889	-0.286279
-0.413582	-0.285774
-0.414835	-0.285745
-0.416477	-0.28562
-0.417743	-0.285079
-0.41897	-0.28456
-0.42057	-0.28451
-0.422074	-0.284426
-0.423657	-0.284541
-0.425141	-0.284735
-0.426859	-0.28503
-0.428281	-0.285556
-0.429922	-0.285661
-0.431621	-0.285789
-0.433171	-0.28564
-0.434766	-0.285573
-0.435833	-0.285882
-0.436919	-0.286299
-0.438473	-0.287042
-0.439474	-0.286901
-0.440582	-0.287288
-0.441656	-0.287649
-0.443118	-0.288663
-0.444534	-0.28967
-0.446901	-0.289515
-0.449137	-0.289392
-0.451315	-0.289355
-0.453374	-0.289212
-0.455911	-0.288999
-0.457285	-0.288625
-0.458738	-0.288325
-0.460088	-0.288154
-0.461313	-0.288176
-0.462004	-0.288751
-0.462779	-0.289495
-0.463812	-0.291174
-0.464449	-0.292162
-0.465419	-0.293977
-0.46584	-0.295858
-0.466299	-0.297874
-0.466984	-0.299301
-0.467351	-0.301424
-0.468174	-0.303383
-0.468759	-0.305017
-0.469147	-0.306602
-0.46962	-0.308288
-0.46985	-0.310072
-0.470267	-0.311747
-0.470605	-0.313476
-0.470639	-0.315209
-0.470795	-0.317445
-0.470937	-0.319113
-0.47111	-0.32156
-0.47165	-0.32284
-0.47179	-0.324331
-0.472104	-0.32586
-0.47274	-0.327836
-0.473156	-0.329882
-0.473309	-0.331258
-0.473328	-0.332717
-0.473316	-0.334124
-0.473268	-0.335911
-0.472648	-0.337646
-0.472146	-0.339331
-0.471553	-0.340834
-0.47096	-0.34233
-0.470431	-0.343752
-0.470037	-0.345816
-0.469599	-0.347876
-0.468956	-0.348946
-0.468644	-0.350052
-0.468462	-0.351668
-0.468244	-0.353246
-0.468014	-0.355032
-0.467628	-0.356708
-0.46747	-0.358631
-0.466136	-0.360601
-0.465016	-0.362089
-0.464174	-0.363016
-0.463217	-0.364127
-0.462476	-0.364947
-0.461508	-0.365517
-0.460224	-0.366304
-0.458582	-0.366719
-0.456647	-0.367016
-0.454801	-0.367612
-0.452477	-0.367913
-0.449893	-0.368538
-0.447005	-0.369557
-0.44437	-0.370383
-0.441425	-0.37113
-0.438906	-0.371619
-0.436629	-0.371321
-0.434095	-0.370757
-0.431804	-0.370041
-0.429604	-0.369337
-0.427361	-0.368653
-0.425419	-0.367444
-0.422622	-0.367082
-0.419817	-0.365927
-0.417047	-0.365488
-0.414662	-0.365176
-0.412325	-0.36556
-0.409466	-0.366139
-0.406564	-0.366702
-0.403683	-0.367315
-0.401017	-0.367613
-0.398924	-0.368034
-0.397187	-0.368992
-0.394691	-0.370296
-0.392491	-0.37162
-0.39002	-0.372279
-0.38757	-0.372969
-0.385597	-0.374376
-0.383609	-0.375879
-0.381703	-0.377244
-0.379853	-0.377922
-0.378285	-0.378494
-0.376695	-0.379014
-0.374953	-0.380174
-0.373787	-0.381185
-0.372037	-0.38247
-0.370774	-0.383575
-0.369122	-0.384705
-0.367903	-0.385111
-0.366918	-0.385398
-0.36593	-0.385615
-0.364932	-0.386309
-0.364126	-0.38688
-0.36365	-0.387235
-0.363732	-0.388342
-0.363942	-0.389199
-0.364866	-0.390306
-0.365795	-0.391727
-0.366968	-0.393144
-0.36815	-0.394638
-0.369446	-0.396097
-0.371185	-0.397515
-0.373055	-0.398413
-0.375294	-0.398878
-0.377575	-0.400051
-0.379796	-0.400671
-0.382077	-0.401087
-0.384707	-0.40179
-0.387314	-0.402522
-0.38963	-0.40351
-0.391824	-0.403794
-0.394588	-0.403275
-0.397047	-0.402516
-0.398805	-0.402251
-0.400581	-0.402023
-0.402331	-0.401854
-0.405402	-0.401352
-0.407835	-0.4012
-0.410115	-0.40122
-0.412111	-0.401266
-0.413892	-0.401348
-0.415226	-0.401314
-0.416453	-0.401414
-0.418846	-0.401755
-0.420696	-0.402304
-0.422889	-0.403395
-0.424083	-0.40462
-0.425646	-0.406982
-0.426201	-0.408672
-0.426917	-0.410381
-0.427271	-0.412461
-0.427574	-0.414458
-0.428028	-0.416833
-0.428972	-0.419088
-0.429767	-0.42123
-0.430411	-0.423027
-0.431188	-0.424432
-0.432116	-0.425994
-0.43227	-0.427516
-0.432349	-0.429199
-0.432413	-0.43093
-0.432222	-0.432779
-0.43219	-0.435121
-0.431908	-0.436581
-0.431613	-0.437854
-0.431355	-0.43907
-0.431304	-0.440167
-0.431482	-0.440926
-0.431639	-0.441734
-0.430405	-0.442713
-0.429671	-0.44354
-0.42884	-0.444661
-0.428038	-0.44579
-0.426867	-0.446637
-0.42573	-0.447403
-0.424538	-0.448168
-0.42404	-0.448624
-0.423075	-0.44938
-0.421855	-0.449834
-0.420479	-0.450039
-0.418746	-0.450035
-0.417014	-0.450013
-0.415505	-0.450062
-0.413235	-0.450835
-0.411408	-0.450971
-0.40945	-0.451291
-0.407542	-0.451147
-0.406117	-0.450859
-0.404697	-0.450587
-0.403338	-0.450096
-0.401776	-0.450101
-0.400191	-0.449573
-0.398302	-0.448856
-0.396897	-0.448058
-0.395136	-0.447159
-0.393551	-0.446476
-0.391994	-0.44511
-0.390482	-0.443696
-0.38874	-0.442344
-0.386893	-0.441211
-0.385908	-0.440079
-0.385064	-0.43831
-0.383803	-0.436624
-0.382616	-0.434548
-0.382639	-0.431849
-0.383385	-0.429098
-0.383786	-0.426788
-0.383888	-0.424977
-0.384162	-0.423298
-0.38547	-0.421308
-0.386151	-0.419012
-0.386914	-0.416737
-0.387939	-0.414549
-0.389411	-0.412458
-0.391052	-0.410436
-0.392749	-0.408545
-0.394196	-0.406085
-0.395745	-0.403676
-0.397279	-0.401341
-0.398877	-0.39936
-0.400119	-0.397468
-0.401391	-0.395597
-0.402208	-0.394286
-0.402739	-0.393055
-0.403644	-0.39237
-0.404815	-0.391724
-0.4059	-0.391078
-0.406758	-0.390463
-0.407594	-0.389915
-0.408394	-0.389477
-0.409376	-0.38956
-0.410434	-0.389884
-0.412118	-0.390544
-0.413781	-0.391257
-0.415428	-0.392053
-0.417021	-0.39303
-0.418349	-0.394018
-0.419589	-0.395355
-0.420894	-0.396828
-0.422384	-0.398136
-0.424002	-0.399452
-0.425591	-0.400848
-0.427325	-0.403412
-0.428816	-0.405892
-0.429844	-0.407981
-0.431412	-0.409639
-0.432582	-0.411776
-0.433662	-0.41369
-0.434743	-0.415805
-0.43571	-0.417883
-0.436953	-0.419465
-0.438262	-0.420848
-0.439583	-0.422524
-0.440262	-0.424514
-0.440835	-0.427219
-0.440867	-0.430014
-0.441091	-0.43283
-0.441578	-0.435856
-0.442369	-0.438484
-0.442724	-0.440477
-0.442886	-0.442233
-0.442796	-0.443819
-0.442707	-0.445146
-0.442076	-0.44635
-0.441487	-0.447581
-0.441311	-0.448079
-0.441193	-0.448608
-0.440543	-0.449312
-0.439754	-0.450427
-0.439215	-0.451776
-0.438595	-0.453128
-0.437958	-0.45461
-0.437812	-0.456772
-0.436982	-0.458948
-0.436793	-0.461614
-0.437274	-0.464709
-0.437528	-0.46769
-0.438278	-0.469795
-0.438992	-0.471759
-0.439963	-0.474708
-0.440916	-0.477413
-0.441725	-0.479722
-0.442613	-0.481506
-0.4435	-0.483055
-0.444622	-0.485284
-0.445872	-0.487215
-0.446752	-0.488926
-0.447709	-0.491359
-0.449742	-0.493127
-0.451757	-0.494169
-0.453784	-0.495254
-0.456138	-0.496817
-0.457896	-0.498099
-0.459782	-0.499544
-0.461604	-0.501057
-0.462941	-0.503419
-0.463694	-0.505527
-0.46436	-0.507462
-0.464927	-0.509278
-0.465463	-0.510899
-0.466036	-0.512391
-0.465875	-0.514101
-0.465367	-0.516291
-0.46557	-0.517628
-0.466249	-0.518839
-0.466854	-0.520123
-0.467446	-0.521444
-0.467891	-0.52222
-0.468118	-0.523162
-0.467985	-0.523955
-0.467973	-0.524464
-0.467763	-0.525118
-0.467316	-0.52597
-0.466497	-0.526518
-0.465842	-0.528083
-0.465535	-0.529562
-0.464931	-0.531305
-0.463428	-0.533028
-0.462382	-0.534708
-0.461204	-0.53598
-0.459946	-0.5372
-0.458388	-0.538191
-0.456968	-0.539099
-0.455357	-0.539793
-0.454217	-0.541112
-0.453235	-0.54232
-0.453003	-0.543221
-0.452751	-0.544151
-0.452433	-0.544515
-0.452814	-0.544598
-0.453538	-0.544761
-0.454693	-0.544817
-0.456074	-0.544883
-0.457544	-0.544952
-0.459218	-0.544672
-0.460895	-0.544465
-0.46221	-0.544642
-0.463417	-0.544207
-0.464501	-0.543809
-0.465532	-0.543481
-0.466611	-0.543067
-0.468169	-0.542811
-0.469705	-0.542678
-0.471147	-0.542366
-0.472143	-0.542059
-0.472898	-0.542049
-0.473585	-0.542112
-0.474356	-0.542489
-0.475256	-0.542972
-0.476446	-0.543551
-0.477531	-0.54408
-0.479467	-0.54437
-0.481757	-0.544221
-0.484008	-0.543972
-0.486092	-0.543682
-0.488015	-0.542732
-0.490011	-0.541978
-0.491904	-0.540445
-0.493079	-0.539012
-0.494471	-0.537222
-0.496819	-0.536006
-0.498811	-0.535321
-0.5016	-0.534453
-0.504264	-0.533611
-0.507047	-0.532883
-0.509319	-0.531538
-0.511401	-0.530353
-0.513223	-0.529419
-0.514571	-0.528666
-0.516196	-0.527528
-0.51753	-0.525949
-0.519821	-0.524111
-0.521722	-0.522454
-0.523193	-0.52094
-0.525964	-0.520487
-0.52779	-0.519455
-0.529542	-0.518629
-0.531533	-0.51765
-0.533672	-0.517509
-0.535828	-0.517107
-0.537886	-0.516544
-0.539906	-0.515895
-0.541935	-0.51492
-0.54381	-0.514511
-0.54541	-0.513861
-0.547228	-0.512679
-0.549059	-0.511485
-0.550692	-0.510007
-0.552167	-0.50864
-0.55424	-0.507322
-0.555975	-0.506713
-0.558099	-0.505943
-0.56011	-0.505192
-0.562024	-0.505202
-0.564312	-0.505528
-0.566595	-0.506068
-0.568271	-0.506158
-0.569946	-0.50636
-0.571979	-0.50656
-0.573946	-0.50677
-0.575653	-0.506591
-0.577356	-0.506734
-0.578968	-0.506561
-0.580376	-0.506335
-0.581837	-0.506098
-0.583388	-0.505742
-0.584836	-0.505281
-0.586648	-0.504735
-0.588393	-0.504183
-0.590202	-0.503714
-0.591719	-0.503408
-0.593068	-0.50307
-0.594392	-0.502822
-0.595702	-0.502221
-0.597019	-0.501448
-0.598125	-0.500823
-0.600019	-0.500217
-0.601822	-0.499803
-0.603597	-0.499461
-0.605153	-0.499179
-0.606928	-0.498171
-0.608626	-0.496943
-0.610184	-0.495587
-0.611164	-0.493779
-0.611498	-0.492411
-0.611324	-0.491119
-0.611219	-0.489693
-0.612054	-0.488268
-0.61286	-0.487013
-0.613893	-0.48562
-0.614888	-0.484328
-0.616117	-0.482947
-0.616838	-0.481304
-0.617411	-0.479163
-0.618147	-0.477584
-0.61898	-0.476412
-0.619094	-0.474435
-0.618977	-0.472543
-0.619247	-0.47061
-0.619548	-0.468229
-0.619102	-0.465472
-0.6185	-0.462865
-0.617813	-0.461091
-0.617631	-0.459154
-0.617281	-0.456861
-0.615903	-0.453935
-0.614072	-0.451514
-0.612499	-0.44949
-0.610633	-0.447542
-0.608662	-0.445906
-0.606649	-0.444156
-0.604802	-0.442607
-0.603091	-0.44043
-0.601299	-0.43845
-0.599622	-0.43658
-0.598716	-0.435035
-0.598591	-0.434421
-0.598472	-0.433417
-0.599073	-0.431766
-0.59964	-0.430178
-0.600309	-0.428307
-0.600926	-0.427128
-0.601774	-0.425901
-0.60277	-0.424698
-0.603838	-0.423446
-0.605578	-0.42247
-0.607369	-0.421543
-0.60905	-0.420496
-0.610543	-0.419537
-0.61204	-0.418601
-0.61364	-0.417438
-0.614885	-0.417104
-0.615586	-0.41557
-0.616209	-0.414061
-0.616362	-0.412781
-0.616556	-0.411583
-0.616897	-0.409874
-0.616951	-0.408416
-0.616976	-0.406788
-0.616668	-0.404843
-0.6163	-0.402786
-0.615886	-0.401182
-0.615827	-0.399498
-0.616729	-0.397355
-0.617121	-0.395629
-0.617463	-0.393919
-0.617847	-0.391828
-0.618132	-0.389863
-0.618803	-0.388422
-0.619335	-0.386833
-0.619668	-0.385346
-0.619905	-0.38391
-0.619955	-0.383175
-0.619815	-0.382375
-0.620233	-0.381994
-0.620979	-0.38123
-0.621833	-0.380246
-0.622595	-0.379184
-0.623426	-0.378642
-0.624346	-0.378021
-0.625181	-0.377141
-0.626514	-0.376281
-0.627414	-0.375221
-0.628451	-0.374052
-0.629459	-0.372781
-0.630436	-0.371488
-0.630964	-0.369834
-0.631388	-0.367959
-0.631887	-0.366626
-0.632609	-0.36538
-0.633356	-0.364427
-0.634096	-0.362869
-0.634742	-0.361349
-0.63606	-0.359314
-0.637322	-0.357651
-0.638518	-0.356107
-0.639123	-0.355017
-0.639721	-0.353904
-0.640419	-0.352924
-0.641063	-0.351685
-0.641691	-0.350494
-0.642344	-0.349263
-0.643172	-0.348115
-0.643846	-0.3471
-0.644594	-0.346111
-0.645167	-0.345391
-0.646145	-0.345191
-0.64729	-0.344952
-0.649037	-0.344561
-0.650899	-0.343977
-0.652574	-0.343458
-0.654659	-0.342807
-0.657194	-0.342489
-0.659545	-0.342574
-0.662551	-0.342488
-0.666114	-0.34178
-0.669439	-0.341278
-0.672407	-0.340904
-0.674855	-0.339848
-0.677358	-0.33966
-0.679744	-0.339553
-0.681988	-0.339446
-0.683942	-0.339706
-0.685666	-0.339093
-0.68733	-0.338555
-0.688803	-0.337968
-0.690297	-0.33738
-0.691856	-0.336881
-0.693747	-0.336942
-0.696105	-0.337358
-0.69736	-0.337807
-0.698641	-0.339035
-0.700233	-0.340415
-0.701709	-0.342046
-0.703046	-0.343861
-0.704063	-0.345728
-0.705036	-0.347531
-0.705805	-0.349605
-0.706272	-0.352109
-0.70651	-0.354495
-0.706768	-0.356724
-0.707016	-0.35847
-0.707606	-0.360809
-0.70808	-0.36273
-0.708512	-0.364628
-0.708744	-0.366323
-0.709072	-0.36795
-0.709013	-0.369506
-0.708934	-0.371356
-0.708498	-0.373131
-0.708281	-0.374454
-0.709216	-0.376305
-0.710388	-0.377829
-0.711194	-0.379368
-0.711832	-0.380844
-0.712432	-0.382176
-0.713155	-0.383523
-0.714016	-0.384754
-0.714801	-0.385888
-0.715626	-0.387111
-0.716052	-0.388455
-0.716874	-0.390332
-0.717652	-0.392962
-0.718726	-0.395588
-0.719733	-0.398091
-0.720775	-0.400821
-0.72174	-0.403227
-0.723196	-0.404861
-0.724176	-0.406808
-0.725158	-0.408711
-0.726079	-0.410618
-0.727182	-0.412687
-0.72806	-0.41464
-0.728212	-0.417169
-0.728319	-0.419557
-0.729057	-0.42126
-0.729507	-0.423626
-0.729969	-0.425901
-0.730804	-0.428599
-0.731563	-0.431104
-0.731886	-0.433685
-0.73287	-0.436069
-0.733436	-0.438185
-0.733749	-0.440495
-0.733928	-0.442777
-0.734302	-0.445345
-0.734679	-0.448091
-0.734951	-0.45063
-0.735414	-0.453119
-0.735895	-0.455422
-0.736458	-0.457789
-0.736918	-0.46022
-0.737394	-0.462543
-0.738041	-0.464397
-0.738498	-0.466691
-0.738333	-0.468969
-0.738841	-0.471939
-0.739317	-0.474578
-0.738987	-0.477082
-0.738523	-0.479528
-0.738228	-0.481738
-0.738746	-0.48366
-0.738908	-0.485524
-0.739121	-0.487574
-0.739461	-0.489712
-0.739887	-0.491641
-0.740042	-0.493921
-0.740238	-0.496057
-0.740405	-0.497858
-0.740591	-0.499447
-0.740696	-0.501098
-0.74043	-0.502172
-0.740613	-0.502733
-0.740988	-0.503691
-0.741394	-0.504928
-0.742517	-0.506304
-0.743227	-0.507554
-0.744095	-0.508555
-0.745257	-0.509187
-0.746791	-0.510023
-0.748424	-0.511623
-0.749785	-0.513492
-0.75129	-0.515576
-0.752767	-0.517216
-0.754003	-0.51816
-0.755199	-0.519139
-0.756238	-0.520115
-0.757329	-0.522123
-0.758765	-0.523736
-0.760658	-0.524733
-0.76262	-0.525115
-0.764286	-0.525437
-0.765868	-0.525811
-0.767342	-0.526004
-0.768641	-0.526436
-0.76986	-0.527174
-0.771196	-0.527707
-0.772895	-0.528886
-0.774021	-0.530468
-0.774664	-0.531631
-0.775067	-0.532778
-0.776026	-0.534478
-0.777362	-0.536816
-0.777865	-0.539355
-0.778211	-0.541372
-0.778576	-0.543368
-0.778922	-0.545408
-0.779713	-0.546563
-0.780845	-0.547861
-0.781898	-0.549198
-0.782969	-0.55115
-0.783477	-0.552718
-0.783601	-0.55443
-0.783541	-0.556092
-0.783253	-0.556768
-0.783581	-0.558058
-0.784231	-0.55963
-0.785028	-0.561332
-0.785831	-0.562954
-0.786731	-0.564334
-0.787453	-0.565822
-0.788432	-0.567189
-0.789594	-0.568529
-0.790928	-0.56979
-0.791274	-0.570891
-0.791593	-0.572375
-0.791718	-0.574123
-0.791947	-0.576024
-0.792185	-0.57802
-0.792314	-0.579818
-0.792434	-0.581531
-0.792711	-0.5834
-0.79308	-0.5852
-0.793415	-0.586952
-0.793747	-0.588633
-0.79437	-0.590144
-0.795359	-0.591018
-0.796724	-0.592248
-0.798052	-0.593718
-0.800243	-0.594629
-0.802554	-0.595511
-0.805073	-0.595983
-0.807868	-0.596927
-0.810473	-0.59778
-0.812803	-0.598583
-0.815549	-0.599205
-0.818307	-0.599927
-0.821001	-0.600901
-0.82312	-0.601584
-0.825369	-0.602068
-0.827463	-0.60252
-0.829292	-0.602961
-0.830839	-0.603642
-0.832207	-0.60447
-0.833507	-0.605072
-0.834889	-0.605816
-0.836283	-0.606635
-0.837374	-0.607122
-0.838769	-0.60743
-0.840213	-0.607762
-0.841461	-0.607182
-0.842465	-0.606859
-0.844176	-0.607376
-0.845986	-0.607645
-0.848259	-0.60828
-0.851116	-0.610086
-0.853924	-0.612038
-0.855668	-0.614145
-0.857687	-0.616018
-0.85944	-0.618132
-0.860681	-0.619963
-0.861901	-0.621772
-0.862975	-0.623474
-0.863738	-0.625284
-0.86431	-0.626922
-0.86458	-0.628419
-0.864446	-0.630231
-0.864301	-0.632021
-0.863876	-0.634356
-0.863164	-0.636909
-0.862456	-0.63816
-0.861894	-0.639366
-0.860586	-0.640378
-0.859496	-0.641199
-0.858483	-0.642156
-0.856958	-0.642689
-0.855057	-0.642939
-0.853677	-0.64404
-0.851906	-0.645063
-0.850854	-0.646187
-0.849844	-0.647519
-0.848518	-0.648344
-0.847027	-0.649759
-0.845642	-0.651168
-0.844404	-0.652562
-0.84274	-0.654385
-0.841215	-0.656048
-0.839785	-0.657354
-0.838486	-0.659267
-0.837078	-0.660963
-0.836133	-0.66158
-0.835661	-0.661895
-0.834642	-0.662704
-0.832899	-0.66314
-0.83103	-0.662888
-0.828982	-0.662877
-0.826973	-0.66258
-0.825035	-0.662298
-0.823078	-0.661819
-0.821223	-0.661406
-0.819359	-0.660269
-0.817288	-0.659639
-0.815188	-0.658786
-0.813546	-0.65816
-0.811693	-0.657287
-0.809822	-0.656544
-0.808254	-0.655914
-0.80688	-0.655265
-0.805558	-0.65476
-0.8039	-0.653242
-0.802538	-0.652014
-0.800942	-0.650639
-0.799706	-0.649899
-0.798492	-0.648947
-0.796973	-0.648391
-0.795336	-0.647655
-0.793611	-0.646719
-0.792044	-0.645896
-0.790693	-0.645058
-0.789464	-0.644059
-0.788476	-0.643428
-0.787614	-0.64321
-0.787127	-0.643058
-0.786529	-0.642849
-0.786286	-0.642244
-0.786348	-0.641434
-0.786691	-0.640076
-0.787153	-0.63819
-0.787733	-0.63677
-0.788273	-0.63553
-0.788967	-0.634265
-0.789244	-0.633563
-0.789686	-0.632865
-0.790942	-0.632836
-0.792443	-0.632812
-0.793991	-0.632921
-0.795416	-0.633245
-0.796791	-0.633766
-0.797956	-0.63436
-0.799696	-0.634563
-0.80082	-0.634895
-0.802002	-0.635194
-0.802889	-0.635068
-0.804001	-0.634967
-0.805763	-0.634644
-0.807423	-0.634355
-0.808829	-0.634325
-0.810552	-0.634357
-0.812188	-0.634473
-0.814118	-0.634188
-0.816031	-0.632924
-0.818253	-0.632121
-0.821048	-0.631014
-0.823347	-0.629794
-0.825435	-0.629197
-0.827671	-0.629221
-0.830054	-0.629099
-0.832586	-0.629512
-0.834722	-0.629906
-0.837875	-0.631164
-0.840686	-0.632197
-0.843579	-0.633332
-0.846267	-0.63444
-0.84905	-0.635231
-0.850909	-0.635804
-0.852726	-0.636166
-0.855076	-0.636273
-0.857498	-0.636376
-0.86001	-0.636381
-0.862317	-0.636393
-0.865392	-0.635956
-0.868103	-0.635256
-0.870463	-0.635011
-0.872488	-0.634221
-0.874504	-0.632916
-0.876593	-0.631961
-0.878897	-0.630597
-0.881187	-0.629389
-0.882186	-0.62741
-0.883159	-0.62564
-0.883919	-0.624283
-0.884808	-0.623095
-0.885771	-0.621898
-0.886956	-0.620849
-0.888276	-0.619861
-0.889776	-0.618898
-0.890862	-0.618041
-0.892225	-0.61657
-0.893835	-0.615139
-0.895178	-0.613438
-0.896475	-0.611759
-0.89833	-0.609702
-0.900269	-0.608288
-0.901043	-0.60685
-0.901732	-0.605569
-0.902841	-0.603222
-0.904334	-0.600653
-0.905516	-0.598592
-0.906814	-0.596606
-0.908628	-0.594508
-0.910365	-0.592826
-0.912795	-0.591106
-0.915247	-0.589459
-0.917139	-0.588863
-0.918719	-0.587473
-0.920237	-0.585999
-0.922047	-0.584524
-0.923715	-0.582954
-0.925057	-0.581184
-0.925986	-0.579384
-0.926897	-0.577622
-0.927512	-0.575871
-0.928044	-0.57422
-0.929003	-0.573083
-0.929165	-0.572312
-0.928674	-0.571546
-0.928253	-0.571036
-0.927658	-0.57042
-0.926548	-0.56987
-0.925284	-0.569963
-0.923956	-0.570785
-0.922363	-0.571296
-0.920449	-0.57223
-0.918633	-0.573288
-0.916676	-0.574315
-0.914287	-0.575702
-0.911861	-0.577414
-0.909712	-0.579764
-0.906959	-0.582158
-0.9045	-0.584307
-0.902376	-0.586345
-0.900551	-0.588006
-0.89916	-0.58951
-0.897931	-0.591937
-0.896928	-0.594519
-0.896059	-0.596956
-0.895041	-0.600088
-0.894248	-0.60293
-0.893215	-0.605973
-0.892498	-0.608698
-0.891846	-0.611257
-0.891312	-0.613571
-0.890355	-0.614961
-0.889322	-0.616213
-0.888287	-0.617486
-0.88737	-0.618682
-0.886628	-0.619162
-0.886688	-0.619883
-0.887107	-0.620981
-0.887167	-0.622021
-0.887173	-0.623118
-0.887117	-0.624179
-0.886707	-0.625432
-0.886309	-0.626641
-0.885772	-0.627805
-0.885094	-0.629073
-0.884844	-0.629513
-0.884907	-0.630829
-0.885608	-0.632236
-0.886331	-0.63399
-0.887303	-0.636115
-0.888029	-0.637988
-0.888784	-0.639679
-0.889307	-0.641128
-0.889952	-0.642362
-0.890592	-0.64367
-0.891308	-0.644889
-0.891929	-0.646063
-0.892468	-0.64713
-0.893349	-0.648243
-0.8946	-0.648539
-0.895424	-0.64825
-0.896473	-0.647705
-0.897697	-0.647471
-0.899005	-0.647171
-0.90034	-0.646873
-0.901838	-0.646638
-0.903466	-0.646309
-0.904911	-0.646227
-0.906415	-0.646052
-0.908311	-0.645417
-0.910911	-0.644937
-0.91361	-0.644751
-0.915811	-0.64444
-0.917852	-0.644241
-0.919886	-0.644015
-0.921853	-0.643778
-0.924241	-0.643649
-0.926053	-0.643755
-0.927493	-0.643474
-0.928537	-0.643066
-0.929455	-0.642751
-0.930196	-0.642783
-0.931195	-0.642758
-0.932029	-0.642552
-0.933536	-0.642585
-0.934897	-0.642683
-0.93642	-0.642041
-0.937864	-0.641416
-0.939837	-0.641002
-0.941572	-0.639958
-0.943281	-0.638945
-0.945201	-0.637791
-0.947049	-0.636528
-0.949039	-0.635256
-0.950969	-0.633929
-0.952887	-0.632652
-0.954769	-0.631269
-0.956271	-0.629905
-0.957742	-0.628583
-0.959044	-0.627265
-0.959746	-0.6266
-0.96049	-0.62606
-0.961213	-0.625815
-0.96214	-0.625558
-0.963165	-0.625633
-0.964315	-0.62481
-0.965364	-0.624064
-0.966465	-0.623367
-0.967384	-0.623065
-0.968256	-0.622579
-0.968627	-0.622228
-0.969306	-0.621471
-0.969618	-0.620561
-0.969693	-0.619302
-0.969978	-0.618117
-0.970316	-0.617147
-0.970898	-0.616196
-0.971253	-0.61487
-0.971685	-0.613638
-0.972101	-0.612443
-0.972042	-0.610856
-0.971981	-0.609467
-0.972036	-0.608229
-0.972684	-0.606497
-0.972902	-0.60431
-0.973952	-0.602299
-0.974921	-0.600263
-0.975921	-0.598563
-0.977454	-0.597568
-0.978473	-0.597104
-0.979517	-0.596745
-0.980728	-0.596346
-0.981785	-0.596008
-0.982985	-0.595665
-0.983884	-0.594656
-0.984576	-0.593682
-0.98545	-0.593181
-0.985845	-0.592581
-0.986046	-0.591758
-0.986277	-0.590778
-0.986745	-0.589405
-0.987704	-0.588222
-0.988672	-0.58734
-0.98983	-0.586129
-0.991074	-0.584851
-0.992436	-0.583071
-0.993696	-0.580907
-0.994657	-0.578922
-0.995839	-0.577001
-0.996641	-0.575215
-0.997415	-0.5736
-0.997894	-0.571537
-0.998263	-0.569737
-0.998648	-0.567729
-0.998924	-0.566109
-0.999211	-0.56449
-0.999513	-0.56289
-0.999849	-0.561878
-0.99977	-0.560898
-0.998782	-0.559468
-0.997947	-0.558218
-0.996752	-0.556696
-0.995532	-0.555093
-0.994398	-0.553646
-0.993064	-0.552747
-0.991769	-0.551844
-0.989922	-0.550731
-0.988214	-0.549776
-0.986422	-0.548644
-0.984715	-0.547478
-0.982354	-0.545956
-0.98015	-0.544851
-0.97789	-0.543828
-0.975509	-0.543021
-0.973597	-0.54215
-0.972238	-0.541677
-0.970965	-0.540805
-0.969797	-0.539901
-0.968707	-0.539263
-0.967635	-0.538463
-0.966536	-0.537643
-0.965664	-0.536491
-0.964797	-0.535293
-0.963931	-0.534233
-0.962883	-0.533956
-0.961769	-0.533674
-0.961128	-0.533467
-0.960232	-0.532924
-0.958812	-0.532916
-0.958559	-0.533264
-0.958241	-0.533941
-0.957837	-0.534806
-0.957015	-0.536023
-0.956407	-0.537644
-0.955409	-0.539204
-0.954427	-0.539965
-0.953548	-0.540863
-0.953126	-0.541358
-0.952586	-0.541877
-0.9521	-0.542539
-0.951245	-0.543181
-0.95053	-0.543329
-0.949665	-0.543519
-0.949183	-0.543752
-0.948361	-0.544038
-0.947475	-0.544483
-0.946536	-0.544935
-0.945654	-0.545074
-0.944646	-0.544872
-0.944122	-0.544247
-0.943458	-0.543362
-0.943209	-0.542789
-0.942806	-0.54121
-0.942843	-0.539247
-0.942848	-0.537397
-0.942962	-0.535023
-0.942666	-0.533173
-0.942364	-0.531388
-0.94246	-0.529161
-0.942137	-0.527306
-0.941563	-0.525307
-0.940819	-0.52456
-0.939857	-0.523493
-0.938982	-0.52222
-0.937657	-0.520084
-0.936474	-0.517913
-0.935332	-0.516079
-0.934397	-0.514441
-0.93347	-0.512671
-0.932577	-0.510958
-0.932016	-0.508917
-0.932166	-0.506496
-0.932294	-0.504177
-0.932271	-0.501532
-0.932778	-0.498827
-0.933252	-0.496288
-0.933538	-0.493745
-0.933786	-0.491336
-0.933967	-0.488895
-0.934121	-0.486662
-0.934862	-0.485121
-0.935658	-0.483572
-0.935816	-0.482132
-0.936756	-0.481168
-0.938031	-0.48034
-0.939748	-0.479751
-0.941731	-0.479415
-0.943378	-0.478907
-0.94521	-0.478357
-0.947157	-0.477318
-0.949027	-0.476391
-0.950801	-0.475425
-0.952472	-0.474918
-0.954366	-0.474079
-0.956529	-0.473686
-0.958622	-0.473342
-0.96002	-0.472586
-0.961754	-0.471511
-0.963231	-0.470727
-0.964496	-0.469428
-0.965569	-0.467869
-0.966477	-0.466854
-0.967012	-0.465519
-0.967124	-0.4642
-0.966978	-0.462759
-0.966772	-0.461469
-0.966425	-0.459861
-0.965841	-0.457933
-0.965086	-0.456485
-0.965105	-0.454307
-0.96521	-0.451572
-0.96528	-0.449487
-0.965381	-0.447174
-0.965541	-0.444895
-0.96623	-0.442952
-0.96676	-0.441758
-0.967299	-0.440974
-0.96814	-0.439301
-0.969149	-0.438022
-0.970197	-0.43675
-0.971372	-0.435288
-0.972729	-0.433328
-0.973968	-0.431466
-0.974854	-0.429834
-0.975728	-0.428229
-0.976802	-0.427237
-0.977921	-0.426218
-0.978902	-0.425094
-0.980059	-0.424337
-0.980996	-0.424505
-0.982116	-0.424732
-0.983198	-0.424937
-0.984421	-0.425141
-0.985839	-0.425252
-0.987452	-0.424849
-0.989007	-0.424437
-0.990754	-0.424158
-0.992297	-0.423405
-0.993815	-0.422123
-0.995448	-0.420954
-0.996888	-0.419734
-0.997854	-0.419151
-0.998983	-0.418193
-0.999948	-0.417583
-1.00065	-0.417147
-1.00155	-0.416619
-1.0016	-0.415647
-1.00172	-0.41451
-1.00176	-0.413476
-1.00274	-0.411939
-1.00393	-0.410245
-1.00462	-0.408757
-1.00541	-0.40748
-1.00664	-0.406398
-1.00839	-0.405907
-1.00964	-0.405244
-1.01019	-0.40487
-1.01163	-0.404503
-1.0132	-0.40419
-1.0148	-0.403841
-1.01616	-0.404427
-1.01774	-0.404901
-1.01906	-0.405707
-1.02043	-0.406081
-1.0212	-0.406631
-1.0219	-0.406801
-1.0229	-0.407592
-1.02386	-0.408509
-1.02437	-0.409833
-1.02407	-0.410958
-1.02387	-0.411448
-1.02382	-0.411119
-1.02372	-0.410494
-1.02392	-0.409603
-1.02367	-0.409188
-1.0231	-0.408398
-1.02233	-0.407941
-1.02138	-0.40744
-1.0201	-0.407484
-1.01853	-0.407747
-1.01754	-0.407919
-1.01617	-0.407849
-1.01492	-0.408127
-1.014	-0.408328
-1.01289	-0.408588
-1.01167	-0.408908
-1.01019	-0.409566
-1.00848	-0.410097
-1.00651	-0.409588
-1.00425	-0.408931
-1.00217	-0.408275
-1.00013	-0.407822
-0.998542	-0.406907
-0.996288	-0.406287
-0.993487	-0.405839
-0.990556	-0.405676
-0.987564	-0.405136
-0.984697	-0.405027
-0.982235	-0.405071
-0.979877	-0.405375
-0.977758	-0.40583
-0.975713	-0.4066
-0.973961	-0.407311
-0.972605	-0.407985
-0.971208	-0.408476
-0.969681	-0.409478
-0.968329	-0.4107
-0.967052	-0.411881
-0.966965	-0.413097
-0.966937	-0.414277
-0.966744	-0.415283
-0.966141	-0.416373
-0.965521	-0.417604
-0.964434	-0.418782
-0.96329	-0.419943
-0.961507	-0.421081
-0.959799	-0.422191
-0.957937	-0.423285
-0.956999	-0.424067
-0.955487	-0.42429
-0.953859	-0.424607
-0.952295	-0.424958
-0.949683	-0.426479
-0.947476	-0.427861
-0.94555	-0.42941
-0.943764	-0.43082
-0.942348	-0.432418
-0.940616	-0.432879
-0.939095	-0.433207
-0.937451	-0.43369
-0.935835	-0.434221
-0.934502	-0.435277
-0.933273	-0.436278
-0.931936	-0.437119
-0.930859	-0.437854
-0.929307	-0.439526
-0.927449	-0.441454
-0.925755	-0.443493
-0.923797	-0.444924
-0.922116	-0.446588
-0.920201	-0.448511
-0.917998	-0.450387
-0.915995	-0.452388
-0.914187	-0.454275
-0.912411	-0.456635
-0.910663	-0.458879
-0.908898	-0.460894
-0.907553	-0.462948
-0.906264	-0.465283
-0.905037	-0.467478
-0.904178	-0.469286
-0.903352	-0.470695
-0.901983	-0.472162
-0.900696	-0.472836
-0.899392	-0.473572
-0.898059	-0.474061
-0.896711	-0.47455
-0.894644	-0.474307
-0.892963	-0.474266
-0.891453	-0.474041
-0.88968	-0.473169
-0.888484	-0.472993
-0.887168	-0.472829
-0.885677	-0.472653
-0.884216	-0.472503
-0.882741	-0.472181
-0.880968	-0.470709
-0.879539	-0.469215
-0.87752	-0.467292
-0.875891	-0.465568
-0.874393	-0.463898
-0.873424	-0.462662
-0.872077	-0.461428
-0.870861	-0.460307
-0.869084	-0.459058
-0.867284	-0.457813
-0.865148	-0.456722
-0.863757	-0.455737
-0.860957	-0.453882
-0.859272	-0.452445
-0.85807	-0.450593
-0.856582	-0.44942
-0.855042	-0.448127
-0.853572	-0.44695
-0.85243	-0.445806
-0.851297	-0.444673
-0.850179	-0.443468
-0.849032	-0.442154
-0.847726	-0.440626
-0.846355	-0.439175
-0.845011	-0.437746
-0.843616	-0.436276
-0.842786	-0.434865
-0.841585	-0.433413
-0.840759	-0.431585
-0.840035	-0.430727
-0.839194	-0.429365
-0.838329	-0.428282
-0.837435	-0.426291
-0.836714	-0.424101
-0.836364	-0.421398
-0.836066	-0.418749
-0.835767	-0.41632
-0.835106	-0.41428
-0.833853	-0.411645
-0.8327	-0.409177
-0.831331	-0.406994
-0.829954	-0.404737
-0.829585	-0.403385
-0.829466	-0.402183
-0.829166	-0.400781
-0.828974	-0.398208
-0.829294	-0.395794
-0.829624	-0.393377
-0.829192	-0.390939
-0.828814	-0.387817
-0.82809	-0.384983
-0.827546	-0.382655
-0.827331	-0.380407
-0.827134	-0.37828
-0.827112	-0.376241
-0.827143	-0.374352
-0.827632	-0.372185
-0.827319	-0.370595
-0.827103	-0.36868
-0.826439	-0.367384
-0.825882	-0.365992
-0.824907	-0.364505
-0.824452	-0.363557
-0.823903	-0.362599
-0.823641	-0.361732
-0.82323	-0.361178
-0.822503	-0.359544
-0.821513	-0.357861
-0.820492	-0.356594
-0.819516	-0.35539
-0.818797	-0.354817
-0.817441	-0.354196
-0.816038	-0.352773
-0.813592	-0.351608
-0.811348	-0.350297
-0.809302	-0.3494
-0.806813	-0.348638
-0.804471	-0.347928
-0.802243	-0.347475
-0.800794	-0.346617
-0.799227	-0.345679
-0.797768	-0.344112
-0.796523	-0.34313
-0.79594	-0.341939
-0.795334	-0.340626
-0.794877	-0.339044
-0.794089	-0.337212
-0.793383	-0.335351
-0.792496	-0.333279
-0.791475	-0.331304
-0.790417	-0.329809
-0.789721	-0.327724
-0.788215	-0.325676
-0.786763	-0.324093
-0.785691	-0.322745
-0.784858	-0.321458
-0.784053	-0.320203
-0.783503	-0.319428
-0.782503	-0.318312
-0.782154	-0.317081
-0.781556	-0.315562
-0.781748	-0.313893
-0.781709	-0.312184
-0.781358	-0.310705
-0.78116	-0.308696
-0.780557	-0.306166
-0.779906	-0.303497
-0.779578	-0.300924
-0.778542	-0.298107
-0.777808	-0.29576
-0.77689	-0.293983
-0.775799	-0.291609
-0.774791	-0.289397
-0.774012	-0.287432
-0.77338	-0.2854
-0.772371	-0.282751
-0.771342	-0.280229
-0.770438	-0.277917
-0.769545	-0.2757
-0.768588	-0.274062
-0.767501	-0.272845
-0.766259	-0.271487
-0.765018	-0.270959
-0.763085	-0.270562
-0.76119	-0.2702
-0.759367	-0.269554
-0.757622	-0.268936
-0.755944	-0.268227
-0.75446	-0.267454
-0.75315	-0.266566
-0.751862	-0.265633
-0.750206	-0.264763
-0.748595	-0.263911
-0.746981	-0.263089
-0.7458	-0.262524
-0.744343	-0.262089
-0.742892	-0.26174
-0.741654	-0.262763
-0.740898	-0.264424
-0.739668	-0.266777
-0.738777	-0.26925
-0.737299	-0.271337
-0.735961	-0.272715
-0.735403	-0.274649
-0.734594	-0.276508
-0.733766	-0.27839
-0.733936	-0.280686
-0.734936	-0.282785
-0.735732	-0.284037
-0.736287	-0.286042
-0.737068	-0.288152
-0.737885	-0.29033
-0.738625	-0.292459
-0.73967	-0.29475
-0.740542	-0.296986
-0.741385	-0.2991
-0.741868	-0.300047
-0.742215	-0.301113
-0.742763	-0.301486
-0.743847	-0.302087
-0.745028	-0.3027
-0.747435	-0.303302
-0.749566	-0.304239
-0.751648	-0.305067
-0.752986	-0.306119
-0.754066	-0.307121
-0.75457	-0.307685
-0.755198	-0.308358
-0.755783	-0.309086
-0.75685	-0.311319
-0.757493	-0.31347
-0.757913	-0.315365
-0.758067	-0.316992
-0.758064	-0.318567
-0.759098	-0.320151
-0.760612	-0.321551
-0.76209	-0.322913
-0.762957	-0.324553
-0.764452	-0.32646
-0.765776	-0.327904
-0.767369	-0.3295
-0.769053	-0.330963
-0.770841	-0.332326
-0.772982	-0.333577
-0.775054	-0.334711
-0.776958	-0.335732
-0.777778	-0.336972
-0.778726	-0.338495
-0.77967	-0.340083
-0.780436	-0.34119
-0.781036	-0.341396
-0.781609	-0.34154
-0.782664	-0.341422
-0.784084	-0.341259
-0.785613	-0.34143
-0.786336	-0.341136
-0.78736	-0.341078
-0.788489	-0.341249
-0.789894	-0.341347
-0.791333	-0.341852
-0.793162	-0.342876
-0.795039	-0.34422
-0.796605	-0.345326
-0.798238	-0.346474
-0.79946	-0.348633
-0.800931	-0.350557
-0.80222	-0.351586
-0.803219	-0.352917
-0.804152	-0.354354
-0.804469	-0.355951
-0.804292	-0.357603
-0.804693	-0.359384
-0.805086	-0.361058
-0.805346	-0.362507
-0.805619	-0.363718
-0.80558	-0.36528
-0.805707	-0.367029
-0.805724	-0.368872
-0.805685	-0.370658
-0.805594	-0.372069
-0.805593	-0.373604
-0.806024	-0.375719
-0.805675	-0.377578
-0.805027	-0.379256
-0.804206	-0.380679
-0.803889	-0.381183
-0.803667	-0.381252
-0.803199	-0.381361
-0.802383	-0.381188
-0.801856	-0.380967
-0.800139	-0.380747
-0.798174	-0.380895
-0.796341	-0.381009
-0.794005	-0.380488
-0.791753	-0.380008
-0.78994	-0.379524
-0.788142	-0.379044
-0.786256	-0.378505
-0.784549	-0.378635
-0.782765	-0.378855
-0.780549	-0.378836
-0.778583	-0.378985
-0.776471	-0.379173
-0.774736	-0.380088
-0.772888	-0.381189
-0.770967	-0.382629
-0.768745	-0.384288
-0.765687	-0.385933
-0.763102	-0.386546
-0.760871	-0.387239
-0.758807	-0.387865
-0.756484	-0.388347
-0.754194	-0.388367
-0.752198	-0.388998
-0.750222	-0.389559
-0.748786	-0.389904
-0.746422	-0.390376
-0.744057	-0.39062
-0.742002	-0.390851
-0.739225	-0.390594
-0.737088	-0.389593
-0.734473	-0.388645
-0.731984	-0.387779
-0.729739	-0.387334
-0.728563	-0.387524
-0.727422	-0.387714
-0.72637	-0.388574
-0.725215	-0.389682
-0.724125	-0.390936
-0.722864	-0.391937
-0.721435	-0.393023
-0.720605	-0.394889
-0.71978	-0.396618
-0.719328	-0.398162
-0.718969	-0.400091
-0.718911	-0.402707
-0.718951	-0.405406
-0.718938	-0.407834
-0.718443	-0.409765
-0.718019	-0.411644
-0.717667	-0.413453
-0.717276	-0.415487
-0.716968	-0.417434
-0.716734	-0.41942
-0.716828	-0.421126
-0.716998	-0.423306
-0.717238	-0.425462
-0.717794	-0.428218
-0.718478	-0.430819
-0.719163	-0.433286
-0.719862	-0.43563
-0.720584	-0.437839
-0.721539	-0.440415
-0.722284	-0.441739
-0.723053	-0.443005
-0.724287	-0.444321
-0.725553	-0.445967
-0.726897	-0.447552
-0.72798	-0.449131
-0.729238	-0.449976
-0.730703	-0.450974
-0.732291	-0.452497
-0.734151	-0.454345
-0.736044	-0.456234
-0.73769	-0.458164
-0.7394	-0.46013
-0.740987	-0.46247
-0.742013	-0.464199
-0.742578	-0.465446
-0.743572	-0.466514
-0.744364	-0.467689
-0.745366	-0.469025
-0.746367	-0.470479
-0.748188	-0.471321
-0.749924	-0.471925
-0.752095	-0.473013
-0.754141	-0.47392
-0.755958	-0.474772
-0.757621	-0.475933
-0.759201	-0.477306
-0.759821	-0.478376
-0.760566	-0.479657
-0.761886	-0.480935
-0.76251	-0.482872
-0.762575	-0.484344
-0.762339	-0.485892
-0.762006	-0.487686
-0.761428	-0.489219
-0.760788	-0.490714
-0.759137	-0.491985
-0.757656	-0.492854
-0.755995	-0.49386
-0.754262	-0.494877
-0.752083	-0.495582
-0.750001	-0.496475
-0.748017	-0.497592
-0.746532	-0.498876
-0.745205	-0.499867
-0.744003	-0.500756
-0.742656	-0.501204
-0.740554	-0.502491
-0.738742	-0.503547
-0.737199	-0.504425
-0.735019	-0.505528
-0.733029	-0.506553
-0.731282	-0.507585
-0.729958	-0.50854
-0.728266	-0.509297
-0.726404	-0.509928
-0.724355	-0.509914
-0.72246	-0.509889
-0.720189	-0.510278
-0.718195	-0.510321
-0.716413	-0.510312
-0.715327	-0.510108
-0.713949	-0.509957
-0.71223	-0.510072
-0.710658	-0.510335
-0.708944	-0.510683
-0.70743	-0.51096
-0.705589	-0.510503
-0.703821	-0.510016
-0.701618	-0.509766
-0.699258	-0.509219
-0.697107	-0.50874
-0.694867	-0.508343
-0.692726	-0.508307
-0.690076	-0.508237
-0.688103	-0.50861
-0.686139	-0.508612
-0.683485	-0.508291
-0.680964	-0.507688
-0.678175	-0.507007
-0.676389	-0.506116
-0.674741	-0.505554
-0.67267	-0.504882
-0.670686	-0.503936
-0.668714	-0.503205
-0.667005	-0.501662
-0.665459	-0.500019
-0.664361	-0.498553
-0.66299	-0.497241
-0.662487	-0.496255
-0.662238	-0.494529
-0.661634	-0.492618
-0.660944	-0.490976
-0.660355	-0.489228
-0.659897	-0.487414
-0.659367	-0.485782
-0.658854	-0.484152
-0.65776	-0.482253
-0.656827	-0.480424
-0.656313	-0.478551
-0.656199	-0.476296
-0.656327	-0.473343
-0.657395	-0.471128
-0.658449	-0.469365
-0.65938	-0.467232
-0.660555	-0.464796
-0.661508	-0.462905
-0.662215	-0.460412
-0.662667	-0.458164
-0.662958	-0.456106
-0.66329	-0.454257
-0.663668	-0.452424
-0.664974	-0.451166
-0.666408	-0.449192
-0.668749	-0.447756
-0.670654	-0.446214
-0.672278	-0.444526
-0.673648	-0.442717
-0.67464	-0.441177
-0.67525	-0.440016
-0.675891	-0.438749
-0.676214	-0.437819
-0.676625	-0.436804
-0.676921	-0.435465
-0.677412	-0.434271
-0.678216	-0.433007
-0.678786	-0.431819
-0.679475	-0.429999
-0.680367	-0.428101
-0.681021	-0.426368
-0.681655	-0.424574
-0.682316	-0.422669
-0.683008	-0.420684
-0.683847	-0.419075
-0.684755	-0.416897
-0.686349	-0.41495
-0.687926	-0.413458
-0.689732	-0.411761
-0.690929	-0.410388
-0.692571	-0.408997
-0.6946	-0.408126
-0.696647	-0.407288
-0.69893	-0.406138
-0.700122	-0.405021
-0.701391	-0.4039
-0.702669	-0.403024
-0.703748	-0.402256
-0.705632	-0.401484
-0.707439	-0.401096
-0.709664	-0.400714
-0.711541	-0.400169
-0.713071	-0.400042
-0.71443	-0.40007
-0.716409	-0.400141
-0.718494	-0.400328
-0.720098	-0.399421
-0.721146	-0.399393
-0.722591	-0.399051
-0.724153	-0.398661
-0.725408	-0.398158
-0.727005	-0.397853
-0.728582	-0.397607
-0.730617	-0.398229
-0.732476	-0.398817
-0.734211	-0.399479
-0.735485	-0.40037
-0.737209	-0.401581
-0.738933	-0.402776
-0.740875	-0.40435
-0.742701	-0.406439
-0.744066	-0.407784
-0.744934	-0.40863
-0.745859	-0.409578
-0.746817	-0.411166
-0.747451	-0.413213
-0.74695	-0.414465
-0.746644	-0.416043
-0.746235	-0.417715
-0.745636	-0.419749
-0.744604	-0.421474
-0.74358	-0.423123
-0.742776	-0.423423
-0.74214	-0.424049
-0.741388	-0.424688
-0.740947	-0.424746
-0.739178	-0.424699
-0.738277	-0.424371
-0.737375	-0.4241
-0.736276	-0.423841
-0.734861	-0.423552
-0.733468	-0.423289
-0.730965	-0.423665
-0.728118	-0.424045
-0.725437	-0.424566
-0.722543	-0.424284
-0.719979	-0.424106
-0.718056	-0.424395
-0.716268	-0.424717
-0.715418	-0.424483
-0.713685	-0.423928
-0.712096	-0.423787
-0.710726	-0.424092
-0.709696	-0.423869
-0.709083	-0.423688
-0.709126	-0.423042
-0.709348	-0.421594
-0.710124	-0.420734
-0.711366	-0.42002
-0.712598	-0.419023
-0.713724	-0.418795
-0.715517	-0.419376
-0.717255	-0.420325
-0.718654	-0.421542
-0.720387	-0.423448
-0.721956	-0.424897
-0.723639	-0.426395
-0.725251	-0.42739
-0.726373	-0.4278
-0.727344	-0.428871
-0.728444	-0.429793
-0.728593	-0.429964
-0.729021	-0.43101
-0.729244	-0.432016
-0.729843	-0.43312
-0.730753	-0.434139
-0.731775	-0.435291
-0.733126	-0.436767
-0.734517	-0.438308
-0.73673	-0.439897
-0.738892	-0.441763
-0.74096	-0.443504
-0.743191	-0.44557
-0.745479	-0.44814
-0.74797	-0.449848
-0.750505	-0.451518
-0.753012	-0.453316
-0.755301	-0.454779
-0.757216	-0.456525
-0.75928	-0.45775
-0.761336	-0.458797
-0.763226	-0.460666
-0.7648	-0.462477
-0.766511	-0.463897
-0.768129	-0.465163
-0.769641	-0.466671
-0.771342	-0.468199
-0.772875	-0.469562
-0.77425	-0.470808
-0.77554	-0.472101
-0.776377	-0.473598
-0.777125	-0.474983
-0.777826	-0.476308
-0.77807	-0.4768
-0.778281	-0.477338
-0.777595	-0.47822
-0.777221	-0.479759
-0.776912	-0.481173
-0.776948	-0.482724
-0.77714	-0.484092
-0.777415	-0.485502
-0.77767	-0.486919
-0.778171	-0.488343
-0.77819	-0.48916
-0.778223	-0.490269
-0.778237	-0.491415
-0.778353	-0.492109
-0.778028	-0.493413
-0.778093	-0.495505
-0.778387	-0.497582
-0.778632	-0.500684
-0.778744	-0.503339
-0.77956	-0.505954
-0.781076	-0.508291
-0.78301	-0.510988
-0.785401	-0.512672
-0.787476	-0.514362
-0.789687	-0.515853
-0.792051	-0.517167
-0.794219	-0.518412
-0.796771	-0.519656
-0.799542	-0.521167
-0.801767	-0.522716
-0.80312	-0.523507
-0.804446	-0.524301
-0.805863	-0.525091
-0.807	-0.525558
-0.80828	-0.526348
-0.809778	-0.526971
-0.811116	-0.527713
-0.812252	-0.528073
-0.813468	-0.527894
-0.815119	-0.527884
-0.816713	-0.527865
-0.818293	-0.526831
-0.81993	-0.525907
-0.821478	-0.525205
-0.823566	-0.524417
-0.825181	-0.52326
-0.827066	-0.522046
-0.829279	-0.521485
-0.831356	-0.520886
-0.833305	-0.520423
-0.834948	-0.519635
-0.836454	-0.518197
-0.837963	-0.516635
-0.83924	-0.515055
-0.840477	-0.513586
-0.84169	-0.512561
-0.843092	-0.511437
-0.844274	-0.510459
-0.845073	-0.50873
-0.845915	-0.50694
-0.846691	-0.505312
-0.847276	-0.503728
-0.847824	-0.502164
-0.848384	-0.500655
-0.848994	-0.499323
-0.849659	-0.49774
-0.851154	-0.496796
-0.852696	-0.495935
-0.854187	-0.4944
-0.855274	-0.492464
-0.856742	-0.489912
-0.85801	-0.488217
-0.859377	-0.486675
-0.860318	-0.485868
-0.86113	-0.484942
-0.862044	-0.483953
-0.863227	-0.482687
-0.865047	-0.48117
-0.86699	-0.479781
-0.868425	-0.478757
-0.86965	-0.477694
-0.870909	-0.476779
-0.87225	-0.475989
-0.873409	-0.4753
-0.874933	-0.473594
-0.876226	-0.472192
-0.87756	-0.470851
-0.879393	-0.468947
-0.880501	-0.467086
-0.882112	-0.46461
-0.883458	-0.462596
-0.884701	-0.460885
-0.886058	-0.46019
-0.88773	-0.459859
-0.889818	-0.460392
-0.891966	-0.460192
-0.894162	-0.460367
-0.89695	-0.460393
-0.900021	-0.460559
-0.903616	-0.459895
-0.906935	-0.459139
-0.909816	-0.457808
-0.912439	-0.456514
-0.9148	-0.455189
-0.917782	-0.453869
-0.920312	-0.452841
-0.922513	-0.451866
-0.924685	-0.450831
-0.926729	-0.449811
-0.928665	-0.448766
-0.930831	-0.447582
-0.932875	-0.446447
-0.934732	-0.445526
-0.936476	-0.44485
-0.938172	-0.443818
-0.93975	-0.442501
-0.940996	-0.441867
-0.942498	-0.441352
-0.944114	-0.441076
-0.945792	-0.441138
-0.947944	-0.440548
-0.950718	-0.439838
-0.953308	-0.438625
-0.956048	-0.437784
-0.958571	-0.437011
-0.960622	-0.436207
-0.962336	-0.435482
-0.964102	-0.434724
-0.965997	-0.433623
-0.966816	-0.432204
-0.966962	-0.430351
-0.96739	-0.427838
-0.968078	-0.425645
-0.968705	-0.42329
-0.969522	-0.421214
-0.970229	-0.419113
-0.971507	-0.416608
-0.974727	-0.413855
-0.977431	-0.411106
-0.979993	-0.409065
-0.98199	-0.406869
-0.98373	-0.405063
-0.985712	-0.403299
-0.987412	-0.401611
-0.988722	-0.400243
-0.99061	-0.398476
-0.992863	-0.396839
-0.995066	-0.395445
-0.997074	-0.394137
-0.998818	-0.393422
-1.00064	-0.393317
-1.00314	-0.393357
-1.00437	-0.393359
-1.00587	-0.393398
-1.00765	-0.392994
-1.00941	-0.393099
-1.01127	-0.39351
-1.0117	-0.393771
-1.0122	-0.394357
-1.01266	-0.395038
-1.01295	-0.396262
-1.01355	-0.396878
-1.0136	-0.397792
-1.01477	-0.399196
-1.01591	-0.400652
-1.01689	-0.402287
-1.01778	-0.403911
-1.01828	-0.405132
-1.01874	-0.406421
-1.01879	-0.408075
-1.0192	-0.410694
-1.01957	-0.41311
-1.02016	-0.415292
-1.02077	-0.417418
-1.02109	-0.419411
-1.02186	-0.420891
-1.02259	-0.422023
-1.02307	-0.423287
-1.02357	-0.424966
-1.02414	-0.426351
-1.02422	-0.427733
-1.0246	-0.428873
-1.02505	-0.430428
-1.02529	-0.432286
-1.02535	-0.433668
-1.02553	-0.434933
-1.0257	-0.435709
-1.02651	-0.436444
-1.02731	-0.437176
-1.02832	-0.438268
-1.02933	-0.439396
-1.03002	-0.44057
-1.03021	-0.442198
-1.03044	-0.444083
-1.03043	-0.446012
-1.03039	-0.447821
-1.03046	-0.449466
-1.03052	-0.450992
-1.02994	-0.451569
-1.02888	-0.45154
-1.02784	-0.451735
-1.02652	-0.452186
-1.0252	-0.452659
-1.02392	-0.452867
-1.02268	-0.453264
-1.02141	-0.45344
-1.01978	-0.453783
-1.01855	-0.453838
-1.01695	-0.4539
-1.01524	-0.454059
-1.01293	-0.454974
-1.01117	-0.455402
-1.00927	-0.455463
-1.00735	-0.455824
-1.00584	-0.455715
-1.00432	-0.455694
-1.00303	-0.455264
-1.00233	-0.4545
-1.0012	-0.453368
-1.00028	-0.452449
-0.999156	-0.45108
-0.997291	-0.448693
-0.995509	-0.447321
-0.994016	-0.44538
-0.992266	-0.443555
-0.990413	-0.440971
-0.988926	-0.438779
-0.987952	-0.437151
-0.986554	-0.435636
-0.984691	-0.433931
-0.983057	-0.433345
-0.981192	-0.432934
-0.979573	-0.433427
-0.978209	-0.434476
-0.977156	-0.435628
-0.9758	-0.436737
-0.975069	-0.43864
-0.97489	-0.440474
-0.974794	-0.442482
-0.97401	-0.444976
-0.973161	-0.447645
-0.972995	-0.450056
-0.973287	-0.452101
-0.973993	-0.454387
-0.974408	-0.45654
-0.974227	-0.458599
-0.974126	-0.460674
-0.973785	-0.463057
-0.97347	-0.46535
-0.973128	-0.467566
-0.972679	-0.46975
-0.972291	-0.47145
-0.971849	-0.473098
-0.97151	-0.474057
-0.970825	-0.47473
-0.969991	-0.475549
-0.969305	-0.475019
-0.968165	-0.474335
-0.967946	-0.473653
-0.967695	-0.472632
-0.967874	-0.471541
-0.968034	-0.47111
-0.968415	-0.471172
-0.969068	-0.47228
-0.969991	-0.473768
-0.970877	-0.475891
-0.972127	-0.478123
-0.973434	-0.480106
-0.974667	-0.482034
-0.975656	-0.483642
-0.97663	-0.485047
-0.978024	-0.486434
-0.980067	-0.488257
-0.981994	-0.489788
-0.984162	-0.490904
-0.986565	-0.491172
-0.988802	-0.491317
-0.990871	-0.491277
-0.992729	-0.49114
-0.994426	-0.491058
-0.995777	-0.490574
-0.99706	-0.490035
-0.997363	-0.490449
-0.997595	-0.490736
-0.998211	-0.49116
-0.999457	-0.491218
-1.00086	-0.491066
-1.0023	-0.490891
-1.00402	-0.490959
-1.00474	-0.49104
-1.00562	-0.491342
-1.00618	-0.491451
-1.00657	-0.491587
-1.00689	-0.491833
-1.00733	-0.492492
-1.00869	-0.493278
-1.01052	-0.494386
-1.01226	-0.49534
-1.01375	-0.496565
-1.01543	-0.497589
-1.01702	-0.4986
-1.01824	-0.499347
-1.01918	-0.500193
-1.02004	-0.501366
-1.02137	-0.503072
-1.02286	-0.504425
-1.0244	-0.50568
-1.02549	-0.507261
-1.02579	-0.508824
-1.02595	-0.5105
-1.02596	-0.51237
-1.02605	-0.513923
-1.02618	-0.515717
-1.02595	-0.517734
-1.0256	-0.519807
-1.02445	-0.521607
-1.0234	-0.523319
-1.02246	-0.524449
-1.02156	-0.52656
-1.02095	-0.528527
-1.02037	-0.530271
-1.01933	-0.532536
-1.0187	-0.53457
-1.0182	-0.536161
-1.01802	-0.537803
-1.01789	-0.539865
-1.01782	-0.541823
-1.01789	-0.543688
-1.01734	-0.545358
-1.01682	-0.546992
-1.01645	-0.548836
-1.01593	-0.550741
-1.01504	-0.552646
-1.01362	-0.554234
-1.0122	-0.555534
-1.01008	-0.557002
-1.00808	-0.558379
-1.00619	-0.559572
-1.00425	-0.560727
-1.0019	-0.561487
-0.999741	-0.562209
-0.997843	-0.562746
-0.996021	-0.563568
-0.995229	-0.564971
-0.994957	-0.566366
-0.994364	-0.567897
-0.993873	-0.569544
-0.99309	-0.571375
-0.993115	-0.572772
-0.992827	-0.574426
-0.992744	-0.576195
-0.992368	-0.577695
-0.991954	-0.579077
-0.990607	-0.580054
-0.989855	-0.58104
-0.989351	-0.58194
-0.988448	-0.582586
-0.987191	-0.583799
-0.98634	-0.584915
-0.985048	-0.586484
-0.98397	-0.588402
-0.982749	-0.590884
-0.98141	-0.594078
-0.979739	-0.596714
-0.978038	-0.599369
-0.976905	-0.60102
-0.975427	-0.602838
-0.974065	-0.604537
-0.971712	-0.606298
-0.969732	-0.608245
-0.96747	-0.610222
-0.965323	-0.612125
-0.963225	-0.613652
-0.9608	-0.61511
-0.958664	-0.616464
-0.956786	-0.617869
-0.955448	-0.619353
-0.954204	-0.620686
-0.95285	-0.622129
-0.951492	-0.623599
-0.950117	-0.625065
-0.948969	-0.625876
-0.947891	-0.626755
-0.947821	-0.627641
-0.947605	-0.629345
-0.947599	-0.631418
-0.948004	-0.633293
-0.948589	-0.635686
-0.949111	-0.638179
-0.948783	-0.640095
-0.949235	-0.64126
-0.949849	-0.642546
-0.950303	-0.643292
-0.950422	-0.644346
-0.950592	-0.645374
-0.950919	-0.647227
-0.950709	-0.649683
-0.950162	-0.651748
-0.949499	-0.65384
-0.948844	-0.655861
-0.948167	-0.657941
-0.947305	-0.659673
-0.945617	-0.661724
-0.944751	-0.663735
-0.943742	-0.665618
-0.942604	-0.667137
-0.942164	-0.66836
-0.941388	-0.670021
-0.941573	-0.671564
-0.941726	-0.673213
-0.941698	-0.674624
-0.941466	-0.676665
-0.941115	-0.678405
-0.94086	-0.68005
-0.940217	-0.681083
-0.939394	-0.682405
-0.939111	-0.683903
-0.93843	-0.685263
-0.937598	-0.686678
-0.936523	-0.688218
-0.935544	-0.689617
-0.934283	-0.691696
-0.933121	-0.693676
-0.932079	-0.695474
-0.930538	-0.697609
-0.928975	-0.699399
-0.926854	-0.701009
-0.924805	-0.703153
-0.923235	-0.704446
-0.920927	-0.705363
-0.918682	-0.706091
-0.917045	-0.707725
-0.915112	-0.7094
-0.913777	-0.711477
-0.912454	-0.713413
-0.911182	-0.715225
-0.909743	-0.716813
-0.908381	-0.718543
-0.907125	-0.72017
-0.905647	-0.722129
-0.905291	-0.723188
-0.905266	-0.72446
-0.905138	-0.725767
-0.905034	-0.727411
-0.904806	-0.729213
-0.904612	-0.731002
-0.904376	-0.732812
-0.904046	-0.734635
-0.903822	-0.736925
-0.903552	-0.739107
-0.903377	-0.741044
-0.902526	-0.742356
-0.90268	-0.743732
-0.903297	-0.745278
-0.904213	-0.746768
-0.904967	-0.747781
-0.905603	-0.748813
-0.906945	-0.750043
-0.908433	-0.751327
-0.90996	-0.7528
-0.912274	-0.754448
-0.914324	-0.755812
-0.916514	-0.757286
-0.918336	-0.759047
-0.920084	-0.760575
-0.921455	-0.762553
-0.922281	-0.763963
-0.923156	-0.765358
-0.924029	-0.766639
-0.925189	-0.767934
-0.926472	-0.769312
-0.927722	-0.771666
-0.928814	-0.773126
-0.930086	-0.775518
-0.93166	-0.777357
-0.932963	-0.779878
-0.934335	-0.782155
-0.936075	-0.783923
-0.937639	-0.785331
-0.939089	-0.786443
-0.940545	-0.787541
-0.942263	-0.78945
-0.943837	-0.791139
-0.945329	-0.792659
-0.946669	-0.794235
-0.947971	-0.795652
-0.948993	-0.796771
-0.950483	-0.797732
-0.952062	-0.798613
-0.953193	-0.799807
-0.954944	-0.80113
-0.956598	-0.802324
-0.957617	-0.80344
-0.958922	-0.805054
-0.960175	-0.806619
-0.961801	-0.807854
-0.9635	-0.809049
-0.965174	-0.810158
-0.966544	-0.811007
-0.968087	-0.811679
-0.970253	-0.811763
-0.97283	-0.811705
-0.976012	-0.811085
-0.979278	-0.810968
-0.982861	-0.810669
-0.985453	-0.810617
-0.987948	-0.810581
-0.990337	-0.810518
-0.992529	-0.810017
-0.995134	-0.810191
-0.997401	-0.809771
-0.999879	-0.809457
-1.0021	-0.809322
-1.00434	-0.80928
-1.00634	-0.809092
-1.00826	-0.808972
-1.01011	-0.809101
-1.01204	-0.809134
-1.01364	-0.80839
-1.01535	-0.807642
-1.01797	-0.807169
-1.02027	-0.806797
-1.02255	-0.806234
-1.02444	-0.805275
-1.02636	-0.803359
-1.02797	-0.801651
-1.02916	-0.800072
-1.03036	-0.798433
-1.03207	-0.797131
-1.03374	-0.795769
-1.03562	-0.794786
-1.0372	-0.794153
-1.03872	-0.793558
-1.04022	-0.793
-1.0417	-0.792623
-1.04357	-0.792473
-1.04505	-0.793277
-1.04716	-0.794195
-1.04914	-0.795482
-1.05097	-0.796765
-1.05274	-0.798024
-1.05456	-0.799264
-1.056	-0.800551
-1.05745	-0.801778
-1.05869	-0.802827
-1.06004	-0.802893
-1.06114	-0.803081
-1.06218	-0.803102
-1.06327	-0.803009
-1.06448	-0.802926
-1.06573	-0.802897
-1.06716	-0.802821
-1.06842	-0.803215
-1.06982	-0.80375
-1.07141	-0.804136
-1.07285	-0.804047
-1.0751	-0.804165
-1.07709	-0.803599
-1.07886	-0.802714
-1.08049	-0.801792
-1.08203	-0.800916
-1.08315	-0.799445
-1.08488	-0.798613
-1.08708	-0.798213
-1.08937	-0.797878
-1.09095	-0.797915
-1.09259	-0.797951
-1.09427	-0.798027
-1.09598	-0.798109
-1.09781	-0.798303
-1.09885	-0.798871
-1.09945	-0.79921
-1.10025	-0.799358
-1.10119	-0.799422
-1.10218	-0.799444
-1.10321	-0.79957
-1.10435	-0.799631
-1.10563	-0.800032
-1.10747	-0.799949
-1.10919	-0.799868
-1.11073	-0.798704
-1.11199	-0.797194
-1.11376	-0.795262
-1.11548	-0.793078
-1.11715	-0.791217
-1.1182	-0.788972
-1.1189	-0.786856
-1.11934	-0.784528
-1.11926	-0.782521
-1.11826	-0.780629
-1.11776	-0.7791
-1.11766	-0.777819
-1.11754	-0.776761
-1.11741	-0.775481
-1.11755	-0.774116
-1.11782	-0.772877
-1.11824	-0.771569
-1.11828	-0.770157
-1.1177	-0.768633
-1.11746	-0.7677
-1.11725	-0.766711
-1.11731	-0.765096
-1.11783	-0.763277
-1.11846	-0.761584
-1.11882	-0.760057
-1.11933	-0.758441
-1.12029	-0.757909
-1.12192	-0.756422
-1.12339	-0.75539
-1.12497	-0.754193
-1.12655	-0.753159
-1.12843	-0.752501
-1.12984	-0.751783
-1.13138	-0.751035
-1.1325	-0.750593
-1.13354	-0.750206
-1.1348	-0.749543
-1.13608	-0.748866
-1.13767	-0.748468
-1.13994	-0.748552
-1.14212	-0.748474
-1.14423	-0.748351
-1.14667	-0.747926
-1.1489	-0.747607
-1.15067	-0.746555
-1.15203	-0.746342
-1.15354	-0.746033
-1.15501	-0.745728
-1.15598	-0.744977
-1.15649	-0.743735
-1.15648	-0.742929
-1.15631	-0.742086
-1.15572	-0.741149
-1.15529	-0.74002
-1.15482	-0.738834
-1.15422	-0.737716
-1.15385	-0.736253
-1.15347	-0.73463
-1.15278	-0.733123
-1.15261	-0.731437
-1.15252	-0.729817
-1.15218	-0.728041
-1.15233	-0.726362
-1.15179	-0.724726
-1.15135	-0.723184
-1.15063	-0.721384
-1.14977	-0.718983
-1.1499	-0.717023
-1.15043	-0.715059
-1.15108	-0.713061
-1.15316	-0.711469
-1.15523	-0.710229
-1.15711	-0.709098
-1.15899	-0.708316
-1.16059	-0.707238
-1.16239	-0.706201
-1.16413	-0.705229
-1.16619	-0.704535
-1.16799	-0.703918
-1.16962	-0.703384
-1.17131	-0.70323
-1.17296	-0.703075
-1.17491	-0.703553
-1.1768	-0.704047
-1.17877	-0.704889
-1.18009	-0.705105
-1.1814	-0.704494
-1.1828	-0.703841
-1.18418	-0.703222
-1.1862	-0.702514
-1.18848	-0.701817
-1.19038	-0.701426
-1.19221	-0.70103
-1.19405	-0.700847
-1.19618	-0.700556
-1.19784	-0.700939
-1.19861	-0.701097
-1.19904	-0.701771
-1.19954	-0.70262
-1.20011	-0.703707
-1.20057	-0.704714
-1.20155	-0.706297
-1.20261	-0.707797
-1.20396	-0.709141
-1.20521	-0.710483
-1.20645	-0.711448
-1.20757	-0.712226
-1.20869	-0.712968
-1.20978	-0.713201
-1.21132	-0.713313
-1.21331	-0.713642
-1.21532	-0.714145
-1.21713	-0.714626
-1.21897	-0.715265
-1.22106	-0.715439
-1.22233	-0.715714
-1.22436	-0.715243
-1.22619	-0.714837
-1.22808	-0.71434
-1.22955	-0.714087
-1.23182	-0.713605
-1.23369	-0.714051
-1.2357	-0.714675
-1.23733	-0.715672
-1.23893	-0.716665
-1.24045	-0.717541
-1.24225	-0.718219
-1.244	-0.718901
-1.24606	-0.71964
-1.2482	-0.720235
-1.25018	-0.72098
-1.25161	-0.721371
-1.25303	-0.721839
-1.25473	-0.722352
-1.25683	-0.722648
-1.25923	-0.722256
-1.26156	-0.72225
-1.26361	-0.722664
-1.26551	-0.723363
-1.2667	-0.72459
-1.2679	-0.726163
-1.26902	-0.727458
-1.2702	-0.728231
-1.27145	-0.729056
-1.27253	-0.730232
-1.27368	-0.731446
-1.27467	-0.732708
-1.27609	-0.733526
-1.2775	-0.73436
-1.27882	-0.735222
-1.28	-0.736318
-1.28171	-0.737176
-1.28318	-0.738038
-1.28445	-0.739114
-1.2855	-0.740367
-1.28627	-0.741971
-1.2871	-0.743006
-1.2882	-0.743856
-1.28935	-0.744856
-1.28982	-0.745535
-1.29021	-0.746424
-1.29122	-0.747811
-1.29221	-0.749022
-1.29263	-0.750574
-1.29321	-0.752439
-1.29355	-0.75361
-1.294	-0.75501
-1.29456	-0.756402
-1.29523	-0.757719
-1.29596	-0.759012
-1.29709	-0.759862
-1.29823	-0.760162
-1.30058	-0.760144
-1.30306	-0.760164
-1.30525	-0.759732
-1.30768	-0.759496
-1.31014	-0.759223
-1.31243	-0.758988
-1.31475	-0.759423
-1.31694	-0.759844
-1.3194	-0.759562
-1.32109	-0.759326
-1.32227	-0.759354
-1.32358	-0.759452
-1.32476	-0.759466
-1.32597	-0.759673
-1.3278	-0.759541
-1.32966	-0.759629
-1.33142	-0.759697
-1.33345	-0.759752
-1.33544	-0.759808
-1.33757	-0.759845
-1.33967	-0.759864
-1.34177	-0.759904
-1.34386	-0.759709
-1.34608	-0.759384
-1.34812	-0.758921
-1.35006	-0.758486
-1.35232	-0.757948
-1.35469	-0.757601
-1.35688	-0.757306
-1.35952	-0.756416
-1.36199	-0.755403
-1.36411	-0.753263
-1.36618	-0.75117
-1.36795	-0.74928
-1.3706	-0.747876
-1.37272	-0.746619
-1.37467	-0.745448
-1.37607	-0.743904
-1.37792	-0.742733
-1.37986	-0.742247
-1.38116	-0.741661
-1.38231	-0.741139
-1.38357	-0.740586
-1.38369	-0.739321
-1.38374	-0.738074
-1.3838	-0.736768
-1.3836	-0.736088
-1.38375	-0.735099
-1.38397	-0.733784
-1.38429	-0.73248
-1.38442	-0.730969
-1.3844	-0.729347
-1.38437	-0.727749
-1.38412	-0.726773
-1.38409	-0.725316
-1.384	-0.723669
-1.38378	-0.722329
-1.38395	-0.720854
-1.38416	-0.719351
-1.38465	-0.717814
-1.38521	-0.716245
-1.3857	-0.71474
-1.38621	-0.713219
-1.38663	-0.711834
-1.38703	-0.710396
-1.38737	-0.709747
-1.3881	-0.708463
-1.3888	-0.707329
-1.38951	-0.70663
-1.39042	-0.706165
-1.39163	-0.705704
-1.39283	-0.705185
-1.39407	-0.704364
-1.39573	-0.703878
-1.39839	-0.703581
-1.40103	-0.703944
-1.40351	-0.704244
-1.4054	-0.704255
-1.4063	-0.703745
-1.4075	-0.702534
-1.40879	-0.700848
-1.40989	-0.699489
-1.41023	-0.698434
-1.41084	-0.696999
-1.41147	-0.695582
-1.41145	-0.693603
-1.41183	-0.691502
-1.4124	-0.689185
-1.41295	-0.687641
-1.41291	-0.685739
-1.41271	-0.684461
-1.41234	-0.683108
-1.4124	-0.68195
-1.41249	-0.680809
-1.41293	-0.678879
-1.41301	-0.676706
-1.41298	-0.674177
-1.41362	-0.672631
-1.41394	-0.670821
-1.41428	-0.669287
-1.41433	-0.667939
-1.41433	-0.666841
-1.41444	-0.665497
-1.41444	-0.664849
-1.41435	-0.663897
-1.41431	-0.662776
-1.41407	-0.661126
-1.41384	-0.659298
-1.41333	-0.657735
-1.41252	-0.656254
-1.41175	-0.654748
-1.41071	-0.652592
-1.40974	-0.650558
-1.40915	-0.649065
-1.40859	-0.647542
-1.40878	-0.644956
-1.40859	-0.642435
-1.40838	-0.639906
-1.40778	-0.637354
-1.40742	-0.634734
-1.40705	-0.632295
-1.40662	-0.630057
-1.40638	-0.628011
-1.40618	-0.626107
-1.40598	-0.624252
-1.40471	-0.622485
-1.40366	-0.620707
-1.40268	-0.619022
-1.40182	-0.617738
-1.40233	-0.61682
-1.40259	-0.615504
-1.40262	-0.613921
-1.40327	-0.612265
-1.40498	-0.610627
-1.40547	-0.608966
-1.40684	-0.607612
-1.40818	-0.60614
-1.40895	-0.6048
-1.40998	-0.603456
-1.41124	-0.601237
-1.41282	-0.599075
-1.41417	-0.59797
-1.41527	-0.596995
-1.41573	-0.596395
-1.41676	-0.596168
-1.41719	-0.596053
-1.41839	-0.595151
-1.4197	-0.5945
-1.42122	-0.592748
-1.42263	-0.591171
-1.424	-0.589861
-1.42629	-0.587188
-1.4283	-0.584794
-1.42984	-0.582366
-1.43098	-0.580273
-1.43266	-0.578159
-1.43424	-0.576143
-1.43605	-0.574047
-1.438	-0.572966
-1.43926	-0.571749
-1.44025	-0.570421
-1.44137	-0.569156
-1.44233	-0.568055
-1.44394	-0.565757
-1.44464	-0.564101
-1.44556	-0.56243
-1.44692	-0.560528
-1.44779	-0.558717
-1.4483	-0.557311
-1.44929	-0.556541
-1.45033	-0.555725
-1.45137	-0.554936
-1.4522	-0.554693
-1.45349	-0.55487
-1.45463	-0.554665
-1.45631	-0.554479
-1.45808	-0.554045
-1.46004	-0.553519
-1.46193	-0.55312
-1.46407	-0.552666
-1.46622	-0.55282
-1.46832	-0.552967
-1.47022	-0.553384
-1.47212	-0.553736
-1.47359	-0.554942
-1.47421	-0.555952
-1.47478	-0.557079
-1.47543	-0.558027
-1.47607	-0.559048
-1.47678	-0.560418
-1.47756	-0.561764
-1.47761	-0.562807
-1.47766	-0.564004
-1.47696	-0.56465
-1.47562	-0.565527
-1.47498	-0.566273
-1.47423	-0.567384
-1.47395	-0.568784
-1.47408	-0.570169
-1.47413	-0.571588
-1.4735	-0.573583
-1.47219	-0.576319
-1.47064	-0.579302
-1.46923	-0.5819
-1.46806	-0.584139
-1.46667	-0.585399
-1.46519	-0.586672
-1.46379	-0.587987
-1.46149	-0.589652
-1.45937	-0.591153
-1.45755	-0.592692
-1.45555	-0.593645
-1.45296	-0.59452
-1.45047	-0.595147
-1.44815	-0.595712
-1.44592	-0.596246
-1.44396	-0.59671
-1.44228	-0.597
-1.44108	-0.597912
-1.43991	-0.599003
-1.4385	-0.599542
-1.437	-0.600137
-1.43545	-0.600144
-1.4339	-0.600448
-1.43251	-0.600762
-1.43131	-0.600865
-1.42973	-0.600653
-1.42802	-0.599781
-1.42617	-0.598863
-1.42479	-0.597846
-1.42361	-0.597229
-1.42241	-0.596514
-1.42132	-0.59571
-1.41995	-0.594737
-1.41863	-0.594118
-1.41701	-0.593259
-1.41588	-0.592389
-1.41466	-0.591538
-1.41353	-0.590655
-1.41191	-0.59049
-1.41031	-0.590335
-1.40879	-0.590306
-1.40731	-0.590379
-1.4057	-0.590627
-1.40453	-0.590455
-1.40373	-0.589895
-1.40248	-0.589428
-1.40108	-0.589034
-1.4005	-0.588776
-1.39997	-0.589273
-1.40005	-0.589295
-1.40022	-0.588994
-1.40015	-0.587838
-1.40042	-0.586548
-1.40118	-0.584615
-1.40196	-0.582628
-1.40298	-0.581062
-1.40421	-0.579527
-1.40543	-0.577739
-1.40623	-0.576078
-1.40675	-0.574313
-1.40789	-0.571825
-1.40959	-0.568747
-1.41123	-0.565595
-1.41267	-0.562791
-1.41393	-0.560396
-1.41475	-0.558422
-1.41523	-0.557063
-1.41574	-0.555653
-1.41671	-0.554762
-1.41715	-0.554371
-1.41768	-0.554125
-1.41835	-0.553668
-1.41962	-0.553302
-1.42115	-0.552846
-1.4217	-0.552893
-1.42292	-0.552966
-1.42426	-0.553065
-1.42535	-0.553653
-1.42648	-0.554358
-1.42688	-0.55575
-1.42733	-0.557288
-1.42792	-0.559609
-1.42892	-0.562191
-1.42961	-0.564814
-1.43028	-0.567435
-1.43126	-0.569146
-1.43198	-0.570789
-1.43305	-0.572903
-1.43393	-0.575021
-1.43484	-0.577149
-1.43555	-0.579027
-1.43682	-0.581214
-1.43732	-0.583719
-1.43793	-0.58522
-1.43858	-0.586734
-1.43881	-0.588824
-1.43877	-0.59104
-1.43844	-0.592904
-1.43855	-0.594689
-1.43934	-0.596576
-1.44005	-0.598564
-1.44106	-0.599958
-1.44216	-0.601321
-1.44304	-0.602566
-1.44412	-0.603485
-1.4458	-0.604544
-1.44746	-0.605516
-1.44917	-0.606677
-1.45061	-0.607639
-1.4522	-0.60832
-1.45479	-0.60907
-1.45768	-0.609763
-1.46055	-0.609649
-1.46312	-0.609519
-1.46582	-0.609443
-1.4679	-0.608947
-1.46984	-0.608401
-1.47208	-0.608588
-1.47399	-0.609016
-1.47599	-0.609262
-1.47741	-0.609585
-1.47908	-0.609539
-1.48058	-0.609613
-1.48225	-0.608866
-1.48373	-0.607817
-1.48481	-0.606933
-1.48536	-0.6057
-1.48579	-0.604186
-1.48633	-0.602303
-1.48689	-0.600492
-1.48703	-0.597878
-1.48715	-0.59567
-1.48725	-0.593556
-1.48734	-0.591491
-1.48829	-0.589025
-1.48893	-0.586532
-1.4892	-0.584048
-1.4896	-0.581947
-1.49021	-0.580252
-1.49073	-0.578362
-1.49199	-0.576844
-1.4935	-0.576035
-1.49441	-0.575269
-1.49589	-0.574496
-1.49705	-0.573165
-1.49823	-0.572519
-1.49942	-0.571588
-1.50016	-0.570504
-1.50086	-0.569448
-1.50188	-0.568814
-1.50266	-0.567932
-1.50385	-0.566448
-1.50539	-0.565263
-1.50685	-0.563818
-1.50855	-0.562276
-1.51068	-0.560661
-1.5127	-0.558867
-1.514	-0.55741
-1.51468	-0.556571
-1.51539	-0.555665
-1.51608	-0.554644
-1.51664	-0.553598
-1.51757	-0.551988
-1.51929	-0.550465
-1.52089	-0.548953
-1.52241	-0.54739
-1.52386	-0.545819
-1.52515	-0.544239
-1.52629	-0.542856
-1.52725	-0.541421
-1.52822	-0.539404
-1.52931	-0.537407
-1.53036	-0.535643
-1.53136	-0.533957
-1.5327	-0.532545
-1.5339	-0.530991
-1.53491	-0.528624
-1.53581	-0.525867
-1.53663	-0.523352
-1.53723	-0.52157
-1.5378	-0.520368
-1.53831	-0.519391
-1.53892	-0.518541
-1.54012	-0.51752
-1.5413	-0.516421
-1.54284	-0.515079
-1.54377	-0.513946
-1.54506	-0.512611
-1.54667	-0.511172
-1.54888	-0.510105
-1.55106	-0.509201
-1.55297	-0.507617
-1.55479	-0.50625
-1.55628	-0.504405
-1.55726	-0.50214
-1.55838	-0.499569
-1.55925	-0.497446
-1.56002	-0.496363
-1.5614	-0.495341
-1.56321	-0.493252
-1.5647	-0.491147
-1.56668	-0.488998
-1.56844	-0.487045
-1.5702	-0.485586
-1.57149	-0.484023
-1.57301	-0.483084
-1.57438	-0.482142
-1.57561	-0.48122
-1.57703	-0.481109
-1.57798	-0.480691
-1.57937	-0.480299
-1.58062	-0.479751
-1.58244	-0.479084
-1.58394	-0.479129
-1.58531	-0.479225
-1.58764	-0.479598
-1.58991	-0.479596
-1.59222	-0.479738
-1.59425	-0.479924
-1.59622	-0.479982
-1.59814	-0.480221
-1.60034	-0.480371
-1.60258	-0.48011
-1.60457	-0.480232
-1.60656	-0.481189
-1.60833	-0.482009
-1.60979	-0.482308
-1.61173	-0.482762
-1.61355	-0.483141
-1.61516	-0.483704
-1.61726	-0.484092
-1.61944	-0.484415
-1.62143	-0.484665
-1.62253	-0.485036
-1.62368	-0.48543
-1.62423	-0.485105
-1.62494	-0.484799
-1.62554	-0.484187
-1.62664	-0.483498
-1.6275	-0.482767
-1.62901	-0.482075
-1.63016	-0.481882
-1.63155	-0.48175
-1.63255	-0.48168
-1.63339	-0.482073
-1.63453	-0.481762
-1.63589	-0.481358
-1.63761	-0.481352
-1.63942	-0.48125
-1.64077	-0.481151
-1.64129	-0.481762
-1.64192	-0.48255
-1.6429	-0.482266
-1.64425	-0.482077
-1.64538	-0.482658
-1.64651	-0.483234
-1.64754	-0.483775
-1.64859	-0.484348
-1.64966	-0.484945
-1.65073	-0.485734
-1.65185	-0.486465
-1.65311	-0.486948
-1.65438	-0.487476
-1.65631	-0.487417
-1.65815	-0.487362
-1.6603	-0.487465
-1.66205	-0.487384
-1.66366	-0.488368
-1.66479	-0.48936
-1.66637	-0.49046
-1.66808	-0.49196
-1.66973	-0.493622
-1.67166	-0.49495
-1.67355	-0.496743
-1.67523	-0.498191
-1.67668	-0.499414
-1.67808	-0.500531
-1.67964	-0.502657
-1.68108	-0.504685
-1.68246	-0.506641
-1.68387	-0.508942
-1.68514	-0.510399
-1.68613	-0.511795
-1.68708	-0.512819
-1.68809	-0.51388
-1.68898	-0.515005
-1.68987	-0.515879
-1.6909	-0.516912
-1.69208	-0.518513
-1.6936	-0.519385
-1.69501	-0.519884
-1.6964	-0.520229
-1.69781	-0.520712
-1.6983	-0.521656
-1.69883	-0.522649
-1.69954	-0.523683
-1.70033	-0.524292
-1.70144	-0.525582
-1.70284	-0.526753
-1.70521	-0.528184
-1.70764	-0.529709
-1.70982	-0.53112
-1.71195	-0.533089
-1.71378	-0.535087
-1.71588	-0.537287
-1.71783	-0.539314
-1.72025	-0.540665
-1.72324	-0.542153
-1.72596	-0.543531
-1.72836	-0.5455
-1.73054	-0.547175
-1.73314	-0.548874
-1.73551	-0.550502
-1.73778	-0.551956
-1.73967	-0.553174
-1.74156	-0.55399
-1.74343	-0.554781
-1.74535	-0.55474
-1.74739	-0.554624
-1.74895	-0.554426
-1.75007	-0.553637
-1.75129	-0.552815
-1.75257	-0.552317
-1.75423	-0.551377
-1.75569	-0.55048
-1.75768	-0.549742
-1.7595	-0.548984
-1.76124	-0.548275
-1.76275	-0.548206
-1.76433	-0.548061
-1.76475	-0.548121
-1.76575	-0.547905
-1.76716	-0.548323
-1.76906	-0.549188
-1.77066	-0.549535
-1.77268	-0.549639
-1.77451	-0.549768
-1.77642	-0.550355
-1.77826	-0.550961
-1.7801	-0.55171
-1.7817	-0.551913
-1.78337	-0.552224
-1.78504	-0.552617
-1.78587	-0.551695
-1.78694	-0.550721
-1.78803	-0.549916
-1.78854	-0.54927
-1.78931	-0.548272
-1.79006	-0.54718
-1.79053	-0.545703
-1.79083	-0.543665
-1.79129	-0.542436
-1.79199	-0.540815
-1.79247	-0.538994
-1.79323	-0.5372
-1.79399	-0.535588
-1.79455	-0.534471
-1.79494	-0.533578
-1.79461	-0.532642
-1.79429	-0.531339
-1.79418	-0.530421
-1.79412	-0.529528
-1.79407	-0.528462
-1.79383	-0.527868
-1.79366	-0.526781
-1.79312	-0.526164
-1.79203	-0.525581
-1.79144	-0.524266
-1.79082	-0.522946
-1.79012	-0.522215
-1.78895	-0.52142
-1.78774	-0.520628
-1.78673	-0.520267
-1.78497	-0.519811
-1.78321	-0.519545
-1.78159	-0.519572
-1.7806	-0.519421
-1.77921	-0.519212
-1.77789	-0.518645
-1.77604	-0.518433
-1.77431	-0.518182
-1.77244	-0.517983
-1.77063	-0.517804
-1.76912	-0.517675
-1.76846	-0.517177
-1.76743	-0.516845
-1.76621	-0.516996
-1.76506	-0.516495
-1.76389	-0.516034
-1.7632	-0.514859
-1.76235	-0.513672
-1.76096	-0.512451
-1.7595	-0.510878
-1.75818	-0.510111
-1.75668	-0.509462
-1.75519	-0.509135
-1.75352	-0.508807
-1.75274	-0.509249
-1.75208	-0.509629
-1.75186	-0.510806
-1.75197	-0.512534
-1.75271	-0.5142
-1.75354	-0.515886
-1.75321	-0.517194
-1.75273	-0.518191
-1.75195	-0.519357
-1.75117	-0.519496
-1.75008	-0.520027
-1.74898	-0.520713
-1.74757	-0.520332
-1.74591	-0.520179
-1.74401	-0.519518
-1.74214	-0.51867
-1.7401	-0.517581
-1.73833	-0.516928
-1.73654	-0.517236
-1.73483	-0.517557
-1.73329	-0.51794
-1.73171	-0.518316
-1.73026	-0.519317
-1.7299	-0.520727
-1.73002	-0.522344
-1.72979	-0.523728
-1.72957	-0.525202
-1.72936	-0.527109
-1.72935	-0.529091
-1.72945	-0.531013
-1.72917	-0.53292
-1.72856	-0.534642
-1.7279	-0.536483
-1.72772	-0.538294
-1.72714	-0.540323
-1.72735	-0.54183
-1.72757	-0.543441
-1.72799	-0.545194
-1.72845	-0.547008
-1.7294	-0.548269
-1.73077	-0.549572
-1.73227	-0.550688
-1.73342	-0.551527
-1.73476	-0.552282
-1.73565	-0.553094
-1.73664	-0.554128
-1.73773	-0.555299
-1.73873	-0.556463
-1.74029	-0.557518
-1.74172	-0.55892
-1.74326	-0.560874
-1.74465	-0.562724
-1.74635	-0.564266
-1.74817	-0.566991
-1.7502	-0.5695
-1.75183	-0.572036
-1.75339	-0.574441
-1.75585	-0.576763
-1.75824	-0.578718
-1.7604	-0.58043
-1.76254	-0.582086
-1.76414	-0.583191
-1.76573	-0.584319
-1.76781	-0.584856
-1.76923	-0.585383
-1.77049	-0.586153
-1.77162	-0.586872
-1.77261	-0.587881
-1.77384	-0.58883
-1.77488	-0.590662
-1.77588	-0.592397
-1.77664	-0.594831
-1.77709	-0.597083
-1.77764	-0.599306
-1.7786	-0.601266
-1.77985	-0.603536
-1.78104	-0.605744
-1.78174	-0.607267
-1.78239	-0.608721
-1.78323	-0.609818
-1.78441	-0.611422
-1.78647	-0.612883
-1.78867	-0.615004
-1.79087	-0.616928
-1.79341	-0.618276
-1.79566	-0.619435
-1.79813	-0.61975
-1.80096	-0.619836
-1.8036	-0.620756
-1.80612	-0.621023
-1.80822	-0.621873
-1.80995	-0.622488
-1.81121	-0.622583
-1.81255	-0.622675
-1.8136	-0.622759
-1.81516	-0.623016
-1.81656	-0.623112
-1.81885	-0.623473
-1.82095	-0.623725
-1.82269	-0.622719
-1.82432	-0.621725
-1.82607	-0.621069
-1.82776	-0.620353
-1.82934	-0.619364
-1.83081	-0.61856
-1.833	-0.618035
-1.83532	-0.617282
-1.8372	-0.616111
-1.83905	-0.614586
-1.84091	-0.612405
-1.84295	-0.609912
-1.84478	-0.608158
-1.8463	-0.606552
-1.84794	-0.605496
-1.8493	-0.604792
-1.85045	-0.60397
-1.85141	-0.603354
-1.85211	-0.602754
-1.85263	-0.602073
-1.85325	-0.601247
-1.85404	-0.60021
-1.85479	-0.599395
-1.85597	-0.598865
-1.85736	-0.598132
-1.85905	-0.597695
-1.85992	-0.59649
-1.86083	-0.595245
-1.86161	-0.59413
-1.86263	-0.59289
-1.86352	-0.591361
-1.8646	-0.589076
-1.86646	-0.587123
-1.86839	-0.585352
-1.87069	-0.583665
-1.87259	-0.582211
-1.87485	-0.580404
-1.87777	-0.578372
-1.87955	-0.57694
-1.88112	-0.575363
-1.88253	-0.573241
-1.88385	-0.571496
-1.88519	-0.56947
-1.8865	-0.567487
-1.88716	-0.565846
-1.88659	-0.564218
-1.88598	-0.562807
-1.88531	-0.561493
-1.88475	-0.559983
-1.88461	-0.558963
-1.88507	-0.55777
-1.88574	-0.557146
-1.88662	-0.555677
-1.88752	-0.554234
-1.88813	-0.553006
-1.88868	-0.55181
-1.88983	-0.551207
-1.89094	-0.550534
-1.89223	-0.549678
-1.89358	-0.548688
-1.89448	-0.547331
-1.89602	-0.546179
-1.89687	-0.54511
-1.89803	-0.543634
-1.89873	-0.541922
-1.89935	-0.540277
-1.89997	-0.538653
-1.90059	-0.53686
-1.90129	-0.535035
-1.90103	-0.531786
-1.90027	-0.528442
-1.89971	-0.52504
-1.89978	-0.52114
-1.90002	-0.517319
-1.90009	-0.514013
-1.90015	-0.510998
-1.9006	-0.507892
-1.90116	-0.504908
-1.90177	-0.502503
-1.90236	-0.500275
-1.90289	-0.498087
-1.90351	-0.49576
-1.90442	-0.493534
-1.90525	-0.49106
-1.90634	-0.489003
-1.90755	-0.486775
-1.9089	-0.484658
-1.91017	-0.482536
-1.91146	-0.480448
-1.9125	-0.4784
-1.91331	-0.476973
-1.91414	-0.476152
-1.91545	-0.475432
-1.91672	-0.474986
-1.91806	-0.474814
-1.91975	-0.474392
-1.92144	-0.473988
-1.92327	-0.473379
-1.92521	-0.473088
-1.92703	-0.472663
-1.92918	-0.472644
-1.93052	-0.472992
-1.93204	-0.473504
-1.9335	-0.473938
-1.93508	-0.474409
-1.93676	-0.47513
-1.93828	-0.475699
-1.93978	-0.476909
-1.94118	-0.478058
-1.94231	-0.479232
-1.94319	-0.480307
-1.94406	-0.481427
-1.9456	-0.481981
-1.94676	-0.482375
-1.94832	-0.482074
-1.95052	-0.482389
-1.95233	-0.482735
-1.95395	-0.482953
-1.955	-0.483222
-1.95608	-0.483519
-1.95715	-0.483871
-1.95805	-0.483938
-1.95938	-0.484153
-1.96082	-0.484505
-1.96205	-0.48476
-1.96383	-0.484857
-1.96572	-0.485231
-1.96765	-0.485571
-1.96941	-0.485889
-1.97108	-0.486705
-1.97235	-0.487018
-1.97405	-0.487157
-1.97616	-0.487162
-1.97794	-0.487137
-1.97998	-0.487242
-1.98186	-0.487241
-1.98365	-0.487247
-1.9859	-0.487369
-1.98822	-0.48771
-1.99056	-0.487791
-1.99279	-0.487886
-1.9944	-0.487839
-1.99635	-0.487621
-1.99882	-0.487776
-2.00109	-0.487841
-2.00319	-0.487996
-2.0046	-0.488133
-2.00597	-0.488451
-2.00742	-0.488939
-2.00957	-0.48942
-2.01166	-0.490063
-2.01345	-0.490516
-2.01586	-0.490128
-2.0179	-0.489904
-2.01959	-0.490054
-2.02068	-0.489929
-2.02176	-0.489712
-2.02303	-0.489657
-2.02484	-0.489864
-2.02639	-0.489999
-2.02718	-0.490474
-2.02768	-0.490876
-2.02831	-0.491375
-2.0292	-0.492267
-2.03008	-0.493593
-2.03144	-0.495431
-2.03266	-0.497255
-2.03446	-0.499188
-2.03633	-0.501267
-2.0372	-0.503042
-2.03923	-0.504899
-2.0413	-0.506522
-2.04339	-0.507797
-2.04519	-0.509085
-2.04737	-0.510372
-2.04998	-0.51214
-2.05256	-0.513891
-2.05517	-0.515519
-2.05746	-0.516976
-2.05953	-0.51832
-2.06135	-0.520229
-2.06281	-0.522251
-2.06416	-0.524148
-2.06563	-0.525073
-2.06661	-0.525653
-2.06729	-0.526085
-2.06801	-0.526734
-2.06913	-0.527159
-2.06971	-0.527181
-2.07084	-0.526593
-2.07224	-0.52573
-2.07362	-0.524426
-2.07501	-0.523323
-2.07674	-0.521383
-2.078	-0.519165
-2.07853	-0.516597
-2.07897	-0.514132
-2.07934	-0.511442
-2.08006	-0.509293
-2.08029	-0.506354
-2.08089	-0.503763
-2.08142	-0.501252
-2.08248	-0.498566
-2.08326	-0.495516
-2.08402	-0.493139
-2.08457	-0.490689
-2.08456	-0.488275
-2.08431	-0.486081
-2.08408	-0.483991
-2.08462	-0.482131
-2.08491	-0.480684
-2.08571	-0.479096
-2.08615	-0.477655
-2.08672	-0.476531
-2.08715	-0.475691
-2.08761	-0.474932
-2.08848	-0.474294
-2.08999	-0.473447
-2.09141	-0.472491
-2.0928	-0.471263
-2.09427	-0.470497
-2.09565	-0.470064
-2.09632	-0.469665
-2.09757	-0.469154
-2.09887	-0.468844
-2.10015	-0.468601
-2.10087	-0.468638
-2.10147	-0.468699
-2.10237	-0.468814
-2.10347	-0.469011
-2.10489	-0.46898
-2.1069	-0.46887
-2.10867	-0.46891
-2.11007	-0.468714
-2.11159	-0.468909
-2.11342	-0.46883
-2.11509	-0.468631
-2.11692	-0.467921
-2.11873	-0.466464
-2.12062	-0.465245
-2.12147	-0.463436
-2.12216	-0.462085
-2.1228	-0.460348
-2.12404	-0.458406
-2.12524	-0.456568
-2.12671	-0.454876
-2.12734	-0.452606
-2.1278	-0.450915
-2.1286	-0.44925
-2.12787	-0.446725
-2.12655	-0.443202
