0.00434816	0.00470846
0.00830273	0.00931989
0.0120372	0.0131716
0.0148811	0.0159762
0.016875	0.0184712
0.0182985	0.0201295
0.019376	0.0215915
0.0200384	0.021573
0.0205505	0.0215157
0.0210984	0.0212666
0.0215104	0.0210467
0.0219243	0.0192927
0.0217093	0.0178818
0.0209017	0.0161453
0.0202819	0.01414
0.0195197	0.0116968
0.0184944	0.00892534
0.0174165	0.00579628
0.016208	0.00249877
0.0148881	-0.000909988
0.0141052	-0.00351117
0.0135387	-0.00543607
0.0135379	-0.00731711
0.0136001	-0.00876634
0.0141097	-0.00933392
0.0147957	-0.00948347
0.0151778	-0.0101399
0.0154934	-0.0104676
0.0161133	-0.0103943
0.0173208	-0.00949287
0.018554	-0.00847867
0.0199051	-0.00731866
0.0212043	-0.0057471
0.0218844	-0.0041176
0.0223343	-0.00174432
0.0229455	0.000987725
0.023322	0.00299012
0.0229592	0.00394793
0.0221498	0.00536373
0.0212113	0.00671849
0.020889	0.00749984
0.0203096	0.00820215
0.0191964	0.00890216
0.0175879	0.00953341
0.015525	0.0100673
0.0133861	0.010619
0.0102508	0.0115809
0.00728733	0.0122236
0.00424668	0.0128378
0.000880423	0.0133682
-0.00214714	0.0144505
-0.00458846	0.0152785
-0.00614845	0.0162466
-0.00783984	0.0165923
-0.00882585	0.0163841
-0.00969424	0.0166875
-0.0108457	0.016818
-0.0112603	0.0170524
-0.0115564	0.0174386
-0.0124781	0.0176509
-0.0142899	0.0179665
-0.0150712	0.0184846
-0.0155327	0.0187847
-0.0157611	0.0195737
-0.0157812	0.0203597
-0.0162604	0.02101
-0.016837	0.0218616
-0.0176939	0.0218901
-0.0183865	0.0218927
-0.0185249	0.0217643
-0.0187739	0.0215621
-0.0184933	0.0211527
-0.0178449	0.0202848
-0.0170791	0.0195891
-0.0163187	0.0195574
-0.0158059	0.0197771
-0.0147186	0.0200665
-0.0134939	0.0204024
-0.0124053	0.0205775
-0.0108898	0.0209257
-0.00794193	0.0208237
-0.0053566	0.0205665
-0.00296901	0.0195742
-0.000500931	0.0185939
0.0023998	0.0170265
0.00474856	0.01587
0.00685929	0.0144065
0.00898274	0.0120279
0.0113902	0.00884585
0.0131215	0.00576584
0.013426	0.00230371
0.0133946	-0.00131514
0.0132426	-0.00395445
0.0128264	-0.00551015
0.0124678	-0.00619415
0.0120045	-0.00651185
0.0119712	-0.00541916
0.0119509	-0.0034318
0.011793	-0.00102501
0.0109539	0.00201342
0.0101286	0.00500098
0.00981045	0.00670103
0.00867787	0.0077094
0.00717869	0.0085662
0.00499964	0.00922329
0.00272462	0.00933085
-0.000559022	0.00870528
-0.00349713	0.00813025
-0.00561022	0.00690284
-0.00729574	0.00558747
-0.00906601	0.00425401
-0.0106701	0.00268542
-0.0119612	0.000531029
-0.0130702	-0.00188489
-0.0140492	-0.00416398
-0.0150097	-0.00627391
-0.0156845	-0.0081857
-0.01607	-0.00937669
-0.0166186	-0.0104665
-0.0173384	-0.0113925
-0.0177905	-0.0123099
-0.0185748	-0.0130752
-0.0193766	-0.0139035
-0.0202029	-0.0147406
-0.0207066	-0.0151425
-0.021635	-0.014939
-0.0228401	-0.0145484
-0.0235423	-0.0140348
-0.0244711	-0.0134459
-0.0256432	-0.0127607
-0.0282008	-0.0122114
-0.0308022	-0.0117569
-0.0327054	-0.0114102
-0.0338121	-0.011557
-0.0340721	-0.0118641
-0.0339289	-0.0127308
-0.0335156	-0.0140193
-0.0328297	-0.0155758
-0.0317593	-0.0173809
-0.0299541	-0.0195644
-0.0281232	-0.0218157
-0.0269043	-0.0233658
-0.0255229	-0.0251114
-0.0246726	-0.0264712
-0.0240296	-0.0286756
-0.0236735	-0.0310725
-0.0237892	-0.0328001
-0.0237723	-0.034028
-0.0243041	-0.0345052
-0.0251031	-0.035016
-0.0261984	-0.0351257
-0.0277463	-0.0352374
-0.0288501	-0.0354337
-0.0299759	-0.0354888
-0.0312422	-0.0349674
-0.03269	-0.0343116
-0.0341933	-0.0337637
-0.0356968	-0.0332728
-0.0372863	-0.0326783
-0.0390504	-0.0321216
-0.0404903	-0.0315722
-0.0421763	-0.0308822
-0.0439108	-0.0304555
-0.045391	-0.0298873
-0.0468899	-0.0292136
-0.0491485	-0.0293186
-0.0508693	-0.0289846
-0.0524091	-0.0285059
-0.053803	-0.0273553
-0.05462	-0.0265405
-0.0546108	-0.0254583
-0.0542987	-0.0244972
-0.0538376	-0.0233676
-0.0530478	-0.0223188
-0.0521555	-0.0208112
-0.0511719	-0.0194689
-0.050483	-0.0184755
-0.0498771	-0.0170717
-0.0491719	-0.0160865
-0.0481816	-0.0151106
-0.0466592	-0.0141934
-0.0453569	-0.0135763
-0.0432363	-0.0131813
-0.040562	-0.0128812
-0.0378446	-0.0128123
-0.035261	-0.0128297
-0.0323489	-0.0129477
-0.0295408	-0.0136941
-0.0265487	-0.0145282
-0.0242478	-0.0150639
-0.0228867	-0.0151254
-0.0220111	-0.0156995
-0.0207313	-0.0166432
-0.0198647	-0.0177723
-0.01917	-0.0192671
-0.0183254	-0.0212185
-0.0177377	-0.0231714
-0.0175108	-0.0257604
-0.0173991	-0.0283489
-0.01754	-0.0316395
-0.0176357	-0.0335044
-0.0177114	-0.0343827
-0.0179771	-0.0344324
-0.0182936	-0.034131
-0.0184171	-0.0334134
-0.0187491	-0.0318254
-0.0196358	-0.0290017
-0.0205962	-0.0254695
-0.0220924	-0.02255
-0.0237985	-0.0199594
-0.0256851	-0.0176876
-0.0284069	-0.0164463
-0.0311505	-0.015725
-0.0328296	-0.0155173
-0.0340847	-0.015634
-0.0349959	-0.0157911
-0.0356924	-0.0163239
-0.0363455	-0.0168366
-0.0382193	-0.0175886
-0.0396886	-0.0185493
-0.0412594	-0.0200939
-0.0425596	-0.0217481
-0.0443446	-0.0244211
-0.0455274	-0.0270845
-0.0463035	-0.0290164
-0.0470196	-0.0306109
-0.0475411	-0.0316255
-0.0479058	-0.0324774
-0.0487491	-0.033079
-0.0493103	-0.0335475
-0.0499398	-0.0334146
-0.0503	-0.0338364
-0.0504085	-0.0345544
-0.0510136	-0.0348803
-0.0512633	-0.03487
-0.0525425	-0.0346103
-0.0545249	-0.034464
-0.0574382	-0.0343188
-0.0602048	-0.0350032
-0.0625694	-0.0353192
-0.0641708	-0.0354419
-0.0649155	-0.0360497
-0.0653961	-0.0365759
-0.0656801	-0.0370809
-0.0657968	-0.0376501
-0.0655221	-0.0386228
-0.0649517	-0.0397294
-0.0642898	-0.0407145
-0.0627121	-0.0417463
-0.0607629	-0.0429509
-0.0582691	-0.0442421
-0.0554569	-0.0456354
-0.0531497	-0.0468569
-0.0515727	-0.047966
-0.0502759	-0.0488205
-0.0487229	-0.0498228
-0.0473742	-0.0512926
-0.0461721	-0.0524473
-0.0450254	-0.0529456
-0.0446748	-0.0531876
-0.0444132	-0.0533671
-0.0442481	-0.0538243
-0.0442947	-0.0549585
-0.0440914	-0.0558191
-0.0443813	-0.0563862
-0.0449871	-0.0571124
-0.0457466	-0.057567
-0.0470876	-0.0590454
-0.0481313	-0.0598539
-0.0489271	-0.0601693
-0.049709	-0.060203
-0.0504219	-0.0598392
-0.0526192	-0.058916
-0.0546041	-0.0576711
-0.0571772	-0.0563248
-0.060011	-0.0548073
-0.0617948	-0.0538269
-0.0629939	-0.0529497
-0.0635426	-0.0523458
-0.0636041	-0.0519993
-0.0636153	-0.0519111
-0.0633389	-0.0516099
-0.0628602	-0.0513758
-0.0615741	-0.051079
-0.059918	-0.0511397
-0.0574107	-0.0512255
-0.0557831	-0.0514544
-0.0557271	-0.052131
-0.0564427	-0.053568
-0.0574467	-0.0550557
-0.0588171	-0.0566952
-0.0594107	-0.057922
-0.0601643	-0.0588833
-0.0609198	-0.0599515
-0.0610353	-0.0612351
-0.0609077	-0.0621519
-0.0598394	-0.0617651
-0.0582855	-0.0610168
-0.056861	-0.0602149
-0.055386	-0.0587644
-0.0540427	-0.0551366
-0.0531845	-0.0518521
-0.0525124	-0.0486779
-0.0518355	-0.0454896
-0.0514745	-0.0427315
-0.0516741	-0.0402155
-0.052271	-0.0376667
-0.0535906	-0.0352296
-0.0551689	-0.033036
-0.057069	-0.0308577
-0.0591254	-0.0285184
-0.0602783	-0.026786
-0.060546	-0.0255091
-0.0605433	-0.023739
-0.0603953	-0.0223206
-0.0598391	-0.0208432
-0.059021	-0.0191579
-0.0577632	-0.0175247
-0.0569512	-0.0162453
-0.0562204	-0.0157652
-0.055133	-0.0154167
-0.053363	-0.0158386
-0.0517192	-0.0166437
-0.0496856	-0.0179339
-0.0471384	-0.0193418
-0.0440388	-0.0214616
-0.0413033	-0.0234704
-0.0384155	-0.0260687
-0.0358078	-0.0294767
-0.0341565	-0.0334035
-0.0339449	-0.0369911
-0.0342514	-0.0404808
-0.0348881	-0.0434971
-0.0361378	-0.0466372
-0.0378547	-0.0495574
-0.0404403	-0.0523221
-0.0441947	-0.0553641
-0.0475663	-0.0587592
-0.0502101	-0.06084
-0.0526205	-0.0620444
-0.0546075	-0.0624189
-0.0565731	-0.0615077
-0.0589177	-0.0602599
-0.0610136	-0.0590958
-0.0623386	-0.057834
-0.0634768	-0.056214
-0.0635463	-0.0555352
-0.0640914	-0.0550782
-0.0637106	-0.0552074
-0.0623909	-0.0556454
-0.0601337	-0.0560933
-0.0570795	-0.0563218
-0.0553338	-0.0573803
-0.0543661	-0.058047
-0.0535091	-0.0575709
-0.053558	-0.0575052
-0.0544725	-0.0570826
-0.0558979	-0.0566375
-0.0595721	-0.0555618
-0.0617725	-0.0548912
-0.0628125	-0.0545916
-0.0630069	-0.0548206
-0.0626961	-0.0552425
-0.0623461	-0.0564495
-0.0623226	-0.0570882
-0.0618145	-0.0582512
-0.0617571	-0.0594849
-0.062172	-0.0608938
-0.0626047	-0.0626552
-0.0632419	-0.0644422
-0.0641071	-0.0663585
-0.0649696	-0.068557
-0.0659019	-0.0702302
-0.0665214	-0.0714955
-0.0669493	-0.0730373
-0.0674672	-0.0751083
-0.0675903	-0.0763858
-0.0681169	-0.0782946
-0.0686485	-0.0804941
-0.0691853	-0.0827933
-0.0699689	-0.085638
-0.0704357	-0.0881034
-0.0707803	-0.0896182
-0.0711563	-0.0906875
-0.0716891	-0.0913285
-0.0722447	-0.0913825
-0.0730985	-0.0912979
-0.0742425	-0.0909431
-0.0757849	-0.0904311
-0.0771391	-0.0894484
-0.0785018	-0.0877493
-0.0803121	-0.0856525
-0.0821938	-0.0836138
-0.0844392	-0.0817992
-0.0870048	-0.0799935
-0.0889084	-0.0785001
-0.0901669	-0.0774233
-0.0916526	-0.0763241
-0.0927382	-0.0755417
-0.0935935	-0.075003
-0.0942533	-0.074604
-0.0944184	-0.0746683
-0.0948897	-0.0755544
-0.0950906	-0.0767084
-0.0954614	-0.0777726
-0.0958115	-0.0793241
-0.0964415	-0.0810801
-0.0974534	-0.0822546
-0.0982681	-0.0840635
-0.099138	-0.086015
-0.0998506	-0.088138
-0.100149	-0.0902742
-0.100207	-0.0920641
-0.100244	-0.0937209
-0.100274	-0.0960116
-0.100712	-0.0981894
-0.101296	-0.1001
-0.101862	-0.101878
-0.102381	-0.103485
-0.102839	-0.104864
-0.103424	-0.106329
-0.103895	-0.107349
-0.104796	-0.10851
-0.105836	-0.10941
-0.106756	-0.110305
-0.107813	-0.111164
-0.109047	-0.111447
-0.110884	-0.112003
-0.113251	-0.11249
-0.11562	-0.113151
-0.117338	-0.113771
-0.1187	-0.114388
-0.120456	-0.114987
-0.12225	-0.115853
-0.124817	-0.116292
-0.127468	-0.116399
-0.12983	-0.115955
-0.131984	-0.115437
-0.13392	-0.115271
-0.135722	-0.115194
-0.136585	-0.115808
-0.137641	-0.116558
-0.139044	-0.116631
-0.140547	-0.116723
-0.142135	-0.116859
-0.143762	-0.116511
-0.144699	-0.115445
-0.145512	-0.114494
-0.146409	-0.114107
-0.147702	-0.113923
-0.148945	-0.113399
-0.150364	-0.112248
-0.151646	-0.111185
-0.153086	-0.11052
-0.15416	-0.10984
-0.155216	-0.109174
-0.156201	-0.1083
-0.157328	-0.107366
-0.15843	-0.106047
-0.159571	-0.104976
-0.160574	-0.104047
-0.16193	-0.102945
-0.16382	-0.101825
-0.165585	-0.100771
-0.167126	-0.100534
-0.168581	-0.100855
-0.170379	-0.101746
-0.172426	-0.102884
-0.174355	-0.104079
-0.176232	-0.105184
-0.178104	-0.106448
-0.180045	-0.106983
-0.181882	-0.108006
-0.183156	-0.108502
-0.185298	-0.109389
-0.187294	-0.110777
-0.189394	-0.112292
-0.191585	-0.113577
-0.194496	-0.114366
-0.19634	-0.115468
-0.197993	-0.116806
-0.199223	-0.118244
-0.200948	-0.118668
-0.203033	-0.119541
-0.204338	-0.120428
-0.206155	-0.121086
-0.208603	-0.121951
-0.211305	-0.122475
-0.21408	-0.122797
-0.216252	-0.123066
-0.218188	-0.122852
-0.220105	-0.122484
-0.222015	-0.122094
-0.223784	-0.121367
-0.225028	-0.120685
-0.226354	-0.119947
-0.227747	-0.11931
-0.229442	-0.119803
-0.231207	-0.120317
-0.232623	-0.120221
-0.234052	-0.119536
-0.23549	-0.118451
-0.236726	-0.117075
-0.237933	-0.116095
-0.238813	-0.115219
-0.239694	-0.114637
-0.24033	-0.114067
-0.241444	-0.113267
-0.24322	-0.112544
-0.245073	-0.111771
-0.246867	-0.111374
-0.248722	-0.110877
-0.250979	-0.110536
-0.253224	-0.110274
-0.255359	-0.110488
-0.257753	-0.110187
-0.259693	-0.109928
-0.261704	-0.109559
-0.263841	-0.109124
-0.265636	-0.108771
-0.266897	-0.108416
-0.268199	-0.107931
-0.269699	-0.107644
-0.271574	-0.106813
-0.273196	-0.106149
-0.274741	-0.105474
-0.276551	-0.105207
-0.278009	-0.104778
-0.279239	-0.104439
-0.280513	-0.104119
-0.281996	-0.103963
-0.283483	-0.103258
-0.284882	-0.103007
-0.28631	-0.102814
-0.288217	-0.103446
-0.290002	-0.104008
-0.291638	-0.104515
-0.293094	-0.104624
-0.294627	-0.104829
-0.295716	-0.10474
-0.296301	-0.104503
-0.297057	-0.104099
-0.297315	-0.103269
-0.296955	-0.102259
-0.297383	-0.101401
-0.298124	-0.100112
-0.299624	-0.0984624
-0.301298	-0.0968312
-0.302792	-0.0942983
-0.304158	-0.091967
-0.30433	-0.0894757
-0.304334	-0.0873846
-0.304278	-0.0855453
-0.303816	-0.0841068
-0.303445	-0.0823863
-0.303042	-0.0807667
-0.302936	-0.078062
-0.302945	-0.0752105
-0.303063	-0.0728345
-0.303201	-0.0700884
-0.303312	-0.0675543
-0.303223	-0.0646793
-0.303164	-0.0620951
-0.303042	-0.0594931
-0.302925	-0.057055
-0.303081	-0.0548757
-0.302083	-0.0533645
-0.301448	-0.0515021
-0.301158	-0.049616
-0.300898	-0.047839
-0.30066	-0.0465529
-0.300368	-0.0453413
-0.300109	-0.0440621
-0.29987	-0.0427249
-0.299854	-0.0406259
-0.299236	-0.0384613
-0.298503	-0.0360897
-0.297607	-0.0336459
-0.296807	-0.0314116
-0.296137	-0.0299107
-0.2955	-0.0284538
-0.294687	-0.027075
-0.293457	-0.0257126
-0.292064	-0.0240351
-0.29075	-0.0226784
-0.28964	-0.021118
-0.288946	-0.0194887
-0.288252	-0.0178479
-0.287592	-0.0164737
-0.286244	-0.0150773
-0.284617	-0.0135437
-0.283088	-0.0120844
-0.282075	-0.0105751
-0.280951	-0.0100666
-0.279917	-0.0095834
-0.278766	-0.0091813
-0.277278	-0.00867195
-0.275918	-0.00855642
-0.274908	-0.00813747
-0.274781	-0.00722826
-0.274779	-0.00620261
-0.274693	-0.00476037
-0.274092	-0.00328392
-0.273555	-0.00184383
-0.273443	-0.000467548
-0.273643	0.000435291
-0.273986	0.00142546
-0.274674	0.00254938
-0.275433	0.003923
-0.275528	0.00496733
-0.275239	0.00572003
-0.2749	0.00660272
-0.274112	0.00797907
-0.273349	0.00908013
-0.2721	0.00987174
-0.271014	0.0105675
-0.269687	0.0104145
-0.268642	0.00985759
-0.26733	0.00856745
-0.2662	0.00742942
-0.264869	0.00581911
-0.263668	0.0043956
-0.26232	0.00285924
-0.260793	0.000972098
-0.259338	-0.000546288
-0.257689	-0.00299117
-0.25653	-0.00562575
-0.2551	-0.00819856
-0.253807	-0.0105455
-0.252577	-0.0130409
-0.250813	-0.0149012
-0.249331	-0.0164143
-0.248299	-0.0176447
-0.24788	-0.0188611
-0.246998	-0.0204673
-0.24531	-0.0223423
-0.243773	-0.0241318
-0.24245	-0.0262132
-0.241335	-0.0288603
-0.240112	-0.0316686
-0.239036	-0.0344055
-0.237968	-0.0370852
-0.237413	-0.0388452
-0.236678	-0.0407349
-0.235843	-0.0425105
-0.235107	-0.0443983
-0.234049	-0.0466144
-0.233744	-0.0480462
-0.233154	-0.0495884
-0.232512	-0.0518785
-0.231945	-0.0540311
-0.231741	-0.0558115
-0.231499	-0.0578097
-0.230957	-0.0594084
-0.230364	-0.0610834
-0.229587	-0.0630259
-0.229269	-0.0646729
-0.228588	-0.0661108
-0.228124	-0.0674267
-0.227384	-0.068683
-0.226719	-0.069581
-0.225528	-0.070562
-0.224229	-0.0710632
-0.222474	-0.0721258
-0.220321	-0.0734772
-0.218523	-0.074515
-0.216329	-0.0754055
-0.214134	-0.0765088
-0.211946	-0.0780099
-0.211279	-0.0798815
-0.210674	-0.0818231
-0.209806	-0.0839617
-0.208714	-0.0866941
-0.208186	-0.0890793
-0.208136	-0.0915363
-0.20804	-0.0937699
-0.208086	-0.096392
-0.208013	-0.0977319
-0.20791	-0.0990869
-0.207357	-0.100592
-0.206842	-0.102425
-0.205826	-0.104099
-0.204563	-0.105512
-0.203427	-0.106704
-0.20223	-0.10768
-0.201131	-0.108683
-0.200068	-0.109965
-0.198749	-0.111535
-0.197315	-0.113192
-0.19674	-0.114644
-0.195977	-0.116031
-0.195009	-0.117725
-0.193947	-0.119308
-0.192901	-0.120807
-0.191811	-0.122281
-0.190281	-0.123594
-0.188678	-0.12493
-0.187157	-0.12618
-0.18565	-0.127304
-0.184257	-0.128234
-0.183012	-0.128712
-0.181467	-0.129385
-0.179716	-0.129961
-0.17724	-0.129989
-0.174876	-0.129558
-0.173224	-0.130056
-0.170585	-0.130285
-0.168453	-0.130275
-0.165905	-0.130299
-0.163256	-0.130301
-0.16073	-0.130993
-0.158033	-0.131482
-0.154052	-0.131811
-0.150244	-0.132741
-0.146084	-0.133471
-0.142581	-0.134495
-0.139706	-0.135034
-0.137826	-0.135634
-0.136362	-0.136676
-0.135281	-0.137572
-0.134472	-0.13855
-0.133739	-0.139649
-0.132693	-0.140924
-0.131879	-0.142369
-0.131691	-0.143592
-0.13143	-0.14509
-0.131341	-0.146341
-0.131607	-0.147884
-0.131408	-0.149376
-0.130853	-0.15103
-0.130169	-0.152645
-0.129662	-0.154018
-0.129321	-0.155314
-0.129243	-0.156621
-0.129321	-0.157856
-0.129564	-0.159068
-0.130294	-0.160446
-0.13102	-0.162165
-0.131961	-0.164255
-0.133014	-0.166735
-0.133644	-0.169521
-0.13441	-0.172046
-0.135276	-0.174752
-0.136155	-0.177341
-0.136732	-0.179879
-0.137406	-0.181817
-0.137024	-0.184045
-0.136808	-0.185879
-0.136737	-0.187335
-0.13637	-0.188828
-0.13626	-0.190086
-0.135857	-0.190714
-0.135387	-0.191264
-0.135057	-0.191522
-0.134711	-0.191858
-0.134515	-0.192061
-0.134395	-0.192453
-0.134105	-0.192956
-0.134518	-0.1927
-0.135314	-0.192196
-0.136661	-0.19127
-0.138408	-0.190179
-0.140164	-0.189557
-0.142224	-0.188562
-0.144451	-0.187504
-0.146912	-0.18646
-0.149302	-0.185344
-0.151599	-0.184039
-0.153858	-0.182691
-0.156053	-0.181284
-0.158146	-0.179818
-0.160747	-0.178554
-0.163214	-0.177221
-0.166151	-0.175826
-0.168561	-0.173922
-0.170807	-0.171724
-0.172752	-0.169998
-0.174581	-0.168629
-0.174794	-0.167907
-0.174889	-0.167121
-0.174735	-0.166295
-0.17454	-0.165863
-0.174316	-0.164552
-0.174185	-0.163287
-0.173838	-0.161124
-0.173279	-0.159077
-0.173137	-0.157716
-0.172469	-0.156769
-0.171876	-0.15717
-0.171001	-0.157668
-0.170244	-0.158619
-0.168979	-0.160052
-0.167488	-0.162411
-0.165552	-0.164504
-0.163747	-0.166832
-0.161921	-0.168955
-0.159983	-0.170965
-0.158206	-0.173276
-0.156692	-0.175547
-0.155609	-0.177112
-0.154928	-0.17821
-0.153957	-0.179321
-0.15308	-0.18028
-0.15201	-0.180652
-0.150731	-0.180625
-0.149332	-0.180692
-0.14791	-0.180225
-0.146475	-0.180107
-0.144926	-0.179958
-0.143454	-0.179927
-0.142332	-0.179257
-0.141411	-0.178487
-0.140698	-0.177628
-0.139913	-0.1768
-0.139635	-0.175949
-0.139279	-0.175348
-0.138837	-0.174476
-0.138095	-0.173051
-0.137994	-0.17038
-0.137757	-0.16789
-0.138066	-0.166323
-0.138481	-0.163717
-0.139156	-0.160958
-0.139722	-0.158295
-0.140623	-0.156161
-0.141613	-0.153801
-0.14309	-0.151704
-0.144729	-0.148713
-0.146261	-0.14637
-0.147878	-0.144552
-0.149409	-0.143195
-0.15052	-0.141961
-0.151371	-0.140898
-0.151806	-0.140442
-0.151808	-0.138998
-0.15164	-0.137302
-0.151245	-0.134792
-0.150517	-0.132411
-0.149614	-0.130153
-0.148533	-0.127986
-0.146718	-0.125867
-0.14537	-0.123284
-0.143826	-0.12086
-0.142791	-0.119152
-0.141636	-0.117605
-0.140545	-0.116294
-0.140589	-0.115476
-0.140182	-0.114027
-0.139249	-0.113171
-0.13808	-0.112468
-0.137214	-0.111722
-0.136494	-0.111622
-0.134932	-0.111674
-0.132944	-0.112729
-0.130718	-0.113821
-0.129022	-0.115497
-0.127114	-0.117573
-0.124949	-0.119512
-0.123398	-0.120987
-0.1228	-0.122184
-0.122547	-0.12395
-0.122661	-0.125753
-0.123211	-0.127272
-0.123772	-0.128711
-0.124687	-0.130542
-0.126066	-0.13295
-0.127511	-0.135467
-0.129508	-0.137934
-0.131708	-0.140502
-0.134297	-0.142849
-0.137128	-0.145328
-0.139642	-0.147618
-0.142231	-0.149986
-0.14498	-0.152245
-0.147263	-0.15471
-0.149637	-0.157521
-0.151936	-0.160439
-0.154221	-0.163305
-0.155748	-0.165459
-0.157503	-0.168624
-0.159303	-0.172075
-0.160905	-0.175232
-0.162189	-0.177716
-0.163462	-0.179943
-0.16447	-0.182019
-0.165589	-0.184495
-0.16641	-0.186943
-0.168	-0.189161
-0.169057	-0.191284
-0.169773	-0.193154
-0.170259	-0.194332
-0.171098	-0.19543
-0.172447	-0.196716
-0.173661	-0.19799
-0.175089	-0.200023
-0.176633	-0.202844
-0.178449	-0.205513
-0.180495	-0.207706
-0.182433	-0.209389
-0.18453	-0.211432
-0.186532	-0.213733
-0.188403	-0.215861
-0.190626	-0.217829
-0.193	-0.219347
-0.195688	-0.220337
-0.198284	-0.221228
-0.200815	-0.221819
-0.203237	-0.222191
-0.205629	-0.222714
-0.20779	-0.223391
-0.210221	-0.224482
-0.212741	-0.22554
-0.215033	-0.226689
-0.216839	-0.228631
-0.21898	-0.230388
-0.221053	-0.232256
-0.222506	-0.23338
-0.223218	-0.234427
-0.223547	-0.235022
-0.223527	-0.235171
-0.223505	-0.235379
-0.223623	-0.23576
-0.223275	-0.23613
-0.222642	-0.236221
-0.220995	-0.235781
-0.219125	-0.235183
-0.217605	-0.234048
-0.215916	-0.232852
-0.214199	-0.231757
-0.211793	-0.230834
-0.209269	-0.230053
-0.206071	-0.230332
-0.202879	-0.231224
-0.199246	-0.231749
-0.196373	-0.231832
-0.194125	-0.231764
-0.191883	-0.231302
-0.189782	-0.231561
-0.188567	-0.231663
-0.187787	-0.230888
-0.187225	-0.230725
-0.186753	-0.23046
-0.186038	-0.231165
-0.185549	-0.231413
-0.184834	-0.231939
-0.183811	-0.231917
-0.183238	-0.231158
-0.182956	-0.230186
-0.182697	-0.229428
-0.181896	-0.228354
-0.180536	-0.227501
-0.179557	-0.226953
-0.178368	-0.226282
-0.177307	-0.225622
-0.17664	-0.225178
-0.17602	-0.224603
-0.175509	-0.224103
-0.175237	-0.223359
-0.17541	-0.222993
-0.17584	-0.222593
-0.176305	-0.222216
-0.177133	-0.221696
-0.178426	-0.221503
-0.17999	-0.221238
-0.181864	-0.22121
-0.18409	-0.221232
-0.186438	-0.221719
-0.188995	-0.222134
-0.191666	-0.222059
-0.194475	-0.222051
-0.197404	-0.221962
-0.200022	-0.222531
-0.203116	-0.222901
-0.205477	-0.22356
-0.207189	-0.224324
-0.208795	-0.225389
-0.210458	-0.226817
-0.212025	-0.228735
-0.213603	-0.231036
-0.215	-0.233899
-0.21627	-0.235775
-0.217435	-0.236896
-0.217626	-0.237002
-0.217733	-0.23665
-0.218589	-0.235607
-0.219511	-0.234185
-0.220765	-0.23263
-0.222362	-0.230426
-0.224259	-0.229386
-0.225902	-0.228322
-0.227282	-0.227804
-0.228099	-0.227922
-0.228743	-0.228043
-0.22958	-0.228615
-0.230484	-0.229662
-0.231372	-0.231664
-0.231904	-0.233364
-0.232422	-0.23508
-0.232156	-0.236367
-0.231483	-0.237717
-0.230164	-0.239338
-0.228619	-0.240008
-0.227163	-0.240041
-0.225362	-0.240177
-0.223609	-0.240154
-0.222491	-0.2403
-0.221604	-0.241054
-0.220765	-0.241505
-0.219711	-0.241216
-0.218502	-0.2407
-0.217606	-0.239517
-0.216247	-0.237357
-0.214968	-0.235167
-0.213935	-0.232954
-0.213531	-0.230322
-0.213721	-0.228977
-0.214369	-0.228202
-0.215062	-0.228043
-0.215783	-0.228291
-0.217014	-0.229591
-0.218524	-0.231729
-0.220131	-0.233721
-0.221465	-0.235657
-0.222379	-0.236727
-0.223452	-0.237911
-0.224741	-0.238577
-0.226698	-0.238583
-0.228706	-0.238447
-0.231111	-0.238377
-0.234042	-0.237765
-0.2357	-0.237363
-0.236194	-0.236381
-0.236171	-0.235682
-0.235805	-0.234699
-0.23464	-0.233573
-0.232596	-0.232466
-0.230002	-0.231274
-0.227939	-0.229969
-0.225652	-0.229939
-0.223431	-0.23015
-0.221227	-0.230747
-0.218874	-0.231795
-0.21741	-0.232667
-0.216375	-0.23295
-0.215667	-0.233668
-0.215079	-0.234307
-0.214428	-0.2348
-0.213929	-0.234876
-0.213371	-0.23575
-0.213003	-0.23741
-0.212738	-0.238977
-0.212271	-0.240647
-0.211953	-0.24213
-0.211918	-0.24381
-0.2125	-0.245007
-0.213274	-0.245813
-0.214459	-0.247071
-0.215812	-0.248701
-0.21739	-0.250579
-0.219371	-0.252304
-0.221747	-0.254223
-0.224884	-0.255759
-0.228278	-0.257444
-0.233162	-0.259667
-0.236119	-0.261483
-0.238232	-0.263238
-0.240108	-0.264528
-0.241553	-0.265099
-0.242904	-0.265568
-0.244289	-0.265886
-0.245342	-0.265571
-0.246521	-0.26471
-0.248651	-0.263189
-0.250564	-0.261387
-0.252389	-0.259468
-0.253055	-0.258265
-0.253061	-0.257075
-0.252548	-0.256378
-0.25088	-0.255765
-0.247555	-0.254458
-0.243125	-0.25311
-0.237768	-0.251972
-0.232302	-0.250525
-0.226473	-0.249111
-0.222538	-0.248093
-0.220632	-0.247813
-0.219782	-0.247863
-0.219729	-0.248138
-0.219835	-0.249011
-0.220537	-0.250839
-0.221702	-0.252821
-0.223713	-0.255655
-0.227264	-0.257559
-0.231038	-0.259324
-0.235692	-0.261079
-0.239337	-0.26231
-0.24206	-0.262275
-0.2445	-0.261963
-0.246368	-0.261682
-0.248264	-0.261189
-0.250373	-0.260219
-0.251313	-0.258996
-0.251495	-0.258546
-0.250989	-0.258728
-0.249276	-0.259507
-0.247041	-0.260752
-0.24515	-0.262495
-0.243232	-0.264418
-0.241576	-0.265273
-0.240058	-0.265728
-0.238347	-0.265243
-0.236734	-0.264401
-0.23447	-0.26297
-0.232063	-0.261267
-0.229651	-0.25928
-0.228447	-0.258265
-0.22888	-0.258173
-0.230608	-0.258227
-0.233484	-0.259039
-0.234524	-0.259922
-0.234765	-0.260967
-0.234786	-0.26113
-0.234537	-0.260852
-0.233869	-0.260468
-0.233389	-0.258873
-0.232353	-0.257813
-0.230647	-0.256811
-0.229781	-0.256403
-0.230047	-0.25636
-0.231512	-0.25748
-0.232176	-0.258589
-0.23231	-0.259962
-0.231674	-0.261804
-0.231086	-0.26293
-0.230954	-0.262674
-0.230766	-0.261877
-0.23038	-0.260095
-0.23147	-0.259892
-0.231215	-0.259722
-0.230178	-0.259646
-0.229863	-0.259683
-0.229506	-0.260398
-0.229552	-0.259884
-0.230408	-0.260019
-0.232219	-0.260419
-0.234109	-0.260265
-0.235881	-0.259918
-0.236507	-0.260229
-0.237083	-0.259877
-0.236687	-0.260179
-0.236865	-0.260452
-0.237001	-0.260236
-0.237562	-0.259398
-0.237367	-0.259351
-0.236113	-0.259427
-0.235096	-0.259358
-0.233989	-0.25936
-0.231904	-0.25969
-0.228548	-0.260646
-0.226349	-0.260414
-0.224553	-0.259294
-0.224195	-0.2588
-0.224548	-0.259267
-0.225733	-0.259879
-0.227888	-0.260894
-0.229867	-0.260905
-0.232352	-0.260001
-0.233417	-0.259816
-0.233462	-0.26047
-0.233673	-0.260308
-0.23392	-0.260191
-0.233712	-0.260052
-0.232287	-0.260469
-0.23061	-0.260615
-0.22957	-0.259824
-0.230461	-0.26025
-0.231512	-0.260098
-0.231728	-0.260354
-0.231817	-0.260156
-0.232186	-0.259072
-0.231817	-0.260208
-0.231507	-0.260659
-0.232052	-0.260094
-0.231767	-0.260338
-0.231418	-0.260037
-0.230011	-0.259886
-0.229292	-0.259795
-0.229775	-0.260159
-0.230184	-0.25923
-0.230933	-0.259312
-0.232984	-0.259801
-0.234579	-0.260652
-0.236258	-0.260763
-0.23804	-0.260141
-0.23974	-0.259477
-0.240069	-0.258239
-0.239792	-0.258206
-0.238433	-0.258739
-0.236005	-0.259855
-0.233012	-0.261365
-0.230146	-0.2622
-0.228502	-0.262192
-0.22745	-0.261199
-0.226313	-0.259698
-0.226331	-0.259168
-0.22744	-0.259739
-0.229355	-0.260824
-0.231382	-0.260567
-0.233101	-0.259815
-0.233864	-0.258861
-0.233754	-0.259063
-0.2332	-0.260817
-0.232877	-0.261546
-0.232283	-0.2618
-0.231849	-0.262167
-0.231608	-0.262179
-0.231204	-0.26176
-0.230576	-0.260206
-0.229931	-0.257741
-0.229975	-0.256558
-0.230799	-0.256413
-0.232852	-0.25722
-0.234137	-0.25872
-0.235143	-0.26078
-0.236342	-0.262448
-0.238395	-0.263713
-0.240607	-0.264904
-0.242988	-0.265807
-0.24631	-0.265924
-0.249706	-0.265882
-0.25301	-0.265533
-0.256017	-0.264416
-0.259765	-0.264431
-0.263644	-0.263708
-0.266689	-0.262912
-0.268164	-0.26241
-0.268613	-0.262192
-0.267388	-0.262109
-0.265406	-0.261951
-0.262832	-0.26191
-0.259616	-0.262083
-0.257306	-0.262094
-0.255779	-0.261943
-0.254647	-0.261504
-0.253457	-0.260843
-0.252665	-0.259961
-0.251499	-0.259888
-0.249599	-0.260663
-0.248383	-0.26106
-0.247766	-0.261259
-0.247715	-0.26178
-0.248183	-0.262219
-0.24958	-0.263073
-0.25165	-0.264009
-0.254268	-0.264968
-0.257485	-0.266123
-0.260812	-0.267154
-0.262427	-0.267879
-0.262271	-0.268133
-0.26095	-0.268649
-0.259083	-0.269469
-0.257917	-0.26962
-0.257379	-0.269303
-0.257136	-0.269297
-0.257498	-0.269134
-0.25895	-0.268589
-0.261016	-0.267995
-0.261244	-0.267669
-0.260717	-0.267785
-0.258748	-0.2684
-0.257791	-0.268832
-0.257537	-0.268371
-0.257545	-0.268286
-0.258767	-0.266703
-0.260652	-0.264947
-0.260887	-0.264091
-0.260097	-0.26304
-0.260451	-0.261659
-0.259481	-0.260738
-0.259349	-0.260142
-0.259702	-0.259309
-0.259527	-0.259693
-0.258935	-0.261183
-0.25892	-0.2631
-0.259443	-0.265431
-0.260767	-0.268178
-0.260596	-0.270768
-0.260105	-0.273563
-0.260737	-0.276705
-0.259426	-0.279535
-0.258913	-0.28237
-0.258883	-0.285894
-0.259044	-0.289895
-0.259585	-0.291669
-0.259834	-0.291703
-0.260253	-0.290686
-0.26076	-0.289245
-0.261614	-0.287369
-0.260861	-0.286229
-0.259224	-0.284692
-0.258414	-0.283887
-0.258467	-0.283951
-0.259388	-0.284348
-0.261859	-0.285131
-0.262914	-0.285706
-0.262768	-0.286111
-0.262095	-0.286846
-0.261508	-0.288545
-0.260372	-0.290583
-0.258636	-0.292188
-0.25778	-0.292366
-0.257417	-0.291669
-0.256648	-0.289125
-0.255789	-0.285644
-0.256	-0.28315
-0.256967	-0.281036
-0.258856	-0.278968
-0.261003	-0.276323
-0.2628	-0.274882
-0.263603	-0.27513
-0.263582	-0.275932
-0.262771	-0.277914
-0.261414	-0.280203
-0.259781	-0.282827
-0.259173	-0.285706
-0.259434	-0.288513
-0.260307	-0.29164
-0.261079	-0.293276
-0.261891	-0.294567
-0.262621	-0.295336
-0.263499	-0.296295
-0.264151	-0.297309
-0.265014	-0.298336
-0.266334	-0.299787
-0.267729	-0.30118
-0.269366	-0.302816
-0.271522	-0.304254
-0.273749	-0.305907
-0.27646	-0.306996
-0.27926	-0.307917
-0.281749	-0.308906
-0.28375	-0.309876
-0.285921	-0.310822
-0.288263	-0.311703
-0.290509	-0.312501
-0.292241	-0.312826
-0.293638	-0.312813
-0.294707	-0.312786
-0.295235	-0.312626
-0.295968	-0.311931
-0.296407	-0.311261
-0.296779	-0.310777
-0.296911	-0.310246
-0.297004	-0.30967
-0.296676	-0.309106
-0.295867	-0.308658
-0.29436	-0.306804
-0.293328	-0.304614
-0.291963	-0.302881
-0.29028	-0.301147
-0.288355	-0.299354
-0.28749	-0.298515
-0.286737	-0.297965
-0.286431	-0.29693
-0.285916	-0.295574
-0.285752	-0.294149
-0.286152	-0.292939
-0.286681	-0.291287
-0.28727	-0.289604
-0.28821	-0.287624
-0.288133	-0.28688
-0.287186	-0.286721
-0.285034	-0.28645
-0.281712	-0.28672
-0.278362	-0.286835
-0.274686	-0.28735
-0.270779	-0.287737
-0.265941	-0.288558
-0.261098	-0.289473
-0.258191	-0.290286
-0.257132	-0.289857
-0.255203	-0.288377
-0.254722	-0.287675
-0.254885	-0.287636
-0.256088	-0.287297
-0.258812	-0.287716
-0.262342	-0.288273
-0.26402	-0.288997
-0.26428	-0.290047
-0.264759	-0.291
-0.264464	-0.292419
-0.26472	-0.293858
-0.26564	-0.295548
-0.267424	-0.29743
-0.268813	-0.299169
-0.270254	-0.301717
-0.272044	-0.304304
-0.274099	-0.306862
-0.276579	-0.30948
-0.279666	-0.312027
-0.283386	-0.314355
-0.287255	-0.316636
-0.29073	-0.318328
-0.293582	-0.319919
-0.296647	-0.321203
-0.299722	-0.321792
-0.302661	-0.322161
-0.30597	-0.32265
-0.309476	-0.323227
-0.312872	-0.323712
-0.315972	-0.324031
-0.318902	-0.324312
-0.322204	-0.324981
-0.32522	-0.325422
-0.327728	-0.326248
-0.329724	-0.326496
-0.331279	-0.327176
-0.332666	-0.328099
-0.333804	-0.329223
-0.334902	-0.33097
-0.335914	-0.332759
-0.337444	-0.334752
-0.339812	-0.336443
-0.34191	-0.33815
-0.343795	-0.339669
-0.345316	-0.341534
-0.347439	-0.342819
-0.349273	-0.343985
-0.351546	-0.345501
-0.353666	-0.347313
-0.355639	-0.349351
-0.357338	-0.351433
-0.359572	-0.353846
-0.361221	-0.356698
-0.362761	-0.35929
-0.364358	-0.361672
-0.365177	-0.364132
-0.366416	-0.366357
-0.367656	-0.368555
-0.368647	-0.370507
-0.370058	-0.373037
-0.371616	-0.375299
-0.372783	-0.377413
-0.374048	-0.379171
-0.375464	-0.380682
-0.376876	-0.381802
-0.378462	-0.382864
-0.380129	-0.383645
-0.381703	-0.383643
-0.383289	-0.383723
-0.384709	-0.384094
-0.386689	-0.384931
-0.388899	-0.386051
-0.390554	-0.387439
-0.3923	-0.388888
-0.393807	-0.390417
-0.395554	-0.391802
-0.397722	-0.393441
-0.39934	-0.394941
-0.40121	-0.396272
-0.403201	-0.397745
-0.404424	-0.398946
-0.40582	-0.400277
-0.406778	-0.401745
-0.407968	-0.403795
-0.4092	-0.405437
-0.409955	-0.407221
-0.410732	-0.40893
-0.411581	-0.410449
-0.412558	-0.411535
-0.413276	-0.412912
-0.414004	-0.414098
-0.415287	-0.41539
-0.41704	-0.417126
-0.418663	-0.418715
-0.420631	-0.419432
-0.422517	-0.42008
-0.424258	-0.42093
-0.425902	-0.421928
-0.427738	-0.42292
-0.429234	-0.424138
-0.430681	-0.425098
-0.432462	-0.426181
-0.433938	-0.427549
-0.435506	-0.428198
-0.437147	-0.428511
-0.438933	-0.429352
-0.441036	-0.430188
-0.443175	-0.430922
-0.445332	-0.431432
-0.447366	-0.431888
-0.449997	-0.431308
-0.45242	-0.430788
-0.454602	-0.430258
-0.456695	-0.429701
-0.458872	-0.429234
-0.461135	-0.428406
-0.462902	-0.427077
-0.464548	-0.425819
-0.466061	-0.424604
-0.467627	-0.423483
-0.469298	-0.422202
-0.471241	-0.421481
-0.473112	-0.420854
-0.475016	-0.420161
-0.477145	-0.41993
-0.479187	-0.419669
-0.48155	-0.419499
-0.483977	-0.419781
-0.486322	-0.420036
-0.488645	-0.419836
-0.490865	-0.419651
-0.493234	-0.419304
-0.495646	-0.418955
-0.498258	-0.418828
-0.50074	-0.41878
-0.503412	-0.418465
-0.505838	-0.418161
-0.507952	-0.417968
-0.508916	-0.417234
-0.509557	-0.416307
-0.509721	-0.41511
-0.509786	-0.413938
-0.51073	-0.412625
-0.510879	-0.411408
-0.511274	-0.409639
-0.51117	-0.407986
-0.511089	-0.406437
-0.51107	-0.405275
-0.510748	-0.404233
-0.510431	-0.403061
-0.510145	-0.401854
-0.509568	-0.401201
-0.508559	-0.400016
-0.508283	-0.398967
-0.508328	-0.398081
-0.508025	-0.397195
-0.507785	-0.396482
-0.507631	-0.395236
-0.507328	-0.394158
-0.506867	-0.393351
-0.5065	-0.392846
-0.505122	-0.392365
-0.503831	-0.391776
-0.502719	-0.391967
-0.501653	-0.392134
-0.500321	-0.392521
-0.499025	-0.392973
-0.49759	-0.393683
-0.496104	-0.394352
-0.49477	-0.395121
-0.493663	-0.395434
-0.492634	-0.39574
-0.492053	-0.396161
-0.491904	-0.39767
-0.49189	-0.398969
-0.491712	-0.400183
-0.491491	-0.401574
-0.491556	-0.402939
-0.491671	-0.40448
-0.491532	-0.406224
-0.491434	-0.408076
-0.491205	-0.410087
-0.490816	-0.412265
-0.490051	-0.414185
-0.489328	-0.416233
-0.488597	-0.418299
-0.487551	-0.420337
-0.487125	-0.422416
-0.486741	-0.424289
-0.486631	-0.427233
-0.486568	-0.430508
-0.486435	-0.433642
-0.486282	-0.436335
-0.485907	-0.438914
-0.485372	-0.442082
-0.48509	-0.444598
-0.484871	-0.446944
-0.484779	-0.448795
-0.484906	-0.449559
-0.485092	-0.450399
-0.485224	-0.450874
-0.485385	-0.451207
-0.485192	-0.452037
-0.48495	-0.453049
-0.484699	-0.45415
-0.484485	-0.455744
-0.484214	-0.457656
-0.483779	-0.459022
-0.483539	-0.460399
-0.483208	-0.461743
-0.483167	-0.463091
-0.482688	-0.464202
-0.482185	-0.465377
-0.481409	-0.466165
-0.480774	-0.467132
-0.479642	-0.467866
-0.478495	-0.468484
-0.477411	-0.469212
-0.475216	-0.470338
-0.473469	-0.471665
-0.471843	-0.472758
-0.470515	-0.474573
-0.468924	-0.47596
-0.467162	-0.477057
-0.465397	-0.478863
-0.463712	-0.480448
-0.462097	-0.481933
-0.460773	-0.483453
-0.459234	-0.484583
-0.457302	-0.48608
-0.455442	-0.487487
-0.454106	-0.488977
-0.452811	-0.490375
-0.451518	-0.491517
-0.450712	-0.492578
-0.449301	-0.494475
-0.447971	-0.496376
-0.446743	-0.498164
-0.445796	-0.499573
-0.445275	-0.500882
-0.444742	-0.502515
-0.44441	-0.504903
-0.444021	-0.507297
-0.443634	-0.509813
-0.443158	-0.512336
-0.442689	-0.515082
-0.442243	-0.517879
-0.441724	-0.520444
-0.441316	-0.52304
-0.441164	-0.525452
-0.440893	-0.527884
-0.440481	-0.529512
-0.439706	-0.531273
-0.439176	-0.532384
-0.438346	-0.53385
-0.437539	-0.535467
-0.436966	-0.537448
-0.436721	-0.539479
-0.436829	-0.541247
-0.43729	-0.542465
-0.437456	-0.544004
-0.437541	-0.545516
-0.438323	-0.547043
-0.439697	-0.548982
-0.44079	-0.550527
-0.441694	-0.552335
-0.441137	-0.554345
-0.440624	-0.556276
-0.440146	-0.558344
-0.439619	-0.560231
-0.439106	-0.562049
-0.438778	-0.563887
-0.438466	-0.565777
-0.438469	-0.567779
-0.438666	-0.57032
-0.439058	-0.572553
-0.439567	-0.573747
-0.440061	-0.574897
-0.440767	-0.576174
-0.441428	-0.577234
-0.441667	-0.57896
-0.441875	-0.580621
-0.442242	-0.583008
-0.442305	-0.585065
-0.442532	-0.586937
-0.441912	-0.589066
-0.44096	-0.59168
-0.439978	-0.594247
-0.43884	-0.596448
-0.437921	-0.598347
-0.437038	-0.600276
-0.435525	-0.602766
-0.434465	-0.604746
-0.433106	-0.6067
-0.432112	-0.608573
-0.431266	-0.610398
-0.430388	-0.612466
-0.429386	-0.614113
-0.428644	-0.616126
-0.427861	-0.617597
-0.427173	-0.619055
-0.426366	-0.621085
-0.425279	-0.623435
-0.424288	-0.625659
-0.423217	-0.627521
-0.422361	-0.629779
-0.421568	-0.631605
-0.42137	-0.633346
-0.421237	-0.635108
-0.4211	-0.636405
-0.421178	-0.637732
-0.420948	-0.639047
-0.420762	-0.640128
-0.420713	-0.641905
-0.420632	-0.643745
-0.421502	-0.646129
-0.422292	-0.64837
-0.422516	-0.650172
-0.422787	-0.652159
-0.423274	-0.65394
-0.424205	-0.655618
-0.424913	-0.657057
-0.425568	-0.658855
-0.426231	-0.659925
-0.426778	-0.661069
-0.427314	-0.662436
-0.427889	-0.663818
-0.428514	-0.665085
-0.429077	-0.666317
-0.429655	-0.667558
-0.430347	-0.669081
-0.430961	-0.670587
-0.431086	-0.672496
-0.430966	-0.674447
-0.430706	-0.675852
-0.43042	-0.677756
-0.429807	-0.679284
-0.429277	-0.680735
-0.428939	-0.682601
-0.428057	-0.683042
-0.427095	-0.683556
-0.426726	-0.685011
-0.42642	-0.686303
-0.427061	-0.686907
-0.42763	-0.687768
-0.428387	-0.689373
-0.429283	-0.691039
-0.430445	-0.692636
-0.431361	-0.694423
-0.43243	-0.696843
-0.433125	-0.698827
-0.433768	-0.700696
-0.43473	-0.702679
-0.435645	-0.704583
-0.436323	-0.706864
-0.437041	-0.708358
-0.438296	-0.709963
-0.439516	-0.711227
-0.440427	-0.712254
-0.440946	-0.712348
-0.441632	-0.712153
-0.442602	-0.711648
-0.443268	-0.711107
-0.444133	-0.710519
-0.445007	-0.708213
-0.445422	-0.706766
-0.445918	-0.705363
-0.446532	-0.704033
-0.446805	-0.702103
-0.446319	-0.700626
-0.44584	-0.699233
-0.445481	-0.697805
-0.445159	-0.696314
-0.444749	-0.695036
-0.445367	-0.694237
-0.446047	-0.693137
-0.446503	-0.692587
-0.446989	-0.691732
-0.447024	-0.690468
-0.446997	-0.689896
-0.446516	-0.689271
-0.445432	-0.688236
-0.444172	-0.686855
-0.442143	-0.685665
-0.440076	-0.684471
-0.438157	-0.683681
-0.43681	-0.68219
-0.435323	-0.679835
-0.43362	-0.676988
-0.432045	-0.67464
-0.430197	-0.67231
-0.428539	-0.670429
-0.426547	-0.668869
-0.424551	-0.667164
-0.422712	-0.665598
-0.420891	-0.663918
-0.419804	-0.661149
-0.418241	-0.658783
-0.417038	-0.656587
-0.416036	-0.655063
-0.415413	-0.65345
-0.414484	-0.651492
-0.413601	-0.649546
-0.412811	-0.64759
-0.411951	-0.646897
-0.411287	-0.645925
-0.411175	-0.64595
-0.410702	-0.645975
-0.410788	-0.646355
-0.411037	-0.646166
-0.411984	-0.645787
-0.413141	-0.645345
-0.414673	-0.644984
-0.416029	-0.644985
-0.417625	-0.644533
-0.41988	-0.644305
-0.422811	-0.644198
-0.425702	-0.644254
-0.428339	-0.644166
-0.430847	-0.644121
-0.433629	-0.643333
-0.436133	-0.642316
-0.438294	-0.641186
-0.44042	-0.639916
-0.442169	-0.638569
-0.444173	-0.637426
-0.446206	-0.63666
-0.447798	-0.635688
-0.449096	-0.63471
-0.450404	-0.634031
-0.451586	-0.633465
-0.452836	-0.633538
-0.454425	-0.633354
-0.455913	-0.633175
-0.457398	-0.632677
-0.459255	-0.632489
-0.460874	-0.632522
-0.463462	-0.632302
-0.465808	-0.632136
-0.468176	-0.632051
-0.470533	-0.63172
-0.473027	-0.631255
-0.475325	-0.631
-0.478034	-0.629918
-0.48035	-0.629722
-0.482613	-0.629336
-0.484785	-0.629185
-0.487135	-0.628953
-0.489352	-0.628743
-0.492394	-0.62862
-0.495289	-0.628569
-0.497963	-0.628619
-0.50038	-0.628341
-0.50248	-0.627902
-0.504609	-0.627682
-0.507138	-0.627911
-0.509528	-0.628305
-0.511516	-0.628265
-0.513495	-0.628277
-0.515297	-0.62826
-0.517371	-0.628429
-0.519529	-0.628541
-0.521994	-0.628629
-0.524164	-0.628784
-0.526116	-0.628909
-0.527693	-0.629237
-0.52909	-0.629848
-0.53123	-0.629554
-0.533345	-0.629142
-0.53453	-0.628691
-0.536127	-0.628289
-0.53783	-0.628227
-0.539722	-0.628152
-0.541598	-0.628145
-0.542691	-0.627587
-0.544186	-0.627878
-0.545831	-0.628105
-0.547567	-0.628158
-0.549466	-0.628221
-0.551097	-0.628189
-0.552847	-0.627374
-0.554446	-0.626715
-0.555817	-0.626018
-0.557026	-0.625403
-0.558871	-0.623634
-0.561014	-0.621946
-0.562898	-0.620435
-0.564343	-0.618972
-0.566105	-0.617595
-0.567781	-0.616086
-0.569134	-0.614767
-0.570214	-0.613243
-0.571482	-0.611947
-0.572728	-0.610716
-0.573464	-0.609508
-0.5742	-0.608199
-0.574395	-0.606676
-0.574344	-0.604663
-0.574422	-0.602626
-0.574591	-0.600646
-0.574248	-0.598078
-0.575659	-0.595993
-0.576966	-0.593883
-0.578369	-0.592333
-0.579187	-0.590899
-0.580332	-0.590281
-0.581645	-0.588943
-0.582957	-0.587744
-0.58448	-0.586392
-0.587027	-0.585625
-0.589295	-0.584877
-0.591453	-0.583809
-0.593879	-0.582548
-0.596923	-0.581319
-0.599524	-0.580704
-0.601954	-0.580051
-0.604243	-0.579463
-0.607104	-0.577758
-0.609606	-0.576163
-0.611498	-0.574264
-0.61393	-0.572842
-0.616177	-0.571556
-0.617644	-0.570357
-0.619552	-0.569542
-0.620755	-0.569443
-0.622024	-0.569211
-0.623436	-0.568827
-0.625526	-0.568467
-0.627707	-0.567843
-0.630045	-0.567306
-0.632485	-0.566532
-0.634777	-0.566017
-0.63731	-0.565634
-0.640225	-0.564371
-0.642864	-0.563329
-0.645492	-0.562138
-0.647756	-0.560579
-0.649977	-0.559106
-0.652012	-0.557822
-0.653801	-0.556413
-0.655107	-0.555849
-0.656563	-0.554897
-0.657627	-0.554563
-0.658793	-0.554108
-0.659568	-0.553325
-0.659987	-0.55233
-0.660685	-0.550887
-0.662106	-0.549603
-0.663051	-0.548591
-0.663871	-0.547495
-0.664776	-0.546287
-0.666117	-0.545943
-0.666975	-0.546704
-0.667234	-0.548122
-0.667874	-0.549607
-0.668418	-0.551207
-0.668485	-0.55211
-0.66812	-0.55305
-0.667329	-0.553998
-0.666248	-0.555179
-0.665058	-0.556352
-0.664074	-0.558042
-0.663122	-0.559268
-0.661807	-0.560355
-0.659879	-0.562194
-0.657978	-0.56437
-0.65631	-0.566522
-0.655151	-0.568602
-0.654647	-0.570483
-0.654572	-0.571971
-0.654829	-0.573253
-0.655148	-0.574877
-0.655481	-0.576577
-0.655714	-0.578779
-0.655625	-0.580206
-0.655124	-0.581605
-0.654515	-0.583043
-0.653872	-0.58464
-0.653255	-0.586168
-0.651387	-0.588029
-0.649462	-0.590204
-0.64802	-0.592499
-0.646429	-0.595129
-0.645074	-0.597446
-0.644081	-0.599644
-0.643818	-0.60234
-0.643605	-0.605583
-0.643434	-0.608468
-0.643313	-0.611122
-0.643182	-0.613455
-0.643761	-0.616387
-0.644081	-0.6191
-0.644562	-0.620458
-0.644776	-0.62208
-0.645187	-0.623191
-0.645446	-0.625137
-0.645801	-0.627119
-0.645796	-0.628383
-0.645548	-0.630225
-0.645503	-0.631998
-0.646707	-0.634429
-0.648478	-0.635964
-0.649603	-0.638189
-0.651352	-0.640157
-0.652739	-0.641115
-0.654005	-0.642969
-0.655441	-0.644785
-0.656801	-0.646483
-0.658043	-0.648046
-0.658969	-0.649211
-0.660081	-0.650708
-0.66103	-0.652515
-0.66202	-0.654405
-0.662971	-0.65648
-0.66393	-0.658471
-0.664794	-0.66065
-0.665269	-0.663253
-0.665755	-0.66568
-0.666524	-0.667677
-0.667169	-0.669556
-0.667742	-0.670927
-0.668219	-0.672094
-0.668457	-0.673437
-0.669011	-0.674918
-0.669511	-0.676285
-0.670031	-0.677382
-0.670449	-0.678546
-0.669487	-0.679669
-0.668053	-0.681112
-0.665363	-0.682897
-0.662968	-0.684542
-0.661081	-0.68624
-0.659521	-0.687519
-0.657759	-0.688814
-0.655973	-0.689619
-0.653921	-0.690204
-0.652152	-0.690694
-0.650406	-0.691167
-0.648195	-0.69227
-0.645558	-0.694392
-0.643494	-0.696926
-0.641731	-0.699148
-0.640253	-0.701145
-0.639113	-0.70222
-0.638548	-0.702649
-0.638027	-0.703307
-0.63737	-0.704281
-0.636643	-0.705364
-0.635917	-0.706501
-0.635861	-0.707545
-0.63546	-0.709251
-0.635188	-0.710648
-0.63475	-0.712287
-0.634317	-0.713946
-0.633806	-0.716336
-0.634006	-0.718519
-0.634189	-0.720564
-0.634683	-0.722346
-0.635184	-0.724128
-0.635691	-0.725623
-0.63605	-0.727058
-0.636782	-0.728524
-0.637594	-0.730196
-0.638076	-0.731929
-0.638534	-0.733781
-0.638293	-0.735058
-0.637158	-0.736547
-0.63644	-0.738938
-0.635579	-0.741317
-0.634932	-0.744524
-0.634275	-0.746884
-0.633839	-0.749097
-0.63382	-0.751159
-0.634275	-0.75363
-0.634574	-0.755872
-0.634862	-0.758264
-0.634171	-0.761265
-0.633204	-0.764562
-0.631855	-0.766923
-0.630717	-0.769562
-0.629805	-0.771927
-0.628887	-0.773988
-0.62822	-0.7763
-0.627359	-0.778492
-0.626527	-0.780521
-0.626489	-0.782869
-0.62693	-0.785082
-0.627491	-0.787211
-0.627841	-0.788772
-0.628357	-0.790711
-0.628327	-0.792392
-0.628691	-0.79398
-0.629359	-0.795124
-0.630302	-0.79632
-0.63139	-0.797548
-0.633027	-0.798919
-0.634559	-0.800574
-0.635694	-0.802195
-0.636955	-0.803646
-0.638063	-0.805266
-0.639682	-0.806684
-0.640674	-0.807719
-0.641873	-0.808921
-0.643008	-0.809562
-0.644207	-0.810236
-0.645547	-0.810959
-0.6468	-0.812163
-0.648069	-0.813404
-0.649315	-0.814628
-0.650205	-0.815885
-0.651294	-0.818057
-0.652257	-0.820132
-0.653041	-0.821652
-0.654239	-0.823389
-0.655452	-0.824788
-0.656948	-0.826245
-0.658402	-0.827679
-0.66036	-0.829229
-0.66178	-0.831102
-0.663197	-0.832712
-0.664175	-0.83469
-0.665156	-0.836616
-0.66611	-0.838521
-0.667046	-0.839925
-0.667772	-0.841402
-0.668513	-0.842937
-0.669259	-0.844487
-0.669592	-0.846438
-0.670435	-0.847851
-0.671406	-0.84912
-0.673909	-0.850586
-0.676258	-0.852194
-0.678515	-0.853764
-0.679908	-0.856024
-0.68202	-0.858325
-0.683422	-0.860376
-0.684505	-0.861833
-0.685676	-0.86333
-0.686907	-0.86395
-0.688215	-0.864153
-0.689026	-0.864684
-0.689395	-0.865044
-0.690253	-0.865053
-0.691535	-0.865108
-0.693254	-0.865295
-0.694751	-0.865175
-0.696417	-0.865084
-0.698377	-0.865145
-0.700345	-0.865789
-0.702162	-0.866414
-0.703819	-0.866761
-0.705553	-0.867133
-0.707529	-0.868057
-0.709793	-0.868884
-0.711777	-0.870026
-0.713613	-0.871131
-0.715044	-0.872583
-0.717006	-0.87395
-0.718925	-0.875231
-0.720298	-0.876529
-0.721663	-0.877851
-0.723122	-0.878904
-0.72448	-0.880632
-0.725873	-0.882191
-0.727099	-0.884002
-0.728102	-0.885426
-0.729321	-0.886346
-0.730072	-0.887211
-0.730888	-0.888282
-0.731701	-0.889412
-0.732888	-0.890622
-0.734205	-0.892065
-0.735435	-0.894032
-0.736894	-0.896234
-0.73778	-0.898324
-0.738362	-0.90002
-0.739246	-0.901382
-0.740019	-0.90279
-0.740869	-0.90383
-0.741835	-0.904938
-0.742415	-0.90615
-0.743095	-0.907363
-0.744281	-0.909531
-0.746673	-0.911685
-0.748783	-0.913619
-0.751466	-0.915317
-0.75399	-0.916493
-0.756228	-0.917401
-0.758728	-0.918459
-0.760629	-0.918876
-0.762285	-0.919184
-0.763986	-0.919499
-0.765665	-0.919131
-0.76758	-0.919487
-0.769453	-0.919319
-0.771275	-0.919298
-0.773605	-0.919554
-0.775869	-0.919926
-0.777449	-0.920208
-0.779089	-0.920567
-0.78019	-0.920644
-0.781387	-0.920782
-0.782294	-0.92097
-0.78324	-0.920885
-0.784202	-0.920587
-0.785186	-0.920353
-0.7861	-0.919862
-0.786808	-0.919076
-0.787708	-0.918378
-0.7888	-0.91725
-0.790149	-0.916245
-0.790947	-0.914869
-0.791813	-0.913231
-0.792648	-0.911653
-0.793831	-0.910519
-0.795091	-0.908927
-0.79636	-0.907948
-0.797905	-0.906478
-0.800205	-0.905411
-0.802547	-0.904515
-0.80433	-0.903436
-0.805602	-0.902987
-0.806611	-0.902685
-0.80744	-0.901685
-0.808294	-0.900747
-0.809251	-0.899807
-0.809527	-0.898568
-0.809732	-0.897269
-0.809697	-0.896026
-0.809529	-0.894637
-0.809234	-0.893774
-0.809839	-0.893167
-0.810177	-0.892359
-0.810628	-0.891426
-0.811242	-0.890237
-0.811528	-0.889508
-0.812504	-0.889685
-0.813945	-0.889818
-0.81545	-0.890043
-0.817336	-0.890265
-0.818643	-0.890057
-0.820029	-0.889471
-0.821364	-0.888829
-0.821921	-0.888389
-0.822387	-0.88778
-0.822605	-0.88747
-0.822882	-0.886897
-0.823269	-0.886183
-0.823925	-0.885472
-0.824627	-0.884858
-0.826203	-0.884419
-0.827972	-0.883421
-0.830481	-0.88198
-0.832642	-0.880835
-0.834731	-0.879787
-0.836306	-0.878431
-0.837814	-0.877579
-0.839425	-0.876724
-0.840978	-0.875809
-0.842563	-0.875157
-0.843412	-0.874124
-0.845468	-0.872987
-0.847386	-0.871786
-0.848469	-0.8706
-0.848227	-0.870055
-0.847739	-0.86921
-0.847114	-0.868377
-0.846363	-0.867468
-0.845559	-0.866407
-0.844713	-0.864861
-0.843717	-0.862257
-0.842892	-0.859872
-0.842483	-0.857379
-0.842876	-0.855258
-0.843221	-0.852992
-0.843553	-0.85088
-0.843758	-0.848936
-0.843972	-0.846948
-0.844278	-0.844994
-0.84465	-0.843101
-0.845404	-0.841499
-0.845978	-0.839701
-0.846975	-0.837785
-0.848624	-0.836157
-0.849907	-0.834438
-0.851071	-0.833362
-0.852325	-0.832211
-0.853778	-0.830684
-0.855616	-0.828919
-0.857132	-0.82752
-0.858431	-0.826448
-0.859467	-0.825039
-0.860572	-0.82372
-0.861509	-0.822471
-0.86246	-0.821282
-0.863575	-0.820396
-0.864756	-0.819097
-0.866175	-0.81851
-0.867463	-0.817852
-0.868238	-0.816749
-0.869291	-0.815143
-0.870973	-0.813863
-0.873023	-0.812545
-0.874755	-0.811394
-0.876475	-0.810113
-0.87829	-0.80982
-0.879898	-0.809596
-0.881194	-0.809277
-0.882163	-0.808906
-0.883258	-0.808809
-0.884049	-0.808607
-0.884997	-0.807141
-0.885502	-0.805914
-0.886216	-0.80538
-0.886991	-0.804284
-0.887801	-0.803183
-0.889115	-0.800984
-0.890208	-0.798545
-0.891368	-0.795968
-0.892676	-0.793785
-0.894127	-0.791634
-0.895724	-0.789757
-0.897455	-0.788666
-0.898724	-0.787569
-0.899367	-0.786479
-0.900047	-0.785321
-0.900574	-0.784508
-0.901164	-0.783586
-0.90182	-0.782484
-0.902058	-0.780999
-0.90223	-0.779214
-0.902764	-0.778664
-0.903136	-0.777992
-0.903806	-0.776678
-0.905088	-0.775535
-0.906573	-0.774007
-0.907919	-0.772722
-0.90928	-0.771217
-0.91048	-0.769675
-0.911708	-0.768003
-0.912744	-0.766107
-0.914085	-0.764008
-0.915266	-0.762447
-0.916692	-0.761256
-0.917835	-0.760332
-0.918443	-0.759432
-0.918612	-0.758377
-0.918585	-0.757276
-0.918376	-0.754743
-0.918328	-0.752222
-0.917923	-0.749867
-0.917422	-0.747663
-0.917637	-0.746123
-0.918631	-0.744972
-0.920239	-0.743838
-0.921769	-0.742861
-0.92317	-0.741988
-0.924868	-0.741145
-0.92607	-0.74049
-0.927301	-0.740304
-0.928182	-0.740247
-0.929014	-0.740611
-0.929632	-0.741046
-0.930481	-0.741725
-0.932251	-0.743056
-0.933707	-0.744758
-0.935349	-0.746182
-0.936109	-0.749085
-0.936575	-0.751833
-0.937305	-0.754751
-0.938085	-0.757225
-0.938834	-0.759164
-0.939508	-0.76101
-0.940256	-0.762722
-0.941039	-0.764192
-0.941622	-0.765208
-0.942108	-0.766353
-0.942358	-0.767788
-0.942569	-0.769246
-0.942775	-0.770772
-0.943358	-0.772358
-0.944026	-0.77368
-0.944778	-0.775479
-0.945611	-0.776569
-0.946344	-0.777797
-0.947037	-0.778663
-0.947727	-0.779574
-0.948667	-0.780024
-0.949702	-0.780533
-0.951252	-0.781076
-0.953494	-0.781314
-0.955583	-0.781347
-0.9571	-0.781124
-0.958692	-0.780859
-0.960071	-0.781122
-0.961501	-0.781332
-0.963117	-0.781567
-0.965017	-0.78172
-0.966837	-0.781923
-0.967911	-0.782796
-0.969057	-0.783765
-0.970789	-0.785355
-0.972455	-0.786891
-0.974317	-0.788275
-0.976323	-0.789663
-0.978723	-0.790616
-0.980568	-0.791449
-0.982562	-0.792818
-0.984277	-0.79376
-0.985473	-0.794829
-0.986089	-0.79617
-0.986707	-0.798249
-0.987468	-0.800179
-0.988193	-0.802426
-0.988812	-0.804717
-0.989404	-0.806896
-0.990062	-0.809341
-0.990618	-0.81174
-0.991236	-0.813992
-0.991524	-0.816183
-0.991675	-0.81818
-0.992079	-0.819762
-0.992248	-0.821785
-0.992421	-0.823809
-0.992294	-0.826211
-0.991654	-0.82887
-0.991155	-0.830852
-0.990559	-0.832767
-0.99001	-0.834637
-0.98966	-0.837509
-0.989052	-0.840351
-0.988344	-0.842446
-0.987406	-0.843757
-0.986517	-0.844799
-0.985696	-0.84632
-0.984107	-0.847725
-0.982178	-0.848654
-0.979917	-0.849529
-0.977865	-0.850165
-0.975976	-0.850273
-0.974428	-0.84972
-0.972947	-0.848959
-0.971428	-0.848866
-0.969585	-0.849164
-0.96876	-0.848559
-0.968249	-0.847949
-0.967592	-0.84771
-0.967333	-0.847393
-0.967435	-0.846102
-0.96716	-0.844889
-0.966756	-0.843526
-0.965971	-0.841677
-0.964961	-0.840332
-0.963956	-0.839468
-0.962968	-0.838345
-0.961847	-0.837311
-0.960219	-0.835876
-0.958294	-0.834263
-0.956363	-0.832472
-0.954643	-0.830849
-0.952975	-0.829201
-0.951294	-0.827585
-0.949412	-0.825726
-0.947451	-0.824108
-0.945455	-0.822585
-0.9436	-0.820647
-0.942658	-0.818057
-0.94144	-0.81579
-0.940717	-0.813603
-0.939769	-0.811329
-0.939251	-0.809329
-0.938913	-0.807431
-0.937843	-0.805622
-0.936716	-0.803815
-0.936237	-0.802048
-0.936184	-0.800096
-0.936148	-0.798134
-0.936133	-0.796168
-0.936115	-0.794212
-0.936081	-0.792128
-0.936121	-0.790238
-0.936049	-0.787868
-0.935595	-0.785264
-0.935153	-0.782902
-0.934744	-0.780678
-0.934387	-0.778541
-0.933642	-0.776397
-0.932914	-0.774172
-0.932063	-0.771657
-0.93106	-0.769098
-0.930303	-0.766956
-0.929846	-0.764877
-0.929267	-0.762973
-0.929037	-0.761236
-0.928583	-0.760024
-0.928065	-0.758736
-0.928163	-0.757638
-0.92818	-0.757271
-0.928432	-0.756972
-0.928607	-0.755916
-0.927898	-0.754124
-0.92689	-0.752845
-0.926215	-0.751952
-0.925389	-0.750308
-0.925026	-0.748187
-0.925013	-0.746116
-0.925105	-0.743485
-0.924969	-0.741126
-0.924825	-0.73899
-0.924623	-0.736918
-0.924477	-0.734998
-0.923873	-0.732832
-0.923145	-0.730639
-0.922601	-0.729431
-0.922116	-0.728532
-0.921598	-0.728384
-0.920934	-0.728213
-0.920404	-0.728794
-0.919699	-0.729633
-0.918946	-0.730596
-0.918603	-0.731918
-0.917626	-0.732886
-0.916956	-0.733972
-0.916919	-0.735315
-0.916968	-0.737776
-0.916333	-0.739606
-0.916033	-0.741582
-0.915889	-0.743206
-0.915448	-0.743805
-0.91535	-0.744454
-0.915237	-0.745339
-0.915132	-0.746901
-0.915541	-0.749269
-0.916039	-0.751747
-0.916526	-0.754153
-0.917666	-0.75654
-0.91872	-0.75851
-0.919538	-0.761097
-0.920496	-0.763483
-0.921754	-0.765349
-0.923127	-0.767472
-0.924418	-0.769424
-0.92515	-0.770648
-0.925916	-0.771614
-0.926451	-0.772844
-0.926509	-0.773872
-0.926583	-0.775133
-0.927346	-0.77721
-0.927901	-0.779167
-0.927794	-0.78061
-0.926635	-0.781922
-0.925289	-0.783769
-0.923959	-0.785368
-0.922339	-0.786898
-0.920745	-0.788542
-0.919218	-0.790189
-0.917796	-0.791758
-0.915871	-0.793616
-0.914086	-0.795606
-0.912897	-0.796954
-0.911577	-0.79868
-0.91043	-0.799879
-0.909301	-0.800596
-0.908251	-0.801517
-0.907731	-0.802647
-0.907414	-0.803719
-0.906959	-0.8048
-0.906861	-0.806666
-0.90648	-0.808838
-0.906313	-0.810548
-0.906225	-0.81213
-0.906103	-0.813764
-0.90571	-0.815138
-0.905428	-0.816561
-0.905137	-0.817975
-0.904943	-0.819286
-0.904393	-0.820715
-0.903638	-0.822188
-0.90284	-0.822846
-0.902103	-0.823707
-0.901248	-0.82462
-0.899617	-0.826689
-0.89816	-0.827904
-0.896644	-0.828135
-0.894817	-0.828743
-0.892725	-0.829741
-0.890513	-0.830933
-0.888704	-0.832223
-0.887132	-0.833338
-0.885592	-0.834435
-0.883805	-0.836049
-0.88281	-0.837902
-0.881977	-0.839858
-0.88117	-0.841691
-0.880076	-0.843688
-0.878896	-0.8456
-0.87778	-0.846779
-0.877073	-0.8476
-0.876168	-0.848577
-0.875315	-0.849497
-0.87405	-0.850457
-0.872513	-0.850998
-0.871207	-0.851229
-0.869797	-0.851469
-0.868337	-0.851176
-0.866665	-0.85086
-0.864958	-0.850624
-0.863408	-0.850804
-0.861963	-0.850574
-0.860392	-0.850503
-0.858814	-0.850358
-0.857735	-0.850775
-0.855969	-0.85087
-0.854177	-0.851045
-0.851774	-0.85127
-0.849139	-0.851876
-0.846738	-0.85255
-0.844477	-0.852806
-0.842376	-0.85283
-0.840025	-0.853139
-0.837179	-0.853742
-0.834502	-0.853412
-0.832087	-0.853031
-0.829757	-0.852805
-0.827431	-0.85296
-0.825144	-0.853279
-0.82299	-0.853577
-0.821029	-0.854419
-0.819025	-0.855819
-0.81691	-0.856807
-0.814883	-0.858399
-0.813392	-0.859946
-0.812541	-0.861885
-0.811803	-0.863751
-0.811393	-0.865487
-0.811233	-0.867175
-0.811167	-0.868995
-0.81083	-0.869913
-0.810427	-0.870962
-0.810139	-0.872047
-0.810141	-0.872889
-0.809889	-0.873781
-0.809322	-0.874731
-0.808769	-0.875835
-0.808409	-0.876716
-0.807918	-0.877661
-0.807781	-0.879056
-0.807231	-0.881271
-0.806721	-0.883378
-0.806392	-0.885676
-0.805778	-0.887757
-0.805256	-0.889388
-0.804591	-0.891106
-0.803523	-0.891858
-0.802486	-0.892063
-0.800842	-0.892974
-0.799046	-0.89379
-0.79777	-0.893945
-0.796372	-0.893748
-0.795202	-0.893726
-0.793963	-0.893753
-0.792679	-0.893826
-0.791388	-0.893871
-0.790052	-0.893912
-0.789183	-0.893791
-0.787449	-0.893344
-0.786533	-0.892826
-0.784965	-0.892177
-0.783835	-0.891483
-0.78305	-0.892257
-0.782251	-0.893181
-0.781311	-0.894563
-0.780429	-0.89599
-0.780241	-0.897352
-0.779841	-0.898968
-0.779438	-0.900647
-0.779076	-0.902366
-0.778818	-0.903929
-0.778492	-0.905386
-0.777493	-0.906743
-0.775666	-0.907729
-0.773778	-0.908319
-0.771822	-0.90916
-0.770135	-0.910064
-0.768516	-0.911035
-0.766968	-0.912699
-0.765991	-0.914446
-0.765032	-0.916228
-0.764328	-0.918096
-0.764061	-0.919029
-0.763739	-0.920195
-0.763467	-0.92153
-0.763284	-0.923045
-0.76286	-0.925063
-0.762724	-0.92675
-0.763183	-0.928692
-0.763524	-0.930065
-0.763689	-0.931277
-0.764139	-0.932082
-0.765066	-0.9325
-0.766477	-0.93245
-0.767986	-0.932345
-0.769196	-0.931859
-0.770894	-0.930915
-0.772438	-0.929332
-0.773848	-0.927735
-0.775267	-0.926393
-0.776712	-0.924578
-0.778446	-0.922861
-0.780017	-0.920966
-0.781468	-0.919763
-0.78315	-0.918994
-0.784791	-0.918195
-0.786496	-0.917726
-0.788089	-0.917229
-0.789241	-0.917226
-0.790495	-0.918016
-0.792107	-0.918939
-0.793232	-0.920017
-0.794309	-0.921267
-0.795284	-0.922587
-0.796116	-0.923794
-0.797279	-0.925011
-0.798184	-0.926032
-0.798965	-0.926901
-0.799525	-0.927723
-0.800236	-0.928658
-0.801093	-0.929493
-0.801834	-0.930152
-0.802146	-0.930772
-0.801967	-0.9319
-0.802243	-0.9335
-0.803049	-0.93583
-0.803923	-0.938147
-0.804954	-0.940704
-0.805894	-0.942986
-0.806885	-0.944297
-0.808032	-0.945677
-0.808979	-0.946793
-0.810391	-0.947388
-0.812386	-0.947637
-0.813979	-0.948257
-0.815282	-0.949132
-0.816574	-0.950057
-0.817859	-0.95115
-0.818404	-0.951944
-0.819121	-0.952993
-0.81993	-0.954299
-0.820567	-0.956334
-0.821197	-0.958322
-0.821901	-0.960183
-0.822499	-0.962494
-0.822995	-0.964616
-0.823478	-0.966661
-0.823675	-0.968086
-0.824032	-0.969525
-0.823953	-0.970799
-0.82359	-0.972239
-0.823083	-0.973455
-0.822488	-0.974989
-0.822313	-0.976043
-0.82212	-0.977217
-0.821772	-0.978398
-0.821683	-0.979702
-0.82166	-0.981186
-0.821678	-0.982646
-0.822505	-0.983836
-0.82345	-0.984681
-0.824888	-0.98603
-0.825662	-0.986823
-0.826509	-0.988088
-0.826702	-0.989349
-0.826649	-0.990182
-0.82699	-0.991416
-0.827579	-0.992432
-0.828165	-0.993284
-0.828502	-0.994435
-0.828606	-0.995401
-0.829143	-0.99625
-0.829479	-0.997092
-0.829691	-0.998694
-0.829937	-1.00028
-0.830055	-1.00182
-0.829972	-1.00311
-0.828956	-1.00361
-0.827645	-1.00363
-0.826298	-1.00366
-0.825491	-1.00428
-0.824252	-1.00528
-0.822204	-1.00613
-0.820291	-1.00663
-0.818527	-1.00707
-0.816998	-1.00751
-0.815547	-1.00796
-0.814402	-1.00834
-0.813262	-1.00875
-0.811839	-1.00929
-0.811099	-1.01021
-0.810626	-1.01066
-0.810138	-1.01132
-0.809955	-1.01207
-0.809798	-1.01282
-0.809519	-1.01406
-0.809212	-1.01533
-0.809429	-1.016
-0.809813	-1.01677
-0.810168	-1.01732
-0.810454	-1.01835
-0.810527	-1.01914
-0.809707	-1.01964
-0.808748	-1.02019
-0.807643	-1.02206
-0.806759	-1.02376
-0.806537	-1.025
-0.80693	-1.02633
-0.80694	-1.02814
-0.806708	-1.02954
-0.806442	-1.0306
-0.806692	-1.03107
-0.807146	-1.03185
-0.807132	-1.03275
-0.807149	-1.03407
-0.807081	-1.03569
-0.806734	-1.03692
-0.805807	-1.03825
-0.80485	-1.0396
-0.804798	-1.04207
-0.804742	-1.04434
-0.805107	-1.04639
-0.806154	-1.04881
-0.807089	-1.05126
-0.807355	-1.05272
-0.807638	-1.05522
-0.808065	-1.05778
-0.80846	-1.06031
-0.808739	-1.06293
-0.809089	-1.06517
-0.809607	-1.06763
-0.810694	-1.06998
-0.811658	-1.07222
-0.812655	-1.07473
-0.813117	-1.07684
-0.813482	-1.07899
-0.813081	-1.08153
-0.812872	-1.08491
-0.813328	-1.08833
-0.813589	-1.0914
-0.813787	-1.09463
-0.813965	-1.09772
-0.814293	-1.09961
-0.81467	-1.10158
-0.815024	-1.10377
-0.814896	-1.10605
-0.814564	-1.10879
-0.814907	-1.11172
-0.815134	-1.11445
-0.815418	-1.117
-0.815648	-1.11963
-0.81588	-1.12208
-0.815673	-1.12485
-0.815721	-1.12758
-0.815308	-1.13032
-0.815002	-1.13264
-0.81479	-1.13514
-0.814714	-1.13751
-0.815154	-1.13912
-0.815536	-1.14064
-0.816233	-1.14271
-0.816361	-1.14448
-0.81632	-1.14592
-0.81653	-1.14727
-0.816283	-1.14892
-0.81637	-1.15072
-0.816483	-1.15249
-0.817624	-1.15404
-0.81843	-1.15568
-0.818753	-1.15804
-0.819256	-1.15985
-0.819377	-1.16154
-0.819629	-1.1633
-0.819876	-1.16453
-0.818825	-1.16565
-0.817756	-1.16653
-0.816142	-1.1676
-0.814847	-1.16872
-0.813604	-1.16994
-0.812565	-1.171
-0.81166	-1.17213
-0.81079	-1.17327
-0.809861	-1.1746
-0.808879	-1.17601
-0.808327	-1.1773
-0.807688	-1.17793
-0.8073	-1.17838
-0.806748	-1.17904
-0.806086	-1.1797
-0.805411	-1.18039
-0.804698	-1.18111
-0.804232	-1.18241
-0.803713	-1.18364
-0.803472	-1.1846
-0.803524	-1.18548
-0.803593	-1.18648
-0.803644	-1.18759
-0.803525	-1.18872
-0.803558	-1.18966
-0.803146	-1.19103
-0.802682	-1.19251
-0.8023	-1.19361
-0.801719	-1.19483
-0.801097	-1.19663
-0.800478	-1.19837
-0.799862	-1.20005
-0.799294	-1.20114
-0.79913	-1.20224
-0.798927	-1.20349
-0.798896	-1.20543
-0.798936	-1.20716
-0.7984	-1.20966
-0.797629	-1.21172
-0.797966	-1.21437
-0.79717	-1.2157
-0.796318	-1.21703
-0.795003	-1.21895
-0.793726	-1.2207
-0.792021	-1.22197
-0.789991	-1.22304
-0.788197	-1.22396
-0.786357	-1.2253
-0.784934	-1.22646
-0.783967	-1.22789
-0.783105	-1.22941
-0.782414	-1.23086
-0.782122	-1.23225
-0.782124	-1.23423
-0.782156	-1.23614
-0.78194	-1.23803
-0.781515	-1.23999
-0.781756	-1.24172
-0.78188	-1.2437
-0.782751	-1.24572
-0.783739	-1.24758
-0.784822	-1.24924
-0.786425	-1.25194
-0.788162	-1.25421
-0.789823	-1.2561
-0.791299	-1.25805
-0.792603	-1.25911
-0.794537	-1.2601
-0.79638	-1.26112
-0.797167	-1.26225
-0.798127	-1.26319
-0.799138	-1.26393
-0.80022	-1.2644
-0.801281	-1.26525
-0.801072	-1.26661
-0.801008	-1.26843
-0.801888	-1.26988
-0.802331	-1.27175
-0.80268	-1.27365
-0.802886	-1.27584
-0.803485	-1.27795
-0.803552	-1.27936
-0.804453	-1.28154
-0.805302	-1.28347
-0.806224	-1.2844
-0.807211	-1.28536
-0.808336	-1.28618
-0.809035	-1.28752
-0.810105	-1.2888
-0.810908	-1.29029
-0.811067	-1.29123
-0.811177	-1.29226
-0.811139	-1.29345
-0.811489	-1.29504
-0.812311	-1.29659
-0.812403	-1.2984
-0.813308	-1.30066
-0.813841	-1.30259
-0.814299	-1.30437
-0.814803	-1.306
-0.8154	-1.30795
-0.816045	-1.31006
-0.81609	-1.31252
-0.816001	-1.315
-0.815749	-1.31743
-0.815455	-1.31968
-0.815461	-1.32169
-0.81508	-1.32392
-0.81474	-1.32604
-0.814587	-1.32855
-0.814449	-1.3308
-0.814174	-1.33294
-0.813906	-1.33532
-0.813381	-1.33731
-0.812796	-1.33936
-0.812432	-1.34115
-0.812764	-1.34299
-0.813441	-1.34484
-0.814155	-1.34695
-0.815139	-1.34899
-0.815975	-1.35101
-0.816847	-1.35284
-0.817408	-1.35401
-0.818881	-1.35508
-0.819903	-1.3562
-0.820807	-1.35699
-0.822208	-1.3574
-0.8237	-1.35789
-0.825276	-1.35847
-0.826801	-1.35891
-0.828464	-1.35994
-0.830077	-1.36041
-0.831808	-1.36071
-0.832902	-1.36142
-0.834445	-1.3624
-0.835961	-1.36285
-0.83707	-1.36279
-0.838349	-1.36286
-0.83967	-1.36295
-0.841063	-1.36358
-0.842141	-1.36436
-0.84333	-1.36535
-0.844158	-1.36639
-0.845016	-1.36749
-0.845921	-1.36881
-0.846677	-1.37028
-0.847332	-1.3715
-0.848232	-1.3731
-0.84919	-1.3744
-0.850011	-1.37544
-0.850755	-1.37652
-0.851606	-1.37797
-0.852637	-1.37962
-0.854723	-1.38103
-0.855765	-1.38239
-0.85674	-1.38357
-0.857179	-1.38446
-0.857742	-1.38561
-0.857517	-1.38633
-0.857585	-1.38713
-0.857396	-1.38752
-0.856603	-1.38764
-0.854581	-1.38752
-0.852633	-1.38735
-0.850842	-1.38664
-0.849068	-1.38578
-0.846669	-1.38446
-0.844694	-1.38324
-0.842704	-1.38204
-0.840871	-1.38101
-0.839129	-1.38019
-0.837694	-1.37978
-0.836148	-1.37952
-0.834794	-1.37918
-0.833299	-1.37852
-0.831452	-1.3775
-0.82973	-1.37625
-0.828382	-1.3748
-0.826927	-1.37314
-0.825395	-1.37147
-0.824244	-1.37025
-0.823128	-1.36924
-0.822352	-1.36788
-0.821845	-1.36662
-0.821334	-1.36521
-0.820649	-1.36366
-0.820159	-1.36195
-0.819916	-1.36007
-0.819677	-1.35824
-0.820206	-1.35614
-0.820877	-1.3543
-0.821126	-1.35257
-0.820959	-1.35058
-0.81964	-1.34809
-0.818475	-1.34632
-0.818025	-1.3451
-0.818039	-1.34377
-0.818091	-1.34237
-0.818654	-1.3414
-0.819319	-1.34034
-0.820135	-1.33918
-0.821092	-1.33798
-0.822623	-1.33657
-0.823526	-1.33526
-0.824373	-1.33416
-0.825133	-1.33294
-0.826112	-1.33156
-0.827808	-1.33029
-0.829207	-1.3288
-0.830872	-1.3282
-0.832614	-1.32719
-0.834129	-1.32657
-0.835563	-1.326
-0.837064	-1.32544
-0.839349	-1.32491
-0.841213	-1.32409
-0.842794	-1.32313
-0.844411	-1.32218
-0.84592	-1.32117
-0.847381	-1.32013
-0.847916	-1.31933
-0.848716	-1.31815
-0.850062	-1.31716
-0.851431	-1.31598
-0.852972	-1.31465
-0.85444	-1.31349
-0.85603	-1.31217
-0.857756	-1.31117
-0.85925	-1.30981
-0.860701	-1.30822
-0.86217	-1.30618
-0.863488	-1.30435
-0.865037	-1.30341
-0.867271	-1.30301
-0.869123	-1.30252
-0.871095	-1.30183
-0.872978	-1.30119
-0.874681	-1.30065
-0.87598	-1.29928
-0.877106	-1.29818
-0.878508	-1.29717
-0.880389	-1.29652
-0.882295	-1.29615
-0.884209	-1.29562
-0.886192	-1.29512
-0.889442	-1.29457
-0.892431	-1.29411
-0.895273	-1.29357
-0.898268	-1.29236
-0.90122	-1.29124
-0.903397	-1.29044
-0.905104	-1.28937
-0.906317	-1.28824
-0.907717	-1.28702
-0.908485	-1.28542
-0.909186	-1.28387
-0.910354	-1.28227
-0.911438	-1.28073
-0.912587	-1.27929
-0.913847	-1.2782
-0.915114	-1.27713
-0.916186	-1.2763
-0.917445	-1.27544
-0.918152	-1.27454
-0.918938	-1.27416
-0.919629	-1.27379
-0.920799	-1.27322
-0.922034	-1.27265
-0.922814	-1.27184
-0.924223	-1.26995
-0.925661	-1.2695
-0.92727	-1.26871
-0.928888	-1.26746
-0.930826	-1.26637
-0.93256	-1.26555
-0.9344	-1.26483
-0.935951	-1.26459
-0.937432	-1.26396
-0.939	-1.2633
-0.94096	-1.26242
-0.942994	-1.26236
-0.944931	-1.26167
-0.946613	-1.26096
-0.948206	-1.26019
-0.949829	-1.2591
-0.950924	-1.25805
-0.951685	-1.25711
-0.952575	-1.25617
-0.953582	-1.25502
-0.954334	-1.25406
-0.954645	-1.25226
-0.955093	-1.24997
-0.956126	-1.24693
-0.957011	-1.2442
-0.957693	-1.24138
-0.958354	-1.23804
-0.959161	-1.23547
-0.959925	-1.23309
-0.960511	-1.23107
-0.961625	-1.2284
-0.963046	-1.2261
-0.964823	-1.22284
-0.966374	-1.22001
-0.967125	-1.21687
-0.967681	-1.2138
-0.968517	-1.2118
-0.96902	-1.21053
-0.969616	-1.20934
-0.970285	-1.20805
-0.971346	-1.20664
-0.972128	-1.20607
-0.973161	-1.2055
-0.974648	-1.20506
-0.976818	-1.20489
-0.978864	-1.20416
-0.980454	-1.20317
-0.982276	-1.20192
-0.984003	-1.2004
-0.985646	-1.19898
-0.987488	-1.19775
-0.989064	-1.19658
-0.991017	-1.19569
-0.992869	-1.1949
-0.994426	-1.19412
-0.996036	-1.19341
-0.997472	-1.19273
-0.998399	-1.19174
-0.999442	-1.19079
-1.00043	-1.19013
-1.00149	-1.18942
-1.0027	-1.18877
-1.00452	-1.18784
-1.00622	-1.18683
-1.00821	-1.18635
-1.01017	-1.18562
-1.01197	-1.18498
-1.01352	-1.18404
-1.01503	-1.18297
-1.01694	-1.1825
-1.01881	-1.18208
-1.01999	-1.18196
-1.02129	-1.18223
-1.02292	-1.18233
-1.02491	-1.18234
-1.02633	-1.18205
-1.02778	-1.18178
-1.02919	-1.18157
-1.03051	-1.18172
-1.03222	-1.18159
-1.03405	-1.18125
-1.03662	-1.18174
-1.03842	-1.18105
-1.04015	-1.18033
-1.042	-1.17962
-1.04421	-1.17909
-1.04614	-1.17875
-1.04801	-1.17855
-1.05009	-1.17777
-1.05205	-1.17703
-1.0538	-1.17632
-1.05524	-1.17581
-1.05657	-1.17593
-1.05869	-1.17602
-1.06085	-1.17625
-1.06315	-1.17644
-1.06507	-1.17698
-1.06694	-1.17723
-1.06863	-1.17634
-1.07009	-1.17552
-1.07123	-1.17486
-1.07265	-1.17455
-1.07418	-1.17437
-1.07513	-1.1743
-1.07677	-1.1744
-1.07855	-1.17424
-1.08036	-1.17406
-1.08212	-1.17388
-1.08353	-1.17366
-1.08537	-1.17337
-1.08735	-1.17328
-1.0893	-1.17346
-1.09131	-1.17367
-1.09371	-1.17377
-1.09611	-1.1741
-1.09838	-1.17509
-1.10087	-1.17552
-1.10317	-1.17569
-1.10585	-1.176
-1.10827	-1.17671
-1.11051	-1.17738
-1.11241	-1.17812
-1.11416	-1.17885
-1.1155	-1.1794
-1.11596	-1.1799
-1.11651	-1.18045
-1.11727	-1.18167
-1.11774	-1.18299
-1.11849	-1.18458
-1.11971	-1.18644
-1.12079	-1.1876
-1.12172	-1.18888
-1.12234	-1.19019
-1.12267	-1.1915
-1.12278	-1.1931
-1.12308	-1.19459
-1.12318	-1.19598
-1.12313	-1.19751
-1.12236	-1.19921
-1.12177	-1.20053
-1.12117	-1.20148
-1.12056	-1.20243
-1.11982	-1.20343
-1.11909	-1.20462
-1.11841	-1.20581
-1.11767	-1.20733
-1.1169	-1.20892
-1.11591	-1.21003
-1.11489	-1.21134
-1.1138	-1.21239
-1.11298	-1.21366
-1.11244	-1.21487
-1.11214	-1.21629
-1.11177	-1.21723
-1.11142	-1.21825
-1.11027	-1.21896
-1.10865	-1.2203
-1.10721	-1.22157
-1.1063	-1.22342
-1.10544	-1.22522
-1.10506	-1.22719
-1.10489	-1.22915
-1.10487	-1.23116
-1.10479	-1.23291
-1.10458	-1.23487
-1.10389	-1.23679
-1.10316	-1.23862
-1.10252	-1.24037
-1.10191	-1.24284
-1.10137	-1.2451
-1.10053	-1.24737
-1.09976	-1.24943
-1.09914	-1.25085
-1.09921	-1.25215
-1.09941	-1.25331
-1.09967	-1.2546
-1.09999	-1.25594
-1.10024	-1.25723
-1.10061	-1.25904
-1.10034	-1.26067
-1.10027	-1.26259
-1.10055	-1.26426
-1.10094	-1.26604
-1.10133	-1.2678
-1.10114	-1.26937
-1.1009	-1.27089
-1.10085	-1.27297
-1.10073	-1.2751
-1.10127	-1.27687
-1.10176	-1.27859
-1.10291	-1.28128
-1.10445	-1.28406
-1.10575	-1.28488
-1.10732	-1.28566
-1.10908	-1.28608
-1.11013	-1.28629
-1.11077	-1.28595
-1.11169	-1.28549
-1.11295	-1.28479
-1.11481	-1.28313
-1.11658	-1.2815
-1.11823	-1.27973
-1.12	-1.27794
-1.12133	-1.27593
-1.1223	-1.27388
-1.12384	-1.27102
-1.12549	-1.26863
-1.12775	-1.26635
-1.12964	-1.26435
-1.13142	-1.2626
-1.13303	-1.26098
-1.13521	-1.25962
-1.13737	-1.25843
-1.13909	-1.25692
-1.14063	-1.25607
-1.142	-1.2552
-1.14325	-1.25454
-1.14431	-1.25402
-1.14558	-1.25335
-1.14715	-1.25213
-1.14908	-1.2512
-1.15089	-1.25032
-1.15165	-1.24915
-1.1523	-1.24794
-1.15238	-1.24656
-1.1533	-1.24515
-1.15465	-1.24407
-1.15629	-1.24278
-1.15787	-1.24207
-1.15909	-1.24158
-1.15995	-1.24061
-1.16106	-1.23964
-1.16227	-1.23829
-1.16359	-1.23704
-1.16464	-1.23616
-1.16552	-1.2352
-1.1665	-1.23404
-1.16786	-1.2326
-1.16958	-1.23049
-1.17134	-1.22854
-1.17303	-1.22689
-1.17452	-1.22527
-1.17597	-1.22334
-1.17687	-1.22137
-1.17748	-1.21875
-1.1789	-1.21656
-1.18044	-1.21455
-1.18197	-1.21272
-1.18305	-1.21093
-1.18387	-1.20943
-1.18465	-1.20791
-1.18545	-1.20637
-1.18583	-1.20535
-1.18614	-1.20427
-1.18639	-1.2032
-1.18667	-1.20195
-1.18671	-1.20018
-1.18677	-1.1984
-1.18645	-1.19633
-1.18559	-1.19471
-1.18507	-1.19298
-1.18432	-1.19129
-1.18361	-1.19001
-1.18239	-1.18889
-1.18147	-1.188
-1.18032	-1.187
-1.17861	-1.18605
-1.1769	-1.18555
-1.17522	-1.18476
-1.17365	-1.18384
-1.17235	-1.18284
-1.17155	-1.18191
-1.17005	-1.18074
-1.16833	-1.18049
-1.16582	-1.18085
-1.16337	-1.1811
-1.16121	-1.18128
-1.15919	-1.1813
-1.15705	-1.18078
-1.1551	-1.18035
-1.1531	-1.17997
-1.15112	-1.17958
-1.14908	-1.17918
-1.14724	-1.17888
-1.14532	-1.17861
-1.14357	-1.17874
-1.14164	-1.17883
-1.13968	-1.17938
-1.13764	-1.17942
-1.13558	-1.1795
-1.13331	-1.18011
-1.13062	-1.181
-1.12778	-1.18185
-1.125	-1.18254
-1.123	-1.18367
-1.1206	-1.18486
-1.11831	-1.18596
-1.11631	-1.18712
-1.11446	-1.18821
-1.11259	-1.18953
-1.11091	-1.19035
-1.10906	-1.19137
-1.10761	-1.19255
-1.10762	-1.19355
-1.10763	-1.19466
-1.10756	-1.19573
-1.10742	-1.19698
-1.10715	-1.19858
-1.10692	-1.20017
-1.10679	-1.20226
-1.10731	-1.20456
-1.1073	-1.20637
-1.10721	-1.20796
-1.10716	-1.20941
-1.10743	-1.21042
-1.10759	-1.21146
-1.10786	-1.21265
-1.10819	-1.21395
-1.10797	-1.21547
-1.10816	-1.21678
-1.10905	-1.21792
-1.11003	-1.21901
-1.11111	-1.22005
-1.11346	-1.22119
-1.11509	-1.22169
-1.11664	-1.22216
-1.11801	-1.22255
-1.12023	-1.22297
-1.12216	-1.22341
-1.12316	-1.22362
-1.12446	-1.22372
-1.12532	-1.2229
-1.12665	-1.22207
-1.12851	-1.22134
-1.13038	-1.22018
-1.1315	-1.21961
-1.13323	-1.21856
-1.13393	-1.21812
-1.13473	-1.21746
-1.13577	-1.21658
-1.13634	-1.21547
-1.13633	-1.21466
-1.1354	-1.21422
-1.13489	-1.21419
-1.13453	-1.21452
-1.13397	-1.21506
-1.13315	-1.2157
-1.13288	-1.2163
-1.1328	-1.21713
-1.13296	-1.21743
-1.13323	-1.21803
-1.13363	-1.21889
-1.13404	-1.22002
-1.13447	-1.2213
-1.13499	-1.22266
-1.13577	-1.22417
-1.13736	-1.22612
-1.13886	-1.22799
-1.14023	-1.22956
-1.14179	-1.23008
-1.14375	-1.23055
-1.14584	-1.23112
-1.14841	-1.23137
-1.15136	-1.23183
-1.15419	-1.23246
-1.15702	-1.23264
-1.1589	-1.23342
-1.16015	-1.2341
-1.16102	-1.23458
-1.16196	-1.23544
-1.16283	-1.23616
-1.16411	-1.2365
-1.16513	-1.23712
-1.16669	-1.23753
-1.16863	-1.23801
-1.17083	-1.23865
-1.17314	-1.239
-1.17502	-1.23879
-1.1766	-1.23813
-1.17879	-1.23701
-1.18085	-1.23641
-1.18267	-1.23587
-1.18438	-1.23511
-1.18671	-1.23509
-1.18955	-1.23563
-1.19201	-1.23607
-1.19356	-1.23718
-1.19511	-1.23749
-1.1963	-1.23769
-1.1973	-1.23818
-1.19831	-1.23911
-1.19939	-1.24004
-1.20051	-1.24141
-1.20221	-1.24244
-1.20412	-1.24389
-1.2059	-1.24531
-1.208	-1.2463
-1.21058	-1.24787
-1.21303	-1.2494
-1.21559	-1.25096
-1.21763	-1.25244
-1.21958	-1.25464
-1.22137	-1.25617
-1.2224	-1.25741
-1.22276	-1.2589
-1.22306	-1.25992
-1.22318	-1.26124
-1.22354	-1.26217
-1.22414	-1.26303
-1.22485	-1.26402
-1.22553	-1.26512
-1.22629	-1.26624
-1.22735	-1.26763
-1.22818	-1.26895
-1.22936	-1.27086
-1.23071	-1.27258
-1.23265	-1.27387
-1.2346	-1.27472
-1.23645	-1.27502
-1.2383	-1.27529
-1.24008	-1.27521
-1.24228	-1.27477
-1.24425	-1.27448
-1.24615	-1.27423
-1.24769	-1.27385
-1.24928	-1.27357
-1.25066	-1.2734
-1.2521	-1.27323
-1.25364	-1.27315
-1.25535	-1.27302
-1.25734	-1.27322
-1.25935	-1.27345
-1.26095	-1.27385
-1.26251	-1.27421
-1.26327	-1.27427
-1.2646	-1.27504
-1.26517	-1.27629
-1.26586	-1.27738
-1.26674	-1.27863
-1.26808	-1.27967
-1.26904	-1.28176
-1.2697	-1.28364
-1.27106	-1.28609
-1.27228	-1.28848
-1.27343	-1.29134
-1.27428	-1.29353
-1.27534	-1.29555
-1.27616	-1.29736
-1.27656	-1.29905
-1.27755	-1.30146
-1.27895	-1.30445
-1.27993	-1.30769
-1.28104	-1.31083
-1.28194	-1.31393
-1.28245	-1.31666
-1.28278	-1.31919
-1.28327	-1.32133
-1.28427	-1.32329
-1.28533	-1.32472
-1.28671	-1.32616
-1.28803	-1.32743
-1.2899	-1.32882
-1.2921	-1.33004
-1.29436	-1.33113
-1.29639	-1.33272
-1.29802	-1.33389
-1.2998	-1.33483
-1.30203	-1.33526
-1.30354	-1.33483
-1.30499	-1.33458
-1.30659	-1.33434
-1.30833	-1.33378
-1.30904	-1.33332
-1.30984	-1.33251
-1.31101	-1.33141
-1.31174	-1.33096
-1.3122	-1.33055
-1.31327	-1.33019
-1.31463	-1.32954
-1.31623	-1.32902
-1.31801	-1.32804
-1.31974	-1.32721
-1.32165	-1.32657
-1.3235	-1.32583
-1.32539	-1.32505
-1.32695	-1.3245
-1.32856	-1.32392
-1.33044	-1.32341
-1.33238	-1.32298
-1.33423	-1.32284
-1.3358	-1.32279
-1.33746	-1.32292
-1.338	-1.32304
-1.33922	-1.32336
-1.34077	-1.32312
-1.34217	-1.323
-1.34378	-1.32233
-1.34531	-1.32168
-1.34673	-1.32114
-1.34944	-1.32026
-1.35235	-1.3199
-1.35488	-1.31971
-1.35725	-1.31902
-1.35955	-1.31833
-1.36144	-1.31795
-1.36344	-1.31797
-1.36588	-1.31845
-1.36804	-1.3187
-1.36981	-1.31962
-1.37082	-1.32038
-1.37201	-1.32113
-1.37339	-1.32175
-1.37454	-1.32292
-1.37497	-1.32472
-1.37539	-1.32652
-1.37628	-1.32813
-1.37714	-1.32979
-1.37846	-1.33075
-1.37945	-1.33178
-1.38058	-1.333
-1.3818	-1.3342
-1.3831	-1.33548
-1.38434	-1.33676
-1.38558	-1.33819
-1.38672	-1.33952
-1.38798	-1.34152
-1.38883	-1.34416
-1.38979	-1.34614
-1.39025	-1.34862
-1.39077	-1.35095
-1.39056	-1.35244
-1.38987	-1.3534
-1.38929	-1.35467
-1.38864	-1.35605
-1.3881	-1.35747
-1.38713	-1.3589
-1.38625	-1.36022
-1.38548	-1.36152
-1.38462	-1.36219
-1.38281	-1.3627
-1.38093	-1.3633
-1.37894	-1.36366
-1.3771	-1.36418
-1.37534	-1.36475
-1.37359	-1.3654
-1.37108	-1.366
-1.36902	-1.36621
-1.36693	-1.36723
-1.36471	-1.36824
-1.36216	-1.36901
-1.35988	-1.36972
-1.3578	-1.3704
-1.35579	-1.37101
-1.35387	-1.37157
-1.35187	-1.37189
-1.34992	-1.37223
-1.34818	-1.37232
-1.34648	-1.37266
-1.34481	-1.37323
-1.34283	-1.37371
-1.34098	-1.37418
-1.34001	-1.37486
-1.33876	-1.37504
-1.33801	-1.37515
-1.33721	-1.37525
-1.3361	-1.37538
-1.33478	-1.37557
-1.33369	-1.37584
-1.33267	-1.376
-1.33172	-1.37631
-1.33059	-1.37714
-1.3295	-1.37775
-1.32859	-1.3782
-1.32781	-1.37953
-1.3268	-1.38088
-1.32541	-1.38221
-1.32384	-1.38356
-1.32231	-1.38483
-1.32084	-1.38603
-1.31828	-1.38795
-1.31621	-1.38997
-1.31521	-1.39185
-1.3145	-1.39323
-1.31346	-1.39474
-1.3134	-1.39677
-1.31345	-1.39901
-1.31247	-1.40104
-1.31142	-1.4031
-1.31059	-1.40491
-1.30901	-1.40666
-1.30739	-1.40807
-1.30624	-1.41005
-1.30512	-1.41134
-1.30386	-1.41285
-1.30256	-1.41453
-1.30069	-1.41559
-1.29864	-1.41683
-1.29635	-1.41869
-1.294	-1.42098
-1.29225	-1.4224
-1.29037	-1.42416
-1.28861	-1.42578
-1.28764	-1.42738
-1.28683	-1.42979
-1.28652	-1.43205
-1.28631	-1.43425
-1.2862	-1.43645
-1.28617	-1.43841
-1.28553	-1.44096
-1.28501	-1.44344
-1.28457	-1.44574
-1.28436	-1.44796
-1.28451	-1.44992
-1.28492	-1.45137
-1.28536	-1.45258
-1.28584	-1.45386
-1.28631	-1.45548
-1.28681	-1.45705
-1.28706	-1.45862
-1.28729	-1.45993
-1.28745	-1.46162
-1.28762	-1.46279
-1.28752	-1.46441
-1.28745	-1.46626
-1.28741	-1.46805
-1.28848	-1.47046
-1.28942	-1.47254
-1.28954	-1.47363
-1.28954	-1.47543
-1.28933	-1.47703
-1.28961	-1.47914
-1.28993	-1.48101
-1.29003	-1.4829
-1.29011	-1.48469
-1.29007	-1.48649
-1.28998	-1.48817
-1.28978	-1.49007
-1.29004	-1.49228
-1.29012	-1.49426
-1.29024	-1.49595
-1.29009	-1.49783
-1.28964	-1.49987
-1.28963	-1.50236
-1.28966	-1.50484
-1.28915	-1.50836
-1.28887	-1.51119
-1.28846	-1.51298
-1.28807	-1.51462
-1.28611	-1.51668
-1.28387	-1.51931
-1.2818	-1.52177
-1.28	-1.52366
-1.27906	-1.52603
-1.27824	-1.52845
-1.27752	-1.53067
-1.2772	-1.53251
-1.2761	-1.53363
-1.27477	-1.53485
-1.27352	-1.53644
-1.27219	-1.53782
-1.27072	-1.53896
-1.26882	-1.54011
-1.26706	-1.54122
-1.266	-1.54236
-1.26508	-1.54339
-1.26461	-1.54468
-1.26426	-1.54629
-1.26392	-1.54845
-1.26346	-1.54995
-1.26249	-1.55107
-1.26164	-1.55212
-1.26031	-1.55297
-1.25898	-1.55406
-1.25795	-1.55524
-1.25685	-1.55641
-1.25694	-1.55794
-1.25693	-1.55952
-1.25689	-1.56121
-1.25617	-1.56277
-1.25539	-1.56418
-1.25471	-1.56607
-1.25344	-1.56751
-1.25229	-1.56903
-1.25114	-1.57048
-1.24993	-1.57182
-1.24861	-1.57296
-1.24823	-1.57456
-1.24791	-1.57617
-1.2472	-1.57769
-1.24633	-1.57904
-1.2455	-1.58042
-1.2446	-1.58138
-1.24378	-1.58289
-1.24323	-1.58444
-1.2426	-1.58613
-1.2423	-1.58827
-1.24187	-1.59046
-1.24133	-1.59261
-1.24128	-1.59423
-1.24135	-1.596
-1.24132	-1.5977
-1.24217	-1.59855
-1.24357	-1.59933
-1.24465	-1.59988
-1.2458	-1.60048
-1.24653	-1.60119
-1.24743	-1.60205
-1.24898	-1.60307
-1.25144	-1.6043
-1.25407	-1.60611
-1.25654	-1.60801
-1.25906	-1.60924
-1.26114	-1.61026
-1.26359	-1.61144
-1.26588	-1.6125
-1.26828	-1.61334
-1.27056	-1.6144
-1.27299	-1.61523
-1.27505	-1.61599
-1.27736	-1.61655
-1.27996	-1.61721
-1.2821	-1.61725
-1.28398	-1.61754
-1.28565	-1.61777
-1.28695	-1.61793
-1.28844	-1.61892
-1.2896	-1.62057
-1.29076	-1.62225
-1.29187	-1.62378
-1.29284	-1.62548
-1.29368	-1.62693
-1.29508	-1.62865
-1.29662	-1.63038
-1.29884	-1.63225
-1.30095	-1.63387
-1.30296	-1.6351
-1.30488	-1.63615
-1.30654	-1.63722
-1.30782	-1.63806
-1.30913	-1.63893
-1.31066	-1.64042
-1.31237	-1.64199
-1.31406	-1.64348
-1.31552	-1.64448
-1.31698	-1.6455
-1.31777	-1.64731
-1.31873	-1.64907
-1.32036	-1.65095
-1.32185	-1.6526
-1.32327	-1.65416
-1.32398	-1.65552
-1.32487	-1.65731
-1.32585	-1.65962
-1.32653	-1.66165
-1.32667	-1.66338
-1.32689	-1.66533
-1.32711	-1.66761
-1.32582	-1.66989
-1.3246	-1.6719
-1.3236	-1.67313
-1.32229	-1.67405
-1.32113	-1.67501
-1.31926	-1.67581
-1.31782	-1.6776
-1.31665	-1.67937
-1.31502	-1.681
-1.31369	-1.68308
-1.3124	-1.68497
-1.3112	-1.68664
-1.3107	-1.68801
-1.31006	-1.68953
-1.30955	-1.69093
-1.30996	-1.69234
-1.31041	-1.6937
-1.31004	-1.69552
-1.31072	-1.69684
-1.31138	-1.69792
-1.31245	-1.6989
-1.314	-1.70009
-1.31475	-1.70087
-1.31622	-1.70107
-1.31759	-1.70087
-1.31924	-1.70078
-1.32113	-1.70076
-1.32286	-1.70116
-1.32451	-1.70042
-1.3259	-1.69958
-1.32717	-1.69855
-1.32864	-1.69738
-1.33014	-1.69639
-1.3319	-1.69465
-1.33268	-1.6933
-1.3335	-1.69163
-1.33423	-1.6897
-1.33475	-1.68697
-1.33525	-1.68444
-1.33571	-1.68212
-1.33651	-1.68029
-1.33708	-1.67904
-1.33761	-1.67817
-1.33829	-1.67732
-1.33896	-1.67705
-1.33986	-1.67702
-1.34106	-1.67721
-1.34236	-1.67772
-1.34366	-1.67918
-1.34497	-1.68063
-1.34615	-1.68233
-1.34702	-1.68449
-1.34788	-1.68668
-1.34871	-1.68841
-1.34917	-1.69026
-1.34864	-1.69262
-1.3476	-1.69421
-1.34645	-1.69568
-1.34534	-1.69727
-1.34394	-1.69902
-1.34235	-1.70091
-1.34095	-1.70259
-1.33945	-1.70484
-1.3377	-1.70725
-1.33618	-1.70917
-1.334	-1.71098
-1.33193	-1.71283
-1.32977	-1.7141
-1.32775	-1.71506
-1.32586	-1.71617
-1.324	-1.71671
-1.32231	-1.7174
-1.32076	-1.7189
-1.31917	-1.72021
-1.31755	-1.72021
-1.3164	-1.72018
-1.31445	-1.72093
-1.31258	-1.72216
-1.31088	-1.72418
-1.30934	-1.72606
-1.30689	-1.72868
-1.30481	-1.73055
-1.30284	-1.73197
-1.30104	-1.73327
-1.29929	-1.73453
-1.29773	-1.73569
-1.29702	-1.73671
-1.29633	-1.73803
-1.29494	-1.73927
-1.29352	-1.74183
-1.29201	-1.74409
-1.29014	-1.74709
-1.28841	-1.74983
-1.28674	-1.7527
-1.2849	-1.75467
-1.28274	-1.75726
-1.28099	-1.75941
-1.27944	-1.7614
-1.27816	-1.76293
-1.27724	-1.7645
-1.27634	-1.76602
-1.27547	-1.76747
-1.27476	-1.76924
-1.27417	-1.77096
-1.27363	-1.77278
-1.27341	-1.77476
-1.27253	-1.7773
-1.2709	-1.77999
-1.26949	-1.78286
-1.26823	-1.78551
-1.26704	-1.78787
-1.26613	-1.78943
-1.26547	-1.79075
-1.26382	-1.79221
-1.26206	-1.79358
-1.26016	-1.79503
-1.25856	-1.79648
-1.25657	-1.79777
-1.25484	-1.79902
-1.25326	-1.8002
-1.25156	-1.80122
-1.24975	-1.80178
-1.24819	-1.80209
-1.24659	-1.80241
-1.24483	-1.80222
-1.24338	-1.8019
-1.24177	-1.80152
-1.24014	-1.8009
-1.23878	-1.80026
-1.23727	-1.79957
-1.23577	-1.79891
-1.23451	-1.79856
-1.2333	-1.79812
-1.23196	-1.79665
-1.23042	-1.79532
-1.22888	-1.79394
-1.22734	-1.79298
-1.22569	-1.79212
-1.22448	-1.79085
-1.22338	-1.79048
-1.22185	-1.79024
-1.22034	-1.78996
-1.21922	-1.78989
-1.21809	-1.78968
-1.21698	-1.78997
-1.21539	-1.79031
-1.21397	-1.79054
-1.21277	-1.79053
-1.21148	-1.7905
-1.21023	-1.78992
-1.20878	-1.78915
-1.20778	-1.78871
-1.20681	-1.78788
-1.2058	-1.78697
-1.20457	-1.78606
-1.20312	-1.7853
-1.20156	-1.78414
-1.2007	-1.78387
-1.1994	-1.78342
-1.19773	-1.783
-1.19631	-1.78295
-1.1949	-1.7828
-1.19366	-1.78241
-1.19226	-1.78188
-1.1907	-1.78107
-1.18892	-1.78064
-1.18716	-1.78026
-1.18549	-1.77973
-1.18391	-1.77923
-1.18201	-1.77967
-1.17989	-1.77973
-1.17789	-1.77982
-1.1761	-1.77939
-1.17408	-1.78036
-1.17211	-1.78133
-1.17046	-1.78259
-1.16914	-1.78382
-1.16845	-1.78528
-1.16802	-1.78663
-1.1677	-1.78766
-1.16793	-1.78885
-1.16834	-1.78994
-1.16929	-1.79161
-1.17001	-1.79329
-1.17049	-1.79608
-1.17027	-1.79803
-1.17011	-1.80003
-1.1702	-1.80211
-1.16875	-1.80504
-1.16769	-1.80768
-1.1669	-1.80994
-1.16591	-1.81207
-1.16603	-1.81484
-1.16614	-1.81723
-1.16629	-1.81957
-1.16637	-1.82153
-1.16677	-1.82366
-1.16689	-1.82561
-1.16709	-1.82764
-1.16634	-1.82986
-1.16603	-1.83191
-1.16597	-1.83415
-1.16617	-1.83642
-1.16664	-1.83815
-1.16702	-1.83968
-1.16743	-1.84128
-1.16798	-1.84251
-1.16857	-1.8438
-1.16918	-1.84507
-1.16986	-1.84645
-1.17065	-1.84786
-1.17145	-1.8495
-1.17273	-1.85132
-1.17383	-1.85309
-1.17559	-1.85464
-1.17723	-1.85595
-1.17887	-1.85647
-1.18024	-1.85682
-1.18172	-1.85715
-1.1829	-1.85634
-1.18412	-1.85545
-1.18544	-1.85454
-1.18649	-1.85402
-1.18706	-1.85417
-1.18793	-1.85412
-1.18891	-1.85453
-1.19005	-1.85491
-1.19149	-1.85602
-1.19314	-1.85719
-1.19455	-1.85898
-1.19659	-1.86099
-1.19824	-1.86238
-1.19967	-1.8637
-1.20107	-1.86499
-1.20239	-1.86621
-1.20316	-1.86723
-1.20402	-1.86856
-1.20552	-1.86984
-1.20691	-1.87148
-1.20794	-1.87341
-1.20915	-1.87526
-1.20932	-1.87643
-1.20994	-1.87676
-1.21089	-1.87774
-1.21219	-1.8791
-1.21331	-1.88019
-1.21476	-1.88123
-1.21601	-1.88228
-1.21731	-1.88318
-1.21891	-1.88365
-1.22044	-1.88412
-1.22219	-1.88488
-1.22415	-1.8857
-1.22633	-1.88622
-1.22872	-1.88648
-1.23063	-1.88667
-1.23252	-1.88684
-1.23438	-1.88749
-1.2357	-1.88788
-1.23657	-1.88858
-1.23741	-1.88905
-1.23874	-1.8896
-1.24039	-1.8903
-1.24209	-1.89104
-1.24368	-1.89197
-1.2452	-1.89231
-1.24752	-1.89376
-1.24925	-1.89552
-1.2505	-1.89723
-1.25175	-1.89941
-1.25271	-1.9013
-1.25381	-1.90291
-1.25482	-1.90461
-1.25581	-1.90659
-1.25674	-1.90845
-1.25731	-1.91021
-1.25801	-1.91226
-1.25899	-1.91431
-1.2604	-1.91553
-1.26178	-1.91629
-1.26291	-1.91719
-1.26386	-1.91802
-1.26487	-1.91891
-1.26592	-1.91985
-1.26703	-1.92085
-1.26819	-1.92189
-1.26935	-1.92303
-1.27046	-1.92361
-1.27177	-1.92432
-1.27281	-1.92528
-1.27406	-1.92622
-1.2753	-1.92718
-1.27688	-1.92869
-1.27881	-1.92948
-1.28113	-1.93066
-1.28317	-1.93126
-1.28528	-1.93195
-1.28756	-1.93267
-1.2897	-1.93331
-1.29159	-1.93354
-1.29339	-1.9337
-1.29468	-1.93433
-1.29607	-1.93501
-1.29769	-1.93615
-1.29902	-1.93689
-1.30029	-1.93774
-1.30225	-1.93869
-1.30414	-1.93983
-1.30595	-1.94073
-1.3077	-1.94188
-1.30911	-1.94326
-1.31054	-1.9445
-1.31177	-1.94515
-1.3126	-1.94572
-1.31373	-1.9463
-1.31445	-1.94695
-1.31436	-1.94842
-1.31486	-1.95058
-1.31525	-1.95236
-1.31565	-1.95421
-1.31675	-1.95603
-1.31866	-1.95819
-1.32043	-1.96008
-1.32222	-1.9621
-1.32383	-1.96421
-1.32527	-1.96623
-1.3268	-1.96831
-1.3284	-1.96947
-1.32985	-1.9704
-1.33066	-1.97129
-1.33144	-1.97225
-1.33227	-1.97333
-1.33313	-1.97436
-1.33436	-1.97648
-1.33564	-1.97843
-1.33681	-1.98029
-1.33768	-1.98197
-1.33831	-1.98366
-1.33902	-1.98557
-1.33972	-1.98745
-1.3401	-1.98929
-1.34037	-1.99118
-1.34079	-1.99277
-1.3405	-1.99474
-1.34022	-1.99663
-1.33971	-1.99816
-1.33915	-1.99976
-1.3393	-2.00073
-1.33924	-2.00183
-1.33917	-2.0028
-1.33928	-2.00394
-1.34021	-2.00515
-1.34152	-2.0065
-1.34289	-2.00781
-1.34478	-2.00879
-1.34611	-2.00998
-1.34742	-2.01121
-1.34839	-2.01243
-1.34879	-2.01374
-1.34945	-2.01482
-1.35056	-2.01657
-1.35169	-2.01808
-1.35298	-2.01986
-1.35449	-2.02159
-1.35537	-2.02314
-1.35657	-2.02465
-1.35742	-2.02684
-1.35783	-2.02859
-1.35838	-2.0301
-1.35899	-2.03165
-1.35987	-2.03372
-1.36074	-2.03577
-1.36159	-2.0376
-1.36266	-2.03907
-1.36329	-2.04091
-1.36388	-2.04269
-1.36453	-2.04452
-1.3652	-2.04636
-1.36581	-2.04817
-1.36738	-2.04989
-1.36932	-2.05085
-1.37133	-2.0518
-1.37317	-2.05266
-1.37455	-2.05282
-1.37601	-2.05285
-1.37714	-2.0527
-1.37883	-2.05254
-1.3801	-2.05227
-1.38143	-2.05187
-1.38298	-2.05161
-1.38447	-2.05143
-1.3861	-2.05156
-1.38773	-2.05182
-1.38897	-2.05188
-1.39049	-2.05176
-1.39149	-2.05243
-1.39275	-2.05307
-1.39408	-2.05383
-1.39655	-2.05451
-1.39872	-2.05478
-1.40099	-2.05546
-1.40304	-2.05618
-1.40546	-2.05722
-1.40761	-2.05808
-1.40949	-2.05898
-1.41092	-2.05931
-1.41177	-2.05908
-1.41324	-2.05979
-1.41489	-2.06053
-1.41686	-2.06166
-1.41819	-2.06271
-1.41939	-2.06337
-1.42028	-2.06422
-1.42123	-2.06503
-1.42233	-2.06587
-1.42319	-2.06701
-1.424	-2.06826
-1.42466	-2.06959
-1.42545	-2.07053
-1.42626	-2.07153
-1.42752	-2.07287
-1.42947	-2.07425
-1.43027	-2.07667
-1.43106	-2.07899
-1.43193	-2.08111
-1.43266	-2.08246
-1.43355	-2.08418
-1.43442	-2.08583
-1.435	-2.08761
-1.43647	-2.08949
-1.43801	-2.09124
-1.43976	-2.09293
-1.44215	-2.09465
-1.44425	-2.09625
-1.44642	-2.09726
-1.44842	-2.09828
-1.4502	-2.09932
-1.45192	-2.1002
-1.45413	-2.10163
-1.45616	-2.10307
-1.45806	-2.10445
-1.45976	-2.10582
-1.4614	-2.10703
-1.46313	-2.10811
-1.46488	-2.10914
-1.46686	-2.10979
-1.46885	-2.11045
-1.47102	-2.1104
-1.47315	-2.11076
-1.47537	-2.11046
-1.47753	-2.11056
-1.47903	-2.11113
-1.4807	-2.11177
-1.48265	-2.11214
-1.48511	-2.11198
-1.48707	-2.11161
-1.48893	-2.11131
-1.49077	-2.11101
-1.49268	-2.11064
-1.49483	-2.11038
-1.49671	-2.11071
-1.49845	-2.11129
-1.50017	-2.11178
-1.50206	-2.11229
-1.50396	-2.11278
-1.5056	-2.11385
-1.50713	-2.11499
-1.50857	-2.11653
-1.51038	-2.11783
-1.51167	-2.11965
-1.513	-2.1217
-1.51396	-2.12371
-1.51507	-2.12564
-1.51637	-2.12739
-1.51761	-2.12909
-1.51865	-2.13139
-1.52006	-2.13454
-1.52137	-2.13742
-1.52268	-2.14025
-1.52357	-2.1432
-1.52382	-2.14512
-1.52455	-2.14661
-1.52516	-2.14786
-1.52575	-2.14903
-1.52628	-2.15026
-1.52683	-2.15162
-1.52759	-2.15304
-1.52797	-2.15425
-1.52845	-2.15577
-1.52952	-2.15772
-1.53029	-2.15987
-1.53157	-2.16237
-1.53222	-2.16517
-1.53274	-2.16785
-1.53338	-2.1698
-1.53375	-2.17162
-1.53356	-2.17363
-1.53325	-2.17501
-1.5328	-2.17631
-1.53216	-2.17734
-1.53193	-2.17839
-1.53135	-2.17934
-1.53087	-2.17983
-1.53018	-2.18004
-1.52942	-2.18023
-1.52846	-2.18046
-1.52733	-2.18001
-1.52578	-2.17946
-1.52416	-2.17909
-1.52252	-2.17909
-1.52148	-2.17869
-1.52007	-2.17859
-1.51847	-2.1787
-1.51666	-2.17891
-1.51494	-2.17884
-1.51379	-2.1781
-1.51275	-2.17776
-1.51201	-2.17643
-1.51075	-2.17511
-1.50951	-2.1741
-1.50812	-2.17321
-1.50665	-2.17222
-1.50529	-2.17125
-1.50398	-2.17056
-1.5026	-2.16964
-1.50109	-2.16865
-1.50025	-2.16746
-1.49872	-2.1653
-1.49703	-2.1631
-1.49545	-2.16081
-1.49474	-2.15826
-1.49433	-2.15582
-1.49463	-2.15362
-1.49429	-2.15152
-1.49409	-2.14997
-1.49386	-2.14891
-1.49422	-2.14841
-1.49462	-2.14789
-1.49586	-2.14719
-1.4971	-2.14626
-1.49985	-2.14509
-1.50243	-2.14401
-1.50564	-2.14318
-1.50861	-2.14231
-1.51067	-2.1419
-1.51247	-2.14145
-1.51425	-2.14098
-1.51565	-2.14082
-1.51694	-2.14056
-1.51806	-2.14064
-1.51938	-2.1406
-1.52081	-2.14062
-1.52216	-2.14085
-1.52418	-2.1413
-1.52573	-2.14143
-1.52653	-2.14221
-1.52743	-2.14312
-1.52858	-2.14431
-1.52972	-2.14577
-1.531	-2.14714
-1.53328	-2.14856
-1.53551	-2.14985
-1.53754	-2.151
-1.53951	-2.15144
-1.54136	-2.15185
-1.54355	-2.15191
-1.54533	-2.15224
-1.54712	-2.1523
-1.54978	-2.15239
-1.55174	-2.15263
-1.55409	-2.15284
-1.55606	-2.15257
-1.55789	-2.15234
-1.55962	-2.15233
-1.56118	-2.15255
-1.56247	-2.15285
-1.56379	-2.1532
-1.56481	-2.15362
-1.56597	-2.15412
-1.5667	-2.15488
-1.56682	-2.15547
-1.5674	-2.15645
-1.56814	-2.15879
-1.56851	-2.16051
-1.56881	-2.16257
-1.56889	-2.16471
-1.56917	-2.16662
-1.56965	-2.16827
-1.57008	-2.16987
-1.57087	-2.17179
-1.57159	-2.17364
-1.57252	-2.17566
-1.57366	-2.17703
-1.57527	-2.17806
-1.57677	-2.17955
-1.57821	-2.18095
-1.57896	-2.18246
-1.58001	-2.1839
-1.58056	-2.18569
-1.58114	-2.18745
-1.58171	-2.18924
-1.5815	-2.18968
-1.58125	-2.19087
-1.58085	-2.1924
-1.58055	-2.19404
-1.58048	-2.19613
-1.58042	-2.19838
-1.58062	-2.20068
-1.58087	-2.20274
-1.58122	-2.20453
-1.58156	-2.20611
-1.58171	-2.20764
-1.58215	-2.20906
-1.58265	-2.21048
-1.5833	-2.2124
-1.58399	-2.21424
-1.58471	-2.21604
-1.58532	-2.21819
-1.58592	-2.22023
-1.58619	-2.22277
-1.58648	-2.22564
-1.58637	-2.22829
-1.58627	-2.23072
-1.58652	-2.23271
-1.58675	-2.23461
-1.58741	-2.23634
-1.58813	-2.23799
-1.58904	-2.2396
-1.5897	-2.24116
-1.58953	-2.2427
-1.58942	-2.24424
-1.58913	-2.24576
-1.58877	-2.24714
-1.58828	-2.24835
-1.58783	-2.24967
-1.58698	-2.25078
-1.58618	-2.25202
-1.58608	-2.25408
-1.58614	-2.25604
-1.58617	-2.25809
-1.58621	-2.25972
-1.58628	-2.26212
-1.58604	-2.2645
-1.58626	-2.26748
-1.58655	-2.2702
-1.58673	-2.27265
-1.58715	-2.27442
-1.587	-2.27545
-1.58689	-2.27659
-1.58696	-2.27856
-1.58705	-2.28066
-1.587	-2.28259
-1.58703	-2.28452
-1.58721	-2.28612
-1.58738	-2.28769
-1.58756	-2.28923
-1.58709	-2.29125
-1.58709	-2.29244
-1.58719	-2.29372
-1.58701	-2.29494
-1.58621	-2.29515
-1.58504	-2.29551
-1.58442	-2.29572
-1.58388	-2.29657
-1.58314	-2.29732
-1.58226	-2.29818
-1.58155	-2.29897
-1.58036	-2.29949
-1.5791	-2.29999
-1.57823	-2.29957
-1.57757	-2.29852
-1.57686	-2.29723
-1.57728	-2.2948
-1.57777	-2.2925
-1.57821	-2.29025
-1.57914	-2.28784
-1.57976	-2.28602
-1.58039	-2.28426
-1.58105	-2.28264
-1.58174	-2.28062
-1.58265	-2.2787
-1.58387	-2.27598
-1.58543	-2.27413
-1.58696	-2.2724
-1.58855	-2.27121
-1.59012	-2.27022
-1.59195	-2.26922
-1.59353	-2.26764
-1.59523	-2.26659
-1.596	-2.26561
-1.59692	-2.26442
-1.59769	-2.26362
-1.59881	-2.2629
-1.59982	-2.26191
-1.60087	-2.26054
-1.60217	-2.25894
-1.60333	-2.25736
-1.60521	-2.25556
-1.60681	-2.25393
-1.60864	-2.25248
-1.6091	-2.25144
-1.60882	-2.25034
-1.60792	-2.24815
-1.60713	-2.24539
-1.60609	-2.24318
-1.60627	-2.24087
-1.60677	-2.23912
-1.60711	-2.2375
-1.60758	-2.23607
-1.6081	-2.23485
-1.6088	-2.23434
-1.60942	-2.23388
-1.61088	-2.23318
-1.61224	-2.2325
-1.61327	-2.23239
-1.61452	-2.232
-1.61604	-2.232
-1.61802	-2.23211
-1.61967	-2.23186
-1.62201	-2.23168
-1.62416	-2.23159
-1.62632	-2.23154
-1.62833	-2.23164
-1.63015	-2.23173
-1.63146	-2.23176
-1.63298	-2.2323
-1.63412	-2.23264
-1.63447	-2.23271
-1.63435	-2.23268
-1.63361	-2.2325
-1.63311	-2.23289
-1.63241	-2.23348
-1.63191	-2.2346
-1.63101	-2.23587
-1.6296	-2.23698
-1.62824	-2.23884
-1.62584	-2.2404
-1.62347	-2.2418
-1.62098	-2.24319
-1.61866	-2.24449
-1.61651	-2.24681
-1.61419	-2.24887
-1.61207	-2.25062
-1.61061	-2.25251
-1.60995	-2.25475
-1.60967	-2.25695
-1.60964	-2.25901
-1.60996	-2.26046
-1.61031	-2.26189
-1.61063	-2.26302
-1.61092	-2.264
-1.61106	-2.26488
-1.61121	-2.26594
-1.61133	-2.26715
-1.61165	-2.2681
-1.612	-2.26918
-1.61168	-2.27121
-1.61139	-2.27319
-1.61118	-2.27506
-1.61094	-2.27686
-1.6101	-2.27864
-1.60933	-2.28031
-1.60919	-2.28166
-1.60928	-2.28291
-1.6094	-2.284
-1.60944	-2.28509
-1.60944	-2.2862
-1.60964	-2.2866
-1.61039	-2.28706
-1.61121	-2.2868
-1.61239	-2.28563
-1.6136	-2.2853
-1.61497	-2.28521
-1.6167	-2.28487
-1.6183	-2.2847
-1.61899	-2.28468
-1.62008	-2.28428
-1.6213	-2.28366
-1.6222	-2.28317
-1.62325	-2.2826
-1.62429	-2.28213
-1.62541	-2.28141
-1.62687	-2.28065
-1.62866	-2.28056
-1.63029	-2.28053
-1.63187	-2.28045
-1.63372	-2.27987
-1.63452	-2.2796
-1.63546	-2.27926
-1.6365	-2.27902
-1.63748	-2.27903
-1.6379	-2.27886
-1.63827	-2.27852
-1.63902	-2.27773
-1.63922	-2.27668
-1.63914	-2.27555
-1.63854	-2.27443
-1.63826	-2.27327
-1.63889	-2.27155
-1.63917	-2.26937
-1.63943	-2.26729
-1.63969	-2.2651
-1.64003	-2.26309
-1.64042	-2.26115
-1.64116	-2.25939
-1.64208	-2.25782
-1.64293	-2.25657
-1.64374	-2.25517
-1.64414	-2.25342
-1.64504	-2.25172
-1.64587	-2.24982
-1.64718	-2.24818
-1.64846	-2.24643
-1.64958	-2.24477
-1.65098	-2.24216
-1.65323	-2.24043
-1.65524	-2.2387
-1.65659	-2.23787
-1.65785	-2.23711
-1.65913	-2.23663
-1.66037	-2.23602
-1.66129	-2.23542
-1.66279	-2.23437
-1.66391	-2.23369
-1.6646	-2.23242
-1.66513	-2.231
-1.66488	-2.23035
-1.66446	-2.22947
-1.66377	-2.2284
-1.66262	-2.22749
-1.66147	-2.22625
-1.66074	-2.22478
-1.65996	-2.2233
-1.65984	-2.22183
-1.65971	-2.22029
-1.65908	-2.21902
-1.65846	-2.2175
-1.65786	-2.21593
-1.65693	-2.21433
-1.65656	-2.21288
-1.6562	-2.21149
-1.65586	-2.20965
-1.65567	-2.20787
-1.65527	-2.2062
-1.65498	-2.20541
-1.65467	-2.2046
-1.6547	-2.20396
-1.65496	-2.2036
-1.65601	-2.20337
-1.65723	-2.20314
-1.6589	-2.20307
-1.66073	-2.2036
-1.66188	-2.20526
-1.6635	-2.20678
-1.66552	-2.2091
-1.6676	-2.21143
-1.66994	-2.21414
-1.67148	-2.21709
-1.67256	-2.22003
-1.67387	-2.22327
-1.67473	-2.22567
-1.67567	-2.22741
-1.67628	-2.22949
-1.67717	-2.23155
-1.67849	-2.23338
-1.6798	-2.23504
-1.68107	-2.23661
-1.68228	-2.23807
-1.68342	-2.23911
-1.68412	-2.24023
-1.68452	-2.24156
-1.68532	-2.24271
-1.68679	-2.24273
-1.6883	-2.24289
-1.68982	-2.24308
-1.69199	-2.24395
-1.69393	-2.24482
-1.69571	-2.24564
-1.69741	-2.24653
-1.69932	-2.24733
-1.70113	-2.24817
-1.70285	-2.2495
-1.70458	-2.25087
-1.70632	-2.25218
-1.70782	-2.25336
-1.70923	-2.25362
-1.7104	-2.25407
-1.71138	-2.25449
-1.71253	-2.25492
-1.71342	-2.2557
-1.71323	-2.25722
-1.71281	-2.25847
-1.71176	-2.26013
-1.7108	-2.26168
-1.70998	-2.26293
-1.71041	-2.26489
-1.71084	-2.26678
-1.71146	-2.26865
-1.71206	-2.27047
-1.71222	-2.27212
-1.71248	-2.27365
-1.71292	-2.27516
-1.71332	-2.27647
-1.71334	-2.27764
-1.71339	-2.27938
-1.71331	-2.2814
-1.71348	-2.28331
-1.71365	-2.28513
-1.71346	-2.28701
-1.71349	-2.28832
-1.71354	-2.28969
-1.71319	-2.29055
-1.71269	-2.29157
-1.71208	-2.29293
-1.71127	-2.29396
-1.71026	-2.29487
-1.70908	-2.29547
-1.70783	-2.29619
-1.70642	-2.29734
-1.70599	-2.29871
-1.70537	-2.30007
-1.70448	-2.30207
-1.70311	-2.30402
-1.70202	-2.30623
-1.7013	-2.30848
-1.70053	-2.31066
-1.70012	-2.31256
-1.69969	-2.31463
-1.69868	-2.31672
-1.69723	-2.3181
-1.69588	-2.31939
-1.69457	-2.32068
-1.6939	-2.32248
-1.69312	-2.32408
-1.69216	-2.3257
-1.69174	-2.32733
-1.69192	-2.32862
-1.69215	-2.32998
-1.69241	-2.33164
-1.69302	-2.33367
-1.69371	-2.33563
-1.69438	-2.33762
-1.69534	-2.33997
-1.69611	-2.3423
-1.69669	-2.3445
-1.69764	-2.34646
-1.69817	-2.34865
-1.69813	-2.35039
-1.69742	-2.3516
-1.6969	-2.35271
-1.69613	-2.35415
-1.6948	-2.35593
-1.69365	-2.3575
-1.69214	-2.3592
-1.69122	-2.36093
-1.69062	-2.36249
-1.69012	-2.36393
-1.68987	-2.36573
-1.69046	-2.36748
-1.69098	-2.36906
-1.69086	-2.37065
-1.69091	-2.37119
-1.69102	-2.37196
-1.69119	-2.37275
-1.6914	-2.37363
-1.69167	-2.37447
-1.6917	-2.37566
-1.6917	-2.37697
-1.6922	-2.37846
-1.69245	-2.37964
-1.69302	-2.38026
-1.69339	-2.38102
-1.69395	-2.38237
-1.69449	-2.3838
-1.69546	-2.38553
-1.69633	-2.38671
-1.69784	-2.38808
-1.69895	-2.3896
-1.70041	-2.39094
-1.70232	-2.39248
-1.70414	-2.39394
-1.70587	-2.39586
-1.70732	-2.39781
-1.70908	-2.39948
-1.71102	-2.4012
-1.71268	-2.40308
-1.71434	-2.40456
-1.71598	-2.40551
-1.71699	-2.40612
-1.7174	-2.40714
-1.71848	-2.40819
-1.71958	-2.40944
-1.72062	-2.41075
-1.72211	-2.41167
-1.72432	-2.41219
-1.72658	-2.41257
-1.72877	-2.41296
-1.73043	-2.41277
-1.73247	-2.41262
-1.73468	-2.41213
-1.73675	-2.41166
-1.73875	-2.41095
-1.74057	-2.41043
-1.74307	-2.41034
-1.74554	-2.41009
-1.74784	-2.40971
-1.75074	-2.40897
-1.75275	-2.40846
-1.75518	-2.40811
-1.75711	-2.4077
-1.75911	-2.4075
-1.76115	-2.40693
-1.76274	-2.40712
-1.76417	-2.40626
-1.76587	-2.40502
-1.76734	-2.40388
-1.76934	-2.40259
-1.7711	-2.40106
-1.77286	-2.3996
-1.77381	-2.39856
-1.77451	-2.39757
-1.77527	-2.39649
-1.77613	-2.39576
-1.77732	-2.39485
-1.77911	-2.39457
-1.78083	-2.39429
-1.78288	-2.39282
-1.78546	-2.39165
-1.78769	-2.39076
-1.79053	-2.39034
-1.79363	-2.38979
-1.79643	-2.38928
-1.79867	-2.38898
-1.80099	-2.3889
-1.80352	-2.38863
-1.80535	-2.38837
-1.80695	-2.3881
-1.80872	-2.3879
-1.81063	-2.38723
-1.81268	-2.38762
-1.81467	-2.38779
-1.81603	-2.38741
-1.81787	-2.38678
-1.81905	-2.38657
-1.82031	-2.38656
-1.82181	-2.38669
-1.82323	-2.38684
-1.82443	-2.38648
-1.82576	-2.38621
-1.82731	-2.38577
-1.8283	-2.38592
-1.82944	-2.38622
-1.8307	-2.38623
-1.832	-2.38638
-1.83342	-2.38653
-1.8348	-2.38697
-1.83606	-2.38776
-1.83681	-2.38844
-1.8378	-2.38983
-1.83919	-2.39216
-1.84031	-2.39427
-1.84108	-2.39652
-1.84203	-2.39853
-1.84271	-2.39993
-1.84334	-2.40152
-1.84406	-2.40317
-1.84447	-2.40486
-1.84481	-2.40648
-1.8454	-2.40806
-1.84599	-2.41004
-1.84717	-2.41234
-1.84807	-2.41417
-1.84891	-2.41601
-1.84926	-2.41833
-1.84927	-2.42042
-1.84866	-2.42237
-1.84765	-2.42491
-1.84668	-2.42682
-1.84512	-2.42785
-1.84367	-2.42914
-1.84208	-2.43055
-1.84052	-2.432
-1.83861	-2.43348
-1.83685	-2.43458
-1.8354	-2.43538
-1.83328	-2.43576
-1.83184	-2.43503
-1.83051	-2.43431
-1.82918	-2.43406
-1.82818	-2.43365
-1.82725	-2.4333
-1.82548	-2.43347
-1.82457	-2.43304
-1.82357	-2.43256
-1.82223	-2.43196
-1.82082	-2.43115
-1.81989	-2.43038
-1.81872	-2.4295
-1.81755	-2.4285
-1.81642	-2.42726
-1.81548	-2.42552
-1.81529	-2.42442
-1.81521	-2.42333
-1.81525	-2.42244
-1.81512	-2.42134
-1.81555	-2.41994
-1.81599	-2.41849
-1.81712	-2.41748
-1.81847	-2.41652
-1.81998	-2.41564
-1.82082	-2.41438
-1.82192	-2.41272
-1.82333	-2.41127
