0.00406434	0.00434079
0.00736124	0.00790288
0.0104701	0.0106389
0.0131982	0.0129821
0.0154903	0.0154697
0.0173972	0.0175467
0.0190274	0.0192498
0.0208238	0.02113
0.0222309	0.0225149
0.0229867	0.0230004
0.0235932	0.0230139
0.0237517	0.0220509
0.024167	0.021069
0.0242231	0.0198662
0.0242691	0.0182172
0.0240432	0.0158851
0.0237108	0.013432
0.0230223	0.0105345
0.0213838	0.00784246
0.0201388	0.00522738
0.0186967	0.00216985
0.0170871	-0.00123752
0.0162185	-0.00378257
0.0157773	-0.00531896
0.0150654	-0.00626505
0.0152152	-0.00654942
0.0152045	-0.00704275
0.0152228	-0.0070594
0.0150892	-0.00769677
0.014875	-0.00765807
0.0143266	-0.00750834
0.0131898	-0.00692768
0.011851	-0.00604356
0.0105091	-0.00460436
0.00899128	-0.00286471
0.00739477	-0.00148904
0.0054006	0.00042058
0.00296853	0.00262531
0.000626261	0.00452089
-0.00272929	0.00597916
-0.00529367	0.00715721
-0.00691893	0.00788931
-0.00772863	0.00846052
-0.00819601	0.00884092
-0.00838891	0.00926199
-0.00803564	0.00905352
-0.00720172	0.00815969
-0.00613809	0.006936
-0.00445924	0.00514629
-0.00236363	0.00322731
-0.000277356	0.00115423
0.00219089	-0.00118563
0.0037413	-0.00349256
0.00536235	-0.00522905
0.0060343	-0.00657596
0.00637624	-0.0073563
0.00621805	-0.00823444
0.00658368	-0.00868121
0.00613058	-0.00879209
0.00531254	-0.00823303
0.00407664	-0.00753647
0.00256602	-0.00587493
0.000764441	-0.00333164
-0.00111381	-0.000635548
-0.00269261	0.00210837
-0.00349368	0.00489561
-0.00438042	0.00694841
-0.00466754	0.00808934
-0.00475916	0.0091016
-0.00414168	0.0101167
-0.00295368	0.0112808
-0.00194502	0.0125423
-0.000625784	0.0137611
0.000971908	0.0147754
0.00255855	0.0156322
0.00273653	0.0152983
0.0026019	0.0153589
0.00117867	0.0149389
-0.00187376	0.0135063
-0.00458278	0.0120284
-0.0068289	0.0105497
-0.00828289	0.00886542
-0.00953314	0.00709411
-0.0112184	0.00491909
-0.012457	0.00277114
-0.0137454	0.000199483
-0.0143428	-0.00184161
-0.0149294	-0.00331612
-0.0148124	-0.00444543
-0.0144076	-0.00524462
-0.0149257	-0.00575088
-0.0148466	-0.00640451
-0.0146522	-0.00723698
-0.0145588	-0.00795311
-0.0144476	-0.0085782
-0.0141178	-0.00900784
-0.0138807	-0.00899444
-0.0134558	-0.00886691
-0.0126253	-0.00856322
-0.0119939	-0.00817526
-0.0115026	-0.00803656
-0.010678	-0.00739679
-0.00972512	-0.00646227
-0.00870205	-0.00570216
-0.00706264	-0.0036199
-0.00473425	-0.00148806
-0.00236495	0.000936723
0.000400593	0.00288944
0.00179727	0.0042018
0.002403	0.00499757
0.00244493	0.00519887
0.00208742	0.00496701
0.00033417	0.00448565
-0.0016705	0.00362419
-0.00334168	0.0032291
-0.00457575	0.00233778
-0.0054344	0.00110021
-0.00564849	-0.000193023
-0.00588946	-0.00129144
-0.00641999	-0.0019992
-0.00802991	-0.00227184
-0.00985844	-0.00225469
-0.0117171	-0.00230258
-0.0134783	-0.00247242
-0.0149574	-0.00189894
-0.0158343	-0.00045648
-0.0168405	0.00110585
-0.0172845	0.00259267
-0.0178156	0.00361824
-0.0183177	0.00412112
-0.0188017	0.00407101
-0.0197245	0.0038201
-0.0204775	0.00302978
-0.0222915	0.00238431
-0.0240537	0.00114326
-0.0262638	-0.000613846
-0.0291363	-0.00223264
-0.0313727	-0.00366328
-0.0330569	-0.004914
-0.0344455	-0.00601108
-0.0355258	-0.00728297
-0.0364793	-0.00847607
-0.0372009	-0.00980349
-0.0378323	-0.0112747
-0.0370424	-0.0126429
-0.0360907	-0.0142949
-0.0349901	-0.0161436
-0.0340314	-0.0178106
-0.0329141	-0.0192551
-0.031655	-0.0206798
-0.0302191	-0.022377
-0.0286677	-0.0242457
-0.027297	-0.0258146
-0.0261712	-0.0273548
-0.0252938	-0.0287391
-0.0244757	-0.0303838
-0.0239058	-0.0313531
-0.0242097	-0.0322346
-0.0244902	-0.0332197
-0.0249079	-0.0339579
-0.0252213	-0.0339786
-0.0258325	-0.0341002
-0.0264423	-0.033802
-0.0265601	-0.0326424
-0.0271142	-0.0298691
-0.0277437	-0.0265554
-0.0289354	-0.0235234
-0.0299295	-0.0212485
-0.0296478	-0.0198652
-0.0289768	-0.0190102
-0.0277484	-0.017763
-0.0268899	-0.0168138
-0.0259999	-0.0162124
-0.0252974	-0.0160386
-0.024838	-0.0159263
-0.0242772	-0.0157901
-0.0246654	-0.0153161
-0.0255963	-0.0146178
-0.0269454	-0.0137317
-0.0288322	-0.0129182
-0.0311642	-0.01234
-0.032622	-0.0120657
-0.0333022	-0.0122207
-0.0335757	-0.0124906
-0.0337905	-0.0127415
-0.0334477	-0.0134373
-0.0324609	-0.0144543
-0.0309845	-0.0160222
-0.0298011	-0.0178863
-0.0284476	-0.0201442
-0.0273962	-0.0229693
-0.0265695	-0.0253424
-0.0261081	-0.0280433
-0.0258406	-0.030964
-0.0259227	-0.0327603
-0.0254791	-0.0344519
-0.0251832	-0.0357288
-0.0257926	-0.0365893
-0.0267411	-0.0368522
-0.0282473	-0.0360139
-0.0297488	-0.0343168
-0.0313745	-0.0326751
-0.032164	-0.0306535
-0.0334108	-0.0286613
-0.0336663	-0.0267494
-0.033039	-0.0258207
-0.032421	-0.0258327
-0.0308956	-0.0273314
-0.0292513	-0.0303299
-0.0277408	-0.032563
-0.0275493	-0.0337078
-0.0280453	-0.0336504
-0.0291166	-0.0331424
-0.0302593	-0.0323895
-0.0317096	-0.0314421
-0.0330468	-0.0302944
-0.0341978	-0.0287436
-0.0347095	-0.0279406
-0.0348814	-0.0270455
-0.0348374	-0.02667
-0.0348259	-0.0267901
-0.0344157	-0.0285757
-0.0338089	-0.0308747
-0.0330256	-0.0326387
-0.0321524	-0.0334172
-0.0311753	-0.0339447
-0.0300645	-0.034174
-0.0295409	-0.0346752
-0.0290369	-0.0349726
-0.0287079	-0.0352244
-0.0287519	-0.0348312
-0.0290885	-0.0329815
-0.0297907	-0.0311629
-0.0311188	-0.0292318
-0.0325832	-0.027246
-0.0342501	-0.0258514
-0.0347651	-0.0256264
-0.0340741	-0.0256311
-0.0329875	-0.0258553
-0.0309782	-0.0264132
-0.0285801	-0.0272505
-0.0270595	-0.0281187
-0.0259888	-0.0285595
-0.0256913	-0.0290305
-0.0261394	-0.0288175
-0.0274273	-0.0285354
-0.029694	-0.0283143
-0.0307365	-0.028211
-0.0315861	-0.0284899
-0.0323342	-0.0292162
-0.0332376	-0.0298869
-0.0344781	-0.0305074
-0.0358158	-0.0313173
-0.0373054	-0.0320366
-0.0387841	-0.032686
-0.0408037	-0.0328486
-0.0427273	-0.0324216
-0.0444504	-0.0317616
-0.0466425	-0.0317582
-0.047843	-0.0308681
-0.0489058	-0.0298847
-0.0502298	-0.0289373
-0.0522437	-0.0277851
-0.0539708	-0.0273591
-0.0550786	-0.0274606
-0.0557935	-0.0282108
-0.056408	-0.0301154
-0.0572635	-0.0319162
-0.0586811	-0.0336926
-0.0596566	-0.0349202
-0.0605653	-0.0362692
-0.0610486	-0.0376558
-0.0611479	-0.0390243
-0.0609953	-0.0409502
-0.0606992	-0.0430931
-0.0610371	-0.0460662
-0.0610137	-0.0491533
-0.060449	-0.052405
-0.0591776	-0.055834
-0.0577624	-0.059121
-0.0564398	-0.0616614
-0.0552786	-0.0628084
-0.0544809	-0.0636082
-0.0539571	-0.0635786
-0.0526872	-0.0633278
-0.0525346	-0.0623215
-0.0523457	-0.0603024
-0.0528508	-0.0576133
-0.0530198	-0.0552588
-0.0524704	-0.0526386
-0.0515016	-0.0498391
-0.0513625	-0.0479649
-0.0517656	-0.0462526
-0.0519141	-0.0443447
-0.0528541	-0.0419514
-0.0540051	-0.0398176
-0.0554833	-0.0376895
-0.0571282	-0.0356008
-0.0590409	-0.0333491
-0.0600585	-0.031899
-0.0604294	-0.0308942
-0.0603953	-0.0303847
-0.0597233	-0.0298957
-0.0584854	-0.0300401
-0.0566212	-0.0297918
-0.0552797	-0.029755
-0.0545566	-0.0298689
-0.0551462	-0.0301974
-0.0561831	-0.0305518
-0.057979	-0.0309737
-0.0586145	-0.0312875
-0.0583404	-0.0315427
-0.0572925	-0.0322919
-0.0568876	-0.0335856
-0.0563205	-0.0344324
-0.0560655	-0.0352099
-0.0543782	-0.0358902
-0.0526798	-0.0361762
-0.0518833	-0.0362323
-0.0526714	-0.0373592
-0.0542663	-0.0380707
-0.0566707	-0.0388679
-0.0599402	-0.040141
-0.0618275	-0.0414884
-0.0623553	-0.0424216
-0.0624849	-0.0435783
-0.0622327	-0.0453396
-0.0622993	-0.0474919
-0.0621691	-0.0496148
-0.062086	-0.052702
-0.0611812	-0.0551902
-0.0598272	-0.0576574
-0.0578294	-0.0607679
-0.0561332	-0.0632515
-0.0552773	-0.0643532
-0.0552304	-0.0645256
-0.0555464	-0.0629331
-0.0554882	-0.0601228
-0.0554977	-0.0568411
-0.0560201	-0.0540702
-0.0561752	-0.0511748
-0.0566354	-0.0484255
-0.0576026	-0.0459104
-0.0592145	-0.0435977
-0.0601613	-0.0424705
-0.0603759	-0.0416771
-0.0600964	-0.0412183
-0.0591871	-0.040807
-0.0573242	-0.0404255
-0.05627	-0.0405001
-0.0561996	-0.0407978
-0.0562805	-0.0417714
-0.0565935	-0.0431303
-0.0567625	-0.0444241
-0.0573683	-0.046192
-0.0584737	-0.0484028
-0.0589585	-0.0509346
-0.0584878	-0.0537318
-0.0571801	-0.0570839
-0.0556646	-0.0601709
-0.0546714	-0.0618098
-0.0542115	-0.0620104
-0.0532794	-0.0622847
-0.0522152	-0.0614737
-0.0510084	-0.0601449
-0.0497043	-0.0578278
-0.048756	-0.0547586
-0.0480838	-0.0522827
-0.0482266	-0.0505562
-0.0487675	-0.0489551
-0.0498495	-0.0473201
-0.050877	-0.0450127
-0.0523229	-0.04303
-0.0540214	-0.0405684
-0.0560588	-0.0383992
-0.0583834	-0.037417
-0.0588929	-0.0366406
-0.0591946	-0.0366997
-0.0585639	-0.0366325
-0.0570272	-0.0366341
-0.05647	-0.0368052
-0.0566098	-0.0370772
-0.0573773	-0.038088
-0.0590978	-0.0395589
-0.0602777	-0.0411239
-0.0608477	-0.0421904
-0.0601316	-0.0435205
-0.0588935	-0.0454176
-0.0571593	-0.0481068
-0.0553861	-0.0506981
-0.0543007	-0.0528224
-0.0538357	-0.0549967
-0.054092	-0.0566777
-0.0548766	-0.0583673
-0.0552504	-0.0592659
-0.0540937	-0.0586866
-0.0526391	-0.0574252
-0.0527839	-0.0569231
-0.053357	-0.0561025
-0.054615	-0.0551184
-0.0571541	-0.0536774
-0.0599771	-0.0522144
-0.0616739	-0.0502442
-0.0621833	-0.0491612
-0.060805	-0.0489599
-0.0581587	-0.0489231
-0.0551386	-0.0487785
-0.0533597	-0.0482555
-0.052715	-0.0483604
-0.0524059	-0.0486218
-0.0526949	-0.0493869
-0.053312	-0.0510107
-0.05442	-0.0531963
-0.0560297	-0.0559996
-0.0579001	-0.0591686
-0.0596773	-0.0620575
-0.0612269	-0.0646081
-0.0629237	-0.0670648
-0.064706	-0.0696721
-0.0667155	-0.0723749
-0.0691943	-0.0749664
-0.071699	-0.0772958
-0.0746765	-0.0797147
-0.0776378	-0.0820115
-0.080256	-0.0841481
-0.0832734	-0.0860766
-0.0863631	-0.0882931
-0.0900116	-0.090007
-0.0938442	-0.091277
-0.098726	-0.0934488
-0.10306	-0.0954806
-0.106898	-0.0974243
-0.110336	-0.0990855
-0.113023	-0.100494
-0.115188	-0.101577
-0.117229	-0.102126
-0.119017	-0.102847
-0.120957	-0.103175
-0.122604	-0.10328
-0.124052	-0.10336
-0.1258	-0.103382
-0.12807	-0.104195
-0.129482	-0.105543
-0.130844	-0.107493
-0.131745	-0.109415
-0.132867	-0.110951
-0.133918	-0.112226
-0.134908	-0.114337
-0.135266	-0.11667
-0.135657	-0.118878
-0.135661	-0.121246
-0.135662	-0.123496
-0.135926	-0.125655
-0.136209	-0.127738
-0.136333	-0.13023
-0.136529	-0.132544
-0.13675	-0.134527
-0.136929	-0.136544
-0.137416	-0.139273
-0.137834	-0.14189
-0.138119	-0.143811
-0.138364	-0.145469
-0.138468	-0.146845
-0.139408	-0.147912
-0.140248	-0.149281
-0.141444	-0.150996
-0.142799	-0.152019
-0.144129	-0.152907
-0.145413	-0.153779
-0.147421	-0.154432
-0.14939	-0.155267
-0.151209	-0.156084
-0.152063	-0.156338
-0.15267	-0.157173
-0.15363	-0.157689
-0.154785	-0.158376
-0.156102	-0.15923
-0.157299	-0.160236
-0.158407	-0.161626
-0.159385	-0.163132
-0.160622	-0.164477
-0.162038	-0.164913
-0.163544	-0.165965
-0.164893	-0.166536
-0.166751	-0.167273
-0.168573	-0.168308
-0.170529	-0.169802
-0.172188	-0.171074
-0.172775	-0.172396
-0.173201	-0.173894
-0.173637	-0.175321
-0.174616	-0.177047
-0.175726	-0.178679
-0.176603	-0.179625
-0.177764	-0.180719
-0.179263	-0.182056
-0.180826	-0.183448
-0.182722	-0.185472
-0.184487	-0.187217
-0.184958	-0.18929
-0.185497	-0.191425
-0.185615	-0.194268
-0.185225	-0.197613
-0.184588	-0.200235
-0.183661	-0.201981
-0.183374	-0.203763
-0.183203	-0.205489
-0.182486	-0.206793
-0.180961	-0.208169
-0.179649	-0.210285
-0.178482	-0.212571
-0.176884	-0.214512
-0.176003	-0.215781
-0.175477	-0.217156
-0.174742	-0.21845
-0.17409	-0.218773
-0.17333	-0.218675
-0.172269	-0.218401
-0.171363	-0.218088
-0.170358	-0.2175
-0.169416	-0.216811
-0.168401	-0.216522
-0.167265	-0.216203
-0.166206	-0.215919
-0.165344	-0.215885
-0.164352	-0.21585
-0.16351	-0.215348
-0.16252	-0.215094
-0.160667	-0.214282
-0.158792	-0.213686
-0.157186	-0.213531
-0.156102	-0.213007
-0.154818	-0.213031
-0.152979	-0.213971
-0.15144	-0.214808
-0.149562	-0.215708
-0.147781	-0.216513
-0.146104	-0.21746
-0.144491	-0.218463
-0.143357	-0.219223
-0.141947	-0.219978
-0.140649	-0.220703
-0.139273	-0.221304
-0.137845	-0.221781
-0.136295	-0.223706
-0.134881	-0.225602
-0.133786	-0.226713
-0.133601	-0.228676
-0.133264	-0.230395
-0.133203	-0.232572
-0.133354	-0.233964
-0.133552	-0.235373
-0.133884	-0.236674
-0.133675	-0.238116
-0.134558	-0.239067
-0.135315	-0.239702
-0.135852	-0.240166
-0.1364	-0.240585
-0.137257	-0.241032
-0.138265	-0.241439
-0.139378	-0.242082
-0.141061	-0.242594
-0.142903	-0.243147
-0.14404	-0.243401
-0.145652	-0.243643
-0.147047	-0.24387
-0.148549	-0.24393
-0.150713	-0.244631
-0.152741	-0.245475
-0.154779	-0.245822
-0.157054	-0.247048
-0.159168	-0.248116
-0.161806	-0.248945
-0.164197	-0.24964
-0.166089	-0.250007
-0.168026	-0.25022
-0.1697	-0.25031
-0.171357	-0.250351
-0.17301	-0.250351
-0.175188	-0.249729
-0.177179	-0.249297
-0.179006	-0.24878
-0.180446	-0.248405
-0.181528	-0.247516
-0.182496	-0.246207
-0.183228	-0.244527
-0.1841	-0.242854
-0.184636	-0.241829
-0.18523	-0.240716
-0.185246	-0.239856
-0.18549	-0.238459
-0.185719	-0.236673
-0.185978	-0.235051
-0.185932	-0.233987
-0.186501	-0.232695
-0.186986	-0.231245
-0.187573	-0.230917
-0.188724	-0.229925
-0.190047	-0.229016
-0.191126	-0.228656
-0.192314	-0.228214
-0.193725	-0.227327
-0.195922	-0.226433
-0.197914	-0.225532
-0.199816	-0.224641
-0.201169	-0.222958
-0.202865	-0.221073
-0.204086	-0.219336
-0.205119	-0.217834
-0.205718	-0.216163
-0.206596	-0.214179
-0.207382	-0.21299
-0.207886	-0.211465
-0.208214	-0.210017
-0.208981	-0.208981
-0.21047	-0.208498
-0.21204	-0.207931
-0.213661	-0.207494
-0.215539	-0.206916
-0.217311	-0.206118
-0.21899	-0.205462
-0.2209	-0.204934
-0.223375	-0.204646
-0.225817	-0.204189
-0.227972	-0.204207
-0.230162	-0.204246
-0.232071	-0.203832
-0.233769	-0.20346
-0.234574	-0.203284
-0.234423	-0.202194
-0.234152	-0.200814
-0.234061	-0.199478
-0.234028	-0.197917
-0.233598	-0.196671
-0.233323	-0.194394
-0.233253	-0.192505
-0.232491	-0.190092
-0.231776	-0.187874
-0.231131	-0.185809
-0.230226	-0.183779
-0.229161	-0.182169
-0.227972	-0.18058
-0.226296	-0.1785
-0.224383	-0.176802
-0.221494	-0.175396
-0.21873	-0.174584
-0.216059	-0.173781
-0.214015	-0.173181
-0.211743	-0.172497
-0.209534	-0.171863
-0.206325	-0.17159
-0.203858	-0.171251
-0.202295	-0.170839
-0.200525	-0.170432
-0.198168	-0.16959
-0.195527	-0.169023
-0.192766	-0.168446
-0.190349	-0.167079
-0.188508	-0.165761
-0.186573	-0.164573
-0.184241	-0.16358
-0.181915	-0.162449
-0.179374	-0.161903
-0.176581	-0.161342
-0.17373	-0.160884
-0.170991	-0.160188
-0.168938	-0.160394
-0.166863	-0.160649
-0.165069	-0.160523
-0.162797	-0.160639
-0.160255	-0.161176
-0.157844	-0.161853
-0.155523	-0.162581
-0.15323	-0.16352
-0.151127	-0.16463
-0.148458	-0.166423
-0.145048	-0.167867
-0.14177	-0.169376
-0.139403	-0.170254
-0.137617	-0.170937
-0.136107	-0.171552
-0.13444	-0.172513
-0.132969	-0.173393
-0.132013	-0.173654
-0.131036	-0.173866
-0.130318	-0.173968
-0.129724	-0.174063
-0.128991	-0.174257
-0.128335	-0.174525
-0.127422	-0.174939
-0.126301	-0.175001
-0.126542	-0.174986
-0.126233	-0.17519
-0.126247	-0.17611
-0.126193	-0.177108
-0.126366	-0.177393
-0.127158	-0.177189
-0.127994	-0.177145
-0.128599	-0.176479
-0.130151	-0.175538
-0.132311	-0.173798
-0.13502	-0.172661
-0.137674	-0.171433
-0.140402	-0.170702
-0.143279	-0.170129
-0.145972	-0.169407
-0.14812	-0.169153
-0.15042	-0.169006
-0.152318	-0.169286
-0.154236	-0.170467
-0.157117	-0.171589
-0.159333	-0.172832
-0.161447	-0.174164
-0.163392	-0.175172
-0.166056	-0.175769
-0.168663	-0.176269
-0.171844	-0.176794
-0.175083	-0.177389
-0.17729	-0.178362
-0.180207	-0.178687
-0.182308	-0.178562
-0.183998	-0.17821
-0.185417	-0.178536
-0.186876	-0.178921
-0.188617	-0.179539
-0.190451	-0.180263
-0.191671	-0.181307
-0.192733	-0.182771
-0.192928	-0.184327
-0.192988	-0.185862
-0.193678	-0.186849
-0.194442	-0.188
-0.194981	-0.189479
-0.195569	-0.191296
-0.196186	-0.192515
-0.196691	-0.193398
-0.197974	-0.194145
-0.198971	-0.194666
-0.200039	-0.195434
-0.20067	-0.195333
-0.201103	-0.194873
-0.201198	-0.195229
-0.20186	-0.195698
-0.202611	-0.196525
-0.203717	-0.197905
-0.204735	-0.199753
-0.20585	-0.202217
-0.207195	-0.204599
-0.208264	-0.206967
-0.20957	-0.209266
-0.20969	-0.212712
-0.209788	-0.215823
-0.209406	-0.219098
-0.209048	-0.222085
-0.208192	-0.224607
-0.20722	-0.226967
-0.205977	-0.228607
-0.204739	-0.229919
-0.203758	-0.230876
-0.202537	-0.23234
-0.201221	-0.233174
-0.199862	-0.234002
-0.199599	-0.234519
-0.198823	-0.23497
-0.198109	-0.236357
-0.19743	-0.238433
-0.197254	-0.24089
-0.197318	-0.242886
-0.197293	-0.245106
-0.196878	-0.247612
-0.196325	-0.250043
-0.195998	-0.25177
-0.196216	-0.253162
-0.196431	-0.25488
-0.197276	-0.256592
-0.197947	-0.258181
-0.197651	-0.259726
-0.197732	-0.260748
-0.197559	-0.261715
-0.197363	-0.262511
-0.197	-0.262808
-0.196795	-0.263304
-0.195644	-0.264247
-0.194276	-0.265028
-0.19303	-0.265817
-0.191797	-0.266465
-0.190539	-0.267143
-0.189305	-0.267661
-0.18816	-0.26814
-0.186755	-0.268381
-0.185418	-0.268241
-0.183549	-0.268211
-0.181832	-0.26827
-0.180164	-0.268258
-0.178518	-0.268072
-0.176549	-0.267794
-0.175474	-0.267684
-0.174611	-0.267809
-0.174345	-0.268686
-0.174749	-0.269041
-0.175041	-0.269639
-0.175612	-0.269665
-0.175701	-0.270104
-0.175551	-0.27086
-0.17536	-0.271688
-0.175766	-0.272595
-0.176689	-0.273335
-0.177572	-0.274052
-0.17848	-0.274455
-0.179125	-0.274963
-0.179311	-0.275293
-0.179428	-0.276059
-0.179408	-0.27702
-0.179268	-0.276698
-0.180191	-0.27574
-0.181483	-0.274947
-0.182591	-0.274709
-0.184615	-0.274202
-0.186423	-0.27425
-0.188165	-0.274296
-0.190366	-0.274403
-0.192372	-0.274388
-0.194582	-0.274354
-0.196952	-0.2745
-0.199544	-0.274891
-0.201773	-0.275822
-0.20382	-0.27651
-0.205672	-0.277035
-0.207893	-0.277966
-0.209998	-0.278988
-0.210485	-0.280454
-0.209513	-0.281964
-0.208923	-0.283764
-0.208326	-0.285433
-0.207775	-0.287344
-0.20723	-0.289324
-0.206334	-0.291215
-0.20561	-0.293109
-0.204856	-0.294863
-0.203743	-0.296799
-0.202546	-0.29834
-0.201506	-0.299831
-0.200545	-0.301067
-0.199777	-0.302056
-0.198812	-0.303109
-0.198065	-0.304118
-0.197287	-0.305066
-0.196534	-0.305966
-0.196095	-0.306508
-0.195463	-0.307019
-0.195237	-0.307414
-0.195011	-0.307681
-0.194972	-0.308666
-0.194749	-0.310606
-0.194076	-0.312634
-0.193482	-0.314434
-0.19238	-0.316215
-0.191577	-0.317806
-0.190856	-0.31935
-0.190178	-0.320839
-0.189696	-0.322017
-0.188408	-0.322927
-0.187322	-0.324069
-0.186334	-0.324859
-0.185384	-0.325833
-0.183826	-0.326985
-0.182266	-0.327953
-0.179954	-0.329277
-0.177602	-0.330421
-0.175596	-0.331331
-0.174013	-0.33215
-0.172504	-0.33234
-0.170612	-0.331926
-0.168557	-0.331011
-0.165994	-0.330001
-0.164814	-0.328875
-0.16362	-0.327838
-0.163102	-0.32631
-0.162582	-0.32474
-0.162232	-0.323097
-0.16174	-0.321511
-0.160749	-0.320336
-0.159747	-0.318261
-0.158529	-0.316732
-0.157377	-0.31521
-0.156996	-0.31417
-0.156293	-0.312855
-0.155463	-0.310903
-0.154905	-0.309383
-0.154597	-0.308277
-0.154267	-0.307095
-0.154434	-0.305951
-0.154619	-0.304339
-0.15486	-0.302643
-0.155397	-0.301005
-0.154746	-0.299709
-0.154322	-0.298394
-0.153962	-0.297505
-0.153572	-0.295877
-0.153162	-0.294187
-0.153234	-0.292909
-0.153484	-0.291605
-0.15387	-0.290374
-0.154074	-0.288532
-0.154285	-0.286542
-0.154028	-0.285087
-0.154376	-0.282704
-0.155335	-0.280142
-0.156073	-0.27779
-0.156153	-0.275005
-0.156699	-0.272926
-0.157241	-0.270644
-0.15674	-0.268184
-0.156021	-0.266251
-0.155389	-0.264406
-0.154313	-0.26243
-0.152607	-0.259685
-0.151031	-0.256794
-0.149401	-0.253601
-0.148104	-0.250712
-0.14719	-0.247117
-0.145593	-0.243743
-0.144306	-0.239701
-0.142647	-0.236018
-0.140794	-0.232649
-0.139244	-0.229427
-0.138089	-0.226362
-0.137111	-0.224087
-0.136277	-0.2215
-0.135439	-0.219641
-0.134953	-0.217162
-0.13451	-0.215033
-0.134187	-0.212763
-0.133786	-0.210509
-0.133601	-0.208212
-0.133507	-0.205912
-0.132846	-0.203257
-0.132875	-0.199648
-0.133093	-0.196209
-0.133513	-0.193155
-0.133794	-0.190294
-0.133896	-0.188415
-0.134205	-0.186663
-0.134937	-0.184636
-0.135979	-0.182364
-0.136859	-0.179854
-0.13761	-0.176921
-0.138829	-0.174148
-0.140009	-0.171427
-0.14112	-0.168261
-0.141934	-0.16485
-0.142987	-0.161397
-0.143936	-0.15841
-0.144706	-0.155978
-0.145566	-0.154408
-0.146726	-0.153255
-0.148011	-0.152309
-0.14943	-0.151569
-0.151037	-0.151063
-0.152596	-0.150951
-0.154507	-0.151111
-0.156911	-0.151005
-0.159363	-0.151256
-0.161879	-0.151749
-0.164524	-0.152716
-0.167247	-0.153863
-0.170307	-0.155298
-0.173407	-0.157259
-0.176576	-0.15915
-0.178796	-0.16088
-0.180368	-0.161801
-0.181222	-0.162551
-0.181557	-0.162732
-0.18134	-0.162723
-0.180092	-0.162698
-0.178458	-0.162743
-0.176376	-0.162397
-0.174838	-0.161502
-0.172845	-0.160615
-0.171013	-0.160577
-0.168522	-0.161017
-0.166143	-0.161141
-0.164503	-0.162143
-0.162658	-0.163656
-0.160914	-0.164809
-0.159562	-0.166116
-0.158192	-0.168176
-0.156796	-0.170646
-0.155349	-0.173186
-0.154414	-0.175495
-0.153626	-0.17712
-0.152754	-0.178082
-0.151926	-0.178911
-0.151401	-0.179637
-0.151026	-0.180965
-0.150872	-0.182389
-0.150943	-0.183831
-0.149704	-0.184716
-0.148793	-0.185518
-0.148151	-0.185787
-0.146955	-0.18598
-0.146042	-0.186188
-0.145552	-0.186219
-0.144806	-0.185471
-0.143534	-0.184341
-0.142713	-0.183632
-0.142537	-0.182362
-0.142398	-0.180816
-0.142459	-0.179083
-0.142717	-0.177054
-0.143593	-0.17471
-0.144625	-0.17223
-0.145563	-0.170681
-0.146512	-0.169543
-0.147583	-0.168427
-0.148472	-0.167609
-0.149689	-0.166616
-0.151084	-0.165956
-0.152771	-0.165454
-0.154512	-0.165708
-0.156844	-0.165846
-0.159299	-0.165811
-0.16204	-0.165978
-0.164844	-0.166767
-0.167681	-0.167739
-0.170797	-0.168918
-0.173976	-0.170674
-0.176413	-0.172053
-0.178383	-0.174518
-0.180345	-0.177214
-0.182083	-0.180289
-0.183871	-0.183884
-0.18575	-0.187537
-0.187342	-0.190922
-0.188689	-0.194561
-0.189948	-0.198279
-0.191214	-0.202163
-0.193001	-0.205377
-0.194914	-0.208646
-0.196028	-0.211069
-0.198187	-0.213124
-0.200815	-0.215677
-0.203832	-0.218213
-0.207245	-0.220987
-0.210285	-0.223982
-0.213295	-0.227081
-0.216066	-0.2309
-0.218941	-0.234808
-0.221585	-0.238409
-0.224905	-0.242897
-0.22801	-0.246824
-0.230678	-0.249192
-0.233596	-0.251523
-0.234904	-0.253368
-0.235553	-0.254304
-0.235527	-0.255072
-0.234986	-0.255657
-0.233831	-0.256638
-0.232099	-0.258317
-0.229932	-0.260353
-0.228969	-0.260929
-0.228801	-0.260848
-0.22807	-0.260019
-0.2278	-0.259437
-0.22786	-0.259003
-0.227946	-0.258148
-0.228793	-0.256706
-0.229908	-0.255083
-0.231911	-0.253429
-0.232455	-0.252768
-0.232256	-0.252727
-0.231251	-0.252927
-0.228677	-0.253585
-0.226359	-0.255351
-0.225328	-0.256565
-0.224947	-0.258883
-0.225112	-0.261253
-0.224588	-0.26211
-0.224443	-0.26184
-0.22459	-0.259872
-0.22515	-0.257466
-0.22628	-0.255287
-0.227867	-0.253316
-0.230056	-0.251557
-0.23322	-0.250721
-0.235015	-0.250652
-0.23559	-0.250587
-0.235133	-0.251341
-0.233962	-0.252955
-0.231958	-0.255096
-0.22855	-0.257236
-0.226766	-0.258472
-0.225402	-0.259379
-0.22476	-0.260505
-0.224593	-0.260614
-0.224649	-0.259316
-0.224993	-0.25835
-0.225968	-0.257502
-0.227968	-0.25703
-0.230122	-0.257508
-0.233264	-0.257806
-0.234877	-0.25827
-0.235253	-0.258879
-0.235321	-0.25959
-0.234121	-0.261389
-0.232764	-0.262713
-0.231525	-0.263559
-0.230181	-0.264
-0.229151	-0.262474
-0.22791	-0.260019
-0.22755	-0.257848
-0.22849	-0.256474
-0.230126	-0.255832
-0.23194	-0.255899
-0.232869	-0.25581
-0.232707	-0.255923
-0.231377	-0.257128
-0.22941	-0.258807
-0.22805	-0.260976
-0.227139	-0.261776
-0.227335	-0.261578
-0.228107	-0.260296
-0.22944	-0.258082
-0.231424	-0.256236
-0.232058	-0.255203
-0.231938	-0.25587
-0.231995	-0.256948
-0.231799	-0.25841
-0.230775	-0.260543
-0.2301	-0.26055
-0.229501	-0.260475
-0.22941	-0.259364
-0.229682	-0.258469
-0.230621	-0.25814
-0.232618	-0.25735
-0.233253	-0.257867
-0.233587	-0.258542
-0.233361	-0.259754
-0.232605	-0.261565
-0.231854	-0.262646
-0.231325	-0.262984
-0.231236	-0.262991
-0.231745	-0.262655
-0.231869	-0.261606
-0.2318	-0.260157
-0.231456	-0.258027
-0.230273	-0.256982
-0.230596	-0.256918
-0.231843	-0.257086
-0.231943	-0.25742
-0.231671	-0.258825
-0.230516	-0.260594
-0.230371	-0.260856
-0.230783	-0.25985
-0.232023	-0.259173
-0.232391	-0.258476
-0.23154	-0.258164
-0.229752	-0.258016
-0.229485	-0.258445
-0.229351	-0.259779
-0.230085	-0.262185
-0.23048	-0.262815
-0.230846	-0.262283
-0.231596	-0.260739
-0.232378	-0.258423
-0.232731	-0.257788
-0.232819	-0.257988
-0.232702	-0.25922
-0.232075	-0.26151
-0.231716	-0.262907
-0.231998	-0.262666
-0.232508	-0.260862
-0.233086	-0.258536
-0.232947	-0.257548
-0.232381	-0.257526
-0.230737	-0.257892
-0.230426	-0.258002
-0.231185	-0.258872
-0.23317	-0.260401
-0.235711	-0.260852
-0.237665	-0.261071
-0.239175	-0.261278
-0.240307	-0.260452
-0.241887	-0.25914
-0.242583	-0.258677
-0.242194	-0.259141
-0.240163	-0.260466
-0.238317	-0.261182
-0.236735	-0.26145
-0.234608	-0.261107
-0.232358	-0.260105
-0.22946	-0.259493
-0.227788	-0.260355
-0.226942	-0.259656
-0.227299	-0.259982
-0.228431	-0.261122
-0.229408	-0.260987
-0.231274	-0.260602
-0.233129	-0.260706
-0.235639	-0.260442
-0.237337	-0.25964
-0.236949	-0.259852
-0.234788	-0.260623
-0.232086	-0.260787
-0.229663	-0.260606
-0.22729	-0.259626
-0.225745	-0.259115
-0.225636	-0.259257
-0.225629	-0.260406
-0.225825	-0.260121
-0.226466	-0.258916
-0.228041	-0.258283
-0.230398	-0.258034
-0.233379	-0.257942
-0.235176	-0.25835
-0.235909	-0.259524
-0.236045	-0.261595
-0.23623	-0.262487
-0.236519	-0.262544
-0.237413	-0.262394
-0.238837	-0.262397
-0.240492	-0.262257
-0.241831	-0.261352
-0.243366	-0.260182
-0.245279	-0.258641
-0.246054	-0.258319
-0.246047	-0.258783
-0.245382	-0.260024
-0.24321	-0.261838
-0.241909	-0.263119
-0.241867	-0.264125
-0.241852	-0.264608
-0.241774	-0.265348
-0.241616	-0.265645
-0.24177	-0.26531
-0.242408	-0.264662
-0.243663	-0.263546
-0.24543	-0.262066
-0.247634	-0.260627
-0.250139	-0.259132
-0.25057	-0.259183
-0.249904	-0.260992
-0.249248	-0.262278
-0.248715	-0.26285
-0.248712	-0.263126
-0.248846	-0.26372
-0.249115	-0.263958
-0.250225	-0.26446
-0.252056	-0.264725
-0.254499	-0.264914
-0.257373	-0.264831
-0.261696	-0.265639
-0.264043	-0.26621
-0.264669	-0.266509
-0.264238	-0.266615
-0.263896	-0.266911
-0.262732	-0.267367
-0.260611	-0.26784
-0.257859	-0.268391
-0.256877	-0.269208
-0.2563	-0.269805
-0.256503	-0.270442
-0.257208	-0.271466
-0.257968	-0.272231
-0.259497	-0.273478
-0.261755	-0.275428
-0.261984	-0.277142
-0.261514	-0.278764
-0.260254	-0.280752
-0.258247	-0.282826
-0.257112	-0.28455
-0.256651	-0.286124
-0.256907	-0.287796
-0.257763	-0.289766
-0.258405	-0.290141
-0.259159	-0.289494
-0.260357	-0.288122
-0.259934	-0.28732
-0.260817	-0.286043
-0.260472	-0.285542
-0.258939	-0.28559
-0.258458	-0.285697
-0.258811	-0.285839
-0.260221	-0.286166
-0.260606	-0.286841
-0.25993	-0.287547
-0.259372	-0.289113
-0.259314	-0.288944
-0.260039	-0.289114
-0.260555	-0.288257
-0.259269	-0.288611
-0.259076	-0.288897
-0.259159	-0.289503
-0.259138	-0.288784
-0.259625	-0.287514
-0.260623	-0.285742
-0.259867	-0.286171
-0.260614	-0.286627
-0.25936	-0.286292
-0.259525	-0.286019
-0.260232	-0.285132
-0.259871	-0.284515
-0.260529	-0.284309
-0.26004	-0.285059
-0.260079	-0.285982
-0.26067	-0.287122
-0.259915	-0.28845
-0.260663	-0.289323
-0.261517	-0.289321
-0.262583	-0.288817
-0.262569	-0.288731
-0.261596	-0.28865
-0.259513	-0.288602
-0.259324	-0.288793
-0.259365	-0.289074
-0.259312	-0.287996
-0.259998	-0.28737
-0.261745	-0.286433
-0.262173	-0.286701
-0.261736	-0.286908
-0.260222	-0.28739
-0.25932	-0.287484
-0.259448	-0.287966
-0.260241	-0.289206
-0.260826	-0.290394
-0.261772	-0.291132
-0.262674	-0.291697
-0.263814	-0.292315
-0.265269	-0.292786
-0.267369	-0.293367
-0.268984	-0.294207
-0.270883	-0.295367
-0.27245	-0.295961
-0.274233	-0.296815
-0.27623	-0.297564
-0.278605	-0.298351
-0.281121	-0.29902
-0.282862	-0.29967
-0.284508	-0.300558
-0.286774	-0.301636
-0.289211	-0.30263
-0.291469	-0.304003
-0.293071	-0.305305
-0.294536	-0.306646
-0.294714	-0.308532
-0.294844	-0.31035
-0.294708	-0.312102
-0.29448	-0.313863
-0.294043	-0.315663
-0.293443	-0.317352
-0.292779	-0.319207
-0.292086	-0.320822
-0.2908	-0.32136
-0.289569	-0.321795
-0.28851	-0.32219
-0.287542	-0.322326
-0.286579	-0.322037
-0.285968	-0.320755
-0.285624	-0.318819
-0.284301	-0.316634
-0.282947	-0.315338
-0.281983	-0.313624
-0.280942	-0.311742
-0.279199	-0.309861
-0.278478	-0.308604
-0.278118	-0.307114
-0.278258	-0.305143
-0.277778	-0.303874
-0.277325	-0.302724
-0.276853	-0.301281
-0.276483	-0.299666
-0.27656	-0.297884
-0.276912	-0.296574
-0.27845	-0.294412
-0.280282	-0.292225
-0.282712	-0.290188
-0.284871	-0.288302
-0.28564	-0.287405
-0.284524	-0.287566
-0.28338	-0.288823
-0.281575	-0.290135
-0.280547	-0.291042
-0.280243	-0.291814
-0.280253	-0.292658
-0.281251	-0.293728
-0.282545	-0.294728
-0.284176	-0.29604
-0.286278	-0.29751
-0.288785	-0.299093
-0.290817	-0.300766
-0.291846	-0.302325
-0.291896	-0.303346
-0.291244	-0.304697
-0.290166	-0.306562
-0.288454	-0.308353
-0.286926	-0.30984
-0.285607	-0.31122
-0.284656	-0.312864
-0.284222	-0.314588
-0.284252	-0.316207
-0.284653	-0.317994
-0.284937	-0.318593
-0.285721	-0.318877
-0.286421	-0.318662
-0.287513	-0.317916
-0.289133	-0.317009
-0.290486	-0.316783
-0.291516	-0.316209
-0.291144	-0.31585
-0.290127	-0.315279
-0.288024	-0.314914
-0.286913	-0.314403
-0.286543	-0.314135
-0.286542	-0.314215
-0.287435	-0.31518
-0.289286	-0.316748
-0.289423	-0.318442
-0.289993	-0.320297
-0.290706	-0.322091
-0.291434	-0.32378
-0.292617	-0.325077
-0.294299	-0.325807
-0.296218	-0.326374
-0.297896	-0.32666
-0.299153	-0.327781
-0.300035	-0.329257
-0.301031	-0.330632
-0.302116	-0.331962
-0.303905	-0.333072
-0.305316	-0.334231
-0.307041	-0.335859
-0.308411	-0.337226
-0.310124	-0.338571
-0.311512	-0.340494
-0.312562	-0.343395
-0.313801	-0.345773
-0.315023	-0.347959
-0.316582	-0.349168
-0.317881	-0.350418
-0.319548	-0.351258
-0.321054	-0.351898
-0.32257	-0.352534
-0.324888	-0.353236
-0.326874	-0.354035
-0.328331	-0.355075
-0.329671	-0.355847
-0.331041	-0.35597
-0.332684	-0.356011
-0.334421	-0.356043
-0.336697	-0.355753
-0.338765	-0.35533
-0.340643	-0.354405
-0.342354	-0.353879
-0.343626	-0.353333
-0.344793	-0.352636
-0.346222	-0.352384
-0.347585	-0.352549
-0.348916	-0.352898
-0.350045	-0.353347
-0.352116	-0.354417
-0.353943	-0.355067
-0.35579	-0.356378
-0.357816	-0.358618
-0.359388	-0.360976
-0.361159	-0.36321
-0.362818	-0.365113
-0.364523	-0.366901
-0.366204	-0.368832
-0.368303	-0.369965
-0.370049	-0.370866
-0.371876	-0.371882
-0.374086	-0.373663
-0.376318	-0.375475
-0.378585	-0.376264
-0.381063	-0.376027
-0.383343	-0.375018
-0.385839	-0.373644
-0.388021	-0.372423
-0.390303	-0.371809
-0.392359	-0.371335
-0.394289	-0.371459
-0.396313	-0.371506
-0.398655	-0.371531
-0.400773	-0.371628
-0.402773	-0.371357
-0.40471	-0.371426
-0.406811	-0.371388
-0.409055	-0.371752
-0.411182	-0.372707
-0.41227	-0.373388
-0.413893	-0.374083
-0.415141	-0.374976
-0.416196	-0.376134
-0.417572	-0.377061
-0.418342	-0.377872
-0.419192	-0.378628
-0.420132	-0.379487
-0.420406	-0.380423
-0.421196	-0.381308
-0.422057	-0.382374
-0.422982	-0.383548
-0.42404	-0.384773
-0.42441	-0.386938
-0.425171	-0.389568
-0.425854	-0.393194
-0.42653	-0.396461
-0.427025	-0.399481
-0.427493	-0.402339
-0.427529	-0.405277
-0.427007	-0.407894
-0.426495	-0.410167
-0.426599	-0.411823
-0.426787	-0.413404
-0.426739	-0.415776
-0.427213	-0.418567
-0.427756	-0.420766
-0.427939	-0.42291
-0.428019	-0.425366
-0.428157	-0.427832
-0.428071	-0.430466
-0.428518	-0.43295
-0.429306	-0.435409
-0.430349	-0.43772
-0.43137	-0.439834
-0.432254	-0.44171
-0.432627	-0.443186
-0.433417	-0.444972
-0.434318	-0.446891
-0.435336	-0.44872
-0.435996	-0.450106
-0.436842	-0.45175
-0.437209	-0.452982
-0.436833	-0.454755
-0.436034	-0.457793
-0.43488	-0.460737
-0.433669	-0.463257
-0.432236	-0.464949
-0.430913	-0.46689
-0.429837	-0.469142
-0.428985	-0.471203
-0.428037	-0.473173
-0.427658	-0.47581
-0.427674	-0.478016
-0.427548	-0.479964
-0.427997	-0.482227
-0.428411	-0.484372
-0.42898	-0.486732
-0.429251	-0.488922
-0.430533	-0.490789
-0.431503	-0.493079
-0.432498	-0.495452
-0.434364	-0.497799
-0.435539	-0.499337
-0.436172	-0.500666
-0.436267	-0.501583
-0.43629	-0.50259
-0.436466	-0.503511
-0.436477	-0.504414
-0.43651	-0.505796
-0.437103	-0.506494
-0.437415	-0.507856
-0.437758	-0.509282
-0.437545	-0.511377
-0.436584	-0.513862
-0.435574	-0.51604
-0.434683	-0.518119
-0.433861	-0.520075
-0.433327	-0.5222
-0.432802	-0.524268
-0.432288	-0.526362
-0.431464	-0.52823
-0.431405	-0.530053
-0.431472	-0.531193
-0.431422	-0.532013
-0.431239	-0.53306
-0.431341	-0.53475
-0.431278	-0.536198
-0.431338	-0.537944
-0.431907	-0.539117
-0.432491	-0.540358
-0.432235	-0.541916
-0.431734	-0.543336
-0.431039	-0.544848
-0.430811	-0.546693
-0.430773	-0.548945
-0.430742	-0.551117
-0.430818	-0.553084
-0.43058	-0.555348
-0.430552	-0.557853
-0.430499	-0.560229
-0.430451	-0.562248
-0.430366	-0.564001
-0.43038	-0.565492
-0.430356	-0.566895
-0.430222	-0.568488
-0.430313	-0.57009
-0.430015	-0.572293
-0.429757	-0.57425
-0.429392	-0.576189
-0.428985	-0.57856
-0.428475	-0.580845
-0.428432	-0.582092
-0.428251	-0.583469
-0.428158	-0.584982
-0.42809	-0.586511
-0.427552	-0.588551
-0.426941	-0.59043
-0.426338	-0.592173
-0.425821	-0.594182
-0.425347	-0.596098
-0.424909	-0.596872
-0.424532	-0.597931
-0.424133	-0.599066
-0.424477	-0.600691
-0.424763	-0.602529
-0.424925	-0.60484
-0.424374	-0.607104
-0.423851	-0.609172
-0.423226	-0.611287
-0.422413	-0.613592
-0.421255	-0.6154
-0.419966	-0.617088
-0.419059	-0.619009
-0.418746	-0.6202
-0.41843	-0.621577
-0.417836	-0.622864
-0.417217	-0.624089
-0.41669	-0.625098
-0.416154	-0.626341
-0.414749	-0.627681
-0.413175	-0.628744
-0.411593	-0.628998
-0.410101	-0.629006
-0.407761	-0.629338
-0.405215	-0.629766
-0.402763	-0.63023
-0.400434	-0.630734
-0.398642	-0.631047
-0.396771	-0.630999
-0.394935	-0.631122
-0.393005	-0.631217
-0.391664	-0.631434
-0.390234	-0.631671
-0.388642	-0.631692
-0.386885	-0.632025
-0.385362	-0.632041
-0.383661	-0.632115
-0.382053	-0.632343
-0.380537	-0.63343
-0.378442	-0.634687
-0.376271	-0.635661
-0.374366	-0.636411
-0.37269	-0.636713
-0.370577	-0.636947
-0.368325	-0.637375
-0.366198	-0.637828
-0.364409	-0.637776
-0.362281	-0.637501
-0.360339	-0.636966
-0.358672	-0.637007
-0.356949	-0.637033
-0.355179	-0.637132
-0.352974	-0.637369
-0.351183	-0.637723
-0.350128	-0.638343
-0.348867	-0.639075
-0.347072	-0.639626
-0.345538	-0.640198
-0.343918	-0.640753
-0.342018	-0.64139
-0.340291	-0.642997
-0.338528	-0.644393
-0.336739	-0.64577
-0.33505	-0.647268
-0.333219	-0.649227
-0.331269	-0.651545
-0.329893	-0.653518
-0.328754	-0.655572
-0.327448	-0.657649
-0.32624	-0.660207
-0.324898	-0.662793
-0.324066	-0.66539
-0.323257	-0.667456
-0.322433	-0.669616
-0.321116	-0.671498
-0.319346	-0.673163
-0.31778	-0.67457
-0.316515	-0.676318
-0.315346	-0.677883
-0.314165	-0.679369
-0.312988	-0.680131
-0.312326	-0.680759
-0.311894	-0.681628
-0.31179	-0.682701
-0.311323	-0.683834
-0.310541	-0.68496
-0.309722	-0.686165
-0.309807	-0.687727
-0.310454	-0.689056
-0.310812	-0.690946
-0.311398	-0.692877
-0.312194	-0.694714
-0.313288	-0.696499
-0.314421	-0.698182
-0.315607	-0.700061
-0.316718	-0.701915
-0.317458	-0.703324
-0.317816	-0.704392
-0.319168	-0.706164
-0.320453	-0.70783
-0.321456	-0.70972
-0.323407	-0.712384
-0.325226	-0.714769
-0.327121	-0.716862
-0.328835	-0.719818
-0.330362	-0.722447
-0.331696	-0.724791
-0.332703	-0.727016
-0.333137	-0.729322
-0.332943	-0.731559
-0.332565	-0.734097
-0.332445	-0.736133
-0.332565	-0.737277
-0.332744	-0.738499
-0.333022	-0.739794
-0.333475	-0.7413
-0.334266	-0.743743
-0.334352	-0.746303
-0.334784	-0.748676
-0.335082	-0.751003
-0.334952	-0.75327
-0.334948	-0.755326
-0.334945	-0.757274
-0.334602	-0.75909
-0.333724	-0.760381
-0.332629	-0.761653
-0.331044	-0.764138
-0.329817	-0.76637
-0.328582	-0.768388
-0.328623	-0.770477
-0.329291	-0.772317
-0.330049	-0.77421
-0.330114	-0.776194
-0.329806	-0.777948
-0.328274	-0.779219
-0.32601	-0.779468
-0.323715	-0.779781
-0.321554	-0.780069
-0.31941	-0.780719
-0.317817	-0.781238
-0.316222	-0.781742
-0.314269	-0.782092
-0.313055	-0.781965
-0.312232	-0.781854
-0.311159	-0.781965
-0.310282	-0.781525
-0.309747	-0.781424
-0.309047	-0.781321
-0.307713	-0.781005
-0.306404	-0.78071
-0.305211	-0.780416
-0.30436	-0.780235
-0.303375	-0.780086
-0.302375	-0.779748
-0.301504	-0.779255
-0.300186	-0.77868
-0.2983	-0.777353
-0.296447	-0.776308
-0.294546	-0.774884
-0.293657	-0.773356
-0.293177	-0.77258
-0.293045	-0.771378
-0.293131	-0.770402
-0.293178	-0.769508
-0.294041	-0.768041
-0.295536	-0.766569
-0.29697	-0.765216
-0.298096	-0.763344
-0.299292	-0.761539
-0.300702	-0.759915
-0.302207	-0.758487
-0.303571	-0.756872
-0.305413	-0.754921
-0.30676	-0.753466
-0.308257	-0.752261
-0.30977	-0.751098
-0.31126	-0.749944
-0.312842	-0.74891
-0.314541	-0.747616
-0.316236	-0.746404
-0.318019	-0.745109
-0.319638	-0.744279
-0.321561	-0.743519
-0.324301	-0.742469
-0.327219	-0.741963
-0.330342	-0.741304
-0.333123	-0.740695
-0.335749	-0.740134
-0.338	-0.739836
-0.339775	-0.73959
-0.34204	-0.739444
-0.344671	-0.73941
-0.347263	-0.739578
-0.349637	-0.739255
-0.351875	-0.738375
-0.354058	-0.737542
-0.356143	-0.736406
-0.357633	-0.735266
-0.35901	-0.734157
-0.360307	-0.733079
-0.361146	-0.732056
-0.362131	-0.730951
-0.362805	-0.730698
-0.362995	-0.730594
-0.363703	-0.730403
-0.364578	-0.730092
-0.365443	-0.730424
-0.365692	-0.730579
-0.365969	-0.731107
-0.366755	-0.731973
-0.367586	-0.733102
-0.368464	-0.734342
-0.369244	-0.735658
-0.370235	-0.737218
-0.370766	-0.738444
-0.370784	-0.740021
-0.370128	-0.741914
-0.368922	-0.744021
-0.36779	-0.746138
-0.366625	-0.747875
-0.365386	-0.748615
-0.364096	-0.749039
-0.363032	-0.749869
-0.362128	-0.750648
-0.361182	-0.751583
-0.35994	-0.752181
-0.358417	-0.752781
-0.356596	-0.753166
-0.354358	-0.753422
-0.352232	-0.753666
-0.349062	-0.753587
-0.34619	-0.75337
-0.343492	-0.753171
-0.340739	-0.75302
-0.338095	-0.752854
-0.335288	-0.752672
-0.332323	-0.752505
-0.329925	-0.752212
-0.327528	-0.751805
-0.32519	-0.751297
-0.323007	-0.750998
-0.321046	-0.750671
-0.319551	-0.750326
-0.31817	-0.75004
-0.316804	-0.749802
-0.315807	-0.749862
-0.314793	-0.750067
-0.313069	-0.750934
-0.312284	-0.751578
-0.311639	-0.751858
-0.310893	-0.75219
-0.310677	-0.753096
-0.310395	-0.754195
-0.310083	-0.754956
-0.309952	-0.755928
-0.309848	-0.757184
-0.309823	-0.758511
-0.309813	-0.760014
-0.30967	-0.761421
-0.309785	-0.762865
-0.310831	-0.764722
-0.311936	-0.766923
-0.313501	-0.769013
-0.315037	-0.771144
-0.316376	-0.773444
-0.318378	-0.775472
-0.320682	-0.776886
-0.32304	-0.77884
-0.32567	-0.780858
-0.327304	-0.782926
-0.329341	-0.785908
-0.331118	-0.788376
-0.33283	-0.790567
-0.334432	-0.792484
-0.33602	-0.794661
-0.337147	-0.796917
-0.337965	-0.799098
-0.338879	-0.800821
-0.340555	-0.802192
-0.342002	-0.803506
-0.343329	-0.805041
-0.344102	-0.806181
-0.345269	-0.807582
-0.346775	-0.808778
-0.347548	-0.810055
-0.348257	-0.811363
-0.348878	-0.813386
-0.349383	-0.815674
-0.349487	-0.818656
-0.349624	-0.821329
-0.349844	-0.823596
-0.349953	-0.824805
-0.350516	-0.826403
-0.351061	-0.82804
-0.35171	-0.829249
-0.352315	-0.830568
-0.353017	-0.831845
-0.353444	-0.83278
-0.35407	-0.833658
-0.354634	-0.834569
-0.355029	-0.835619
-0.355667	-0.836569
-0.356603	-0.837419
-0.357809	-0.839662
-0.35889	-0.841806
-0.360137	-0.844649
-0.36115	-0.847143
-0.361873	-0.849792
-0.362577	-0.852342
-0.36264	-0.854945
-0.362548	-0.857311
-0.3624	-0.859332
-0.36226	-0.861482
-0.361966	-0.863646
-0.36161	-0.865136
-0.361253	-0.86667
-0.361113	-0.868095
-0.361238	-0.869578
-0.361525	-0.871041
-0.361891	-0.872784
-0.362801	-0.874227
-0.362932	-0.876117
-0.362511	-0.877864
-0.361971	-0.88014
-0.361513	-0.881775
-0.361126	-0.88352
-0.360515	-0.885006
-0.359423	-0.886482
-0.357814	-0.887542
-0.356259	-0.888503
-0.354842	-0.889458
-0.353135	-0.890156
-0.351615	-0.891692
-0.350172	-0.892938
-0.348585	-0.894253
-0.347109	-0.895525
-0.346032	-0.897202
-0.344797	-0.899558
-0.342671	-0.902369
-0.340608	-0.904751
-0.338949	-0.906608
-0.337254	-0.908307
-0.334998	-0.909943
-0.332914	-0.911438
-0.33077	-0.912555
-0.328819	-0.913618
-0.326533	-0.914736
-0.324237	-0.916271
-0.322117	-0.91806
-0.320471	-0.919821
-0.319075	-0.921986
-0.318292	-0.923533
-0.317686	-0.92522
-0.317094	-0.926897
-0.316449	-0.928335
-0.315206	-0.930267
-0.313843	-0.932286
-0.312849	-0.933524
-0.311688	-0.934972
-0.310738	-0.93627
-0.309365	-0.938158
-0.307907	-0.939448
-0.307345	-0.940568
-0.30635	-0.942062
-0.305519	-0.943664
-0.305265	-0.944617
-0.305342	-0.946191
-0.305135	-0.947831
-0.304843	-0.949504
-0.303804	-0.951622
-0.303161	-0.953107
-0.302665	-0.955069
-0.302211	-0.956761
-0.302231	-0.958834
-0.302186	-0.960685
-0.301992	-0.96306
-0.301552	-0.964654
-0.301389	-0.966378
-0.301648	-0.968324
-0.30129	-0.970369
-0.300621	-0.971901
-0.299072	-0.973106
-0.297224	-0.974238
-0.295344	-0.97533
-0.293659	-0.976642
-0.292264	-0.977947
-0.291358	-0.979577
-0.290144	-0.981283
-0.28866	-0.982884
-0.287234	-0.984151
-0.28533	-0.985031
-0.283494	-0.985874
-0.281695	-0.986792
-0.279707	-0.987555
-0.277498	-0.988009
-0.275956	-0.988408
-0.274592	-0.988717
-0.272474	-0.989224
-0.27017	-0.990163
-0.268042	-0.991041
-0.266104	-0.99183
-0.265027	-0.993319
-0.26384	-0.994824
-0.262996	-0.996484
-0.262203	-0.998262
-0.261483	-1.00016
-0.261155	-1.00267
-0.261205	-1.00503
-0.261387	-1.00722
-0.261534	-1.00967
-0.261761	-1.01291
-0.261958	-1.01559
-0.262095	-1.01766
-0.262218	-1.01918
-0.262463	-1.02045
-0.263412	-1.02134
-0.265064	-1.02149
-0.266756	-1.02162
-0.268621	-1.02153
-0.270799	-1.02091
-0.273167	-1.0207
-0.276109	-1.01958
-0.278812	-1.01833
-0.281289	-1.01723
-0.283783	-1.01611
-0.286213	-1.01524
-0.28897	-1.01398
-0.291652	-1.01273
-0.293955	-1.01171
-0.296187	-1.0107
-0.298218	-1.00972
-0.30031	-1.00834
-0.302468	-1.00718
-0.304459	-1.00614
-0.306556	-1.00492
-0.308395	-1.0038
-0.309937	-1.00273
-0.311497	-1.00187
-0.313069	-1.00099
-0.314477	-0.999978
-0.316123	-0.998801
-0.317503	-0.997724
-0.318562	-0.996966
-0.319541	-0.99631
-0.32114	-0.995394
-0.3229	-0.994369
-0.325452	-0.994316
-0.327664	-0.993946
-0.329317	-0.993528
-0.33096	-0.993115
-0.333059	-0.992696
-0.334542	-0.991177
-0.335416	-0.989906
-0.336737	-0.989201
-0.338178	-0.987813
-0.339594	-0.986298
-0.34088	-0.984805
-0.342039	-0.983775
-0.343333	-0.982851
-0.344792	-0.981839
-0.345994	-0.980455
-0.347578	-0.97897
-0.349088	-0.977549
-0.350961	-0.975548
-0.352912	-0.973904
-0.354712	-0.972312
-0.356665	-0.970984
-0.358041	-0.969644
-0.359293	-0.968478
-0.360579	-0.967316
-0.361947	-0.965566
-0.362479	-0.963746
-0.363149	-0.961739
-0.36391	-0.960123
-0.36469	-0.958118
-0.365457	-0.956927
-0.366138	-0.956039
-0.366908	-0.954892
-0.367457	-0.95416
-0.367927	-0.953241
-0.368775	-0.951792
-0.370736	-0.949957
-0.373074	-0.948918
-0.375242	-0.947838
-0.377109	-0.947633
-0.378404	-0.947573
-0.37926	-0.947462
-0.380116	-0.946534
-0.381058	-0.94482
-0.382433	-0.943761
-0.383843	-0.943129
-0.385198	-0.942014
-0.386805	-0.941169
-0.388094	-0.940241
-0.389604	-0.9391
-0.391133	-0.938252
-0.392496	-0.937863
-0.393913	-0.93764
-0.395224	-0.937262
-0.396984	-0.936733
-0.398911	-0.935985
-0.400584	-0.935822
-0.402262	-0.935697
-0.403837	-0.93548
-0.404916	-0.935478
-0.406018	-0.935806
-0.407333	-0.936091
-0.408992	-0.936126
-0.410412	-0.936701
-0.411542	-0.936846
-0.412693	-0.937057
-0.414296	-0.937279
-0.415679	-0.938018
-0.416777	-0.939172
-0.417568	-0.941272
-0.418669	-0.943548
-0.42019	-0.94589
-0.42159	-0.948081
-0.423089	-0.950521
-0.424088	-0.952697
-0.425008	-0.954783
-0.425804	-0.956998
-0.42655	-0.958946
-0.427138	-0.960744
-0.427775	-0.962222
-0.428285	-0.963457
-0.428738	-0.964834
-0.429049	-0.966069
-0.429521	-0.967373
-0.429411	-0.968232
-0.429412	-0.969247
-0.429124	-0.970146
-0.428388	-0.970874
-0.427716	-0.971632
-0.426614	-0.97283
-0.42518	-0.973672
-0.424327	-0.974167
-0.42376	-0.974547
-0.42282	-0.975077
-0.421993	-0.975528
-0.42115	-0.975524
-0.419906	-0.97602
-0.418647	-0.97637
-0.417241	-0.976908
-0.415872	-0.977801
-0.414634	-0.978606
-0.414355	-0.979712
-0.414088	-0.980939
-0.413675	-0.982331
-0.413316	-0.984397
-0.413424	-0.985008
-0.413304	-0.985209
-0.412714	-0.985535
-0.411769	-0.985989
-0.410693	-0.986522
-0.409796	-0.987129
-0.408831	-0.987756
-0.407882	-0.988353
-0.407151	-0.988944
-0.406475	-0.989823
-0.406305	-0.98999
-0.406447	-0.990473
-0.406777	-0.990862
-0.407279	-0.991405
-0.40814	-0.992554
-0.409075	-0.993747
-0.410232	-0.994816
-0.411494	-0.996533
-0.413239	-0.997517
-0.414997	-0.998331
-0.416782	-0.998574
-0.419025	-0.999109
-0.421473	-0.999592
-0.423833	-1.00004
-0.425447	-1.00082
-0.42725	-1.00155
-0.42882	-1.00137
-0.430834	-1.00113
-0.433213	-1.00057
-0.434996	-0.999787
-0.437332	-0.999382
-0.439424	-0.999268
-0.440975	-0.999404
-0.442731	-0.999297
-0.444071	-0.999209
-0.445252	-0.999309
-0.446404	-0.999159
-0.447828	-0.999122
-0.449451	-0.999003
-0.450972	-0.998577
-0.452619	-0.998059
-0.454132	-0.997309
-0.456038	-0.996891
-0.457769	-0.996215
-0.459448	-0.996255
-0.461043	-0.996365
-0.462644	-0.99578
-0.463789	-0.994943
-0.464625	-0.993979
-0.465389	-0.993004
-0.466588	-0.992306
-0.467823	-0.991596
-0.469098	-0.991347
-0.470482	-0.991251
-0.471537	-0.99145
-0.472511	-0.991239
-0.473566	-0.991603
-0.474894	-0.991632
-0.475399	-0.991504
-0.476074	-0.991321
-0.477399	-0.990799
-0.478855	-0.990739
-0.479974	-0.990684
-0.481114	-0.990502
-0.482335	-0.990373
-0.483283	-0.989745
-0.484214	-0.988993
-0.485203	-0.989392
-0.486607	-0.989824
-0.488025	-0.991004
-0.490048	-0.992154
-0.491813	-0.993362
-0.493113	-0.994713
-0.49499	-0.996286
-0.496569	-0.998077
-0.497772	-0.999718
-0.498752	-1.00133
-0.499701	-1.00287
-0.501429	-1.00539
-0.503415	-1.00893
-0.505139	-1.01203
-0.506793	-1.01473
-0.507866	-1.0173
-0.508689	-1.01979
-0.509454	-1.0221
-0.510268	-1.02377
-0.511491	-1.02525
-0.51285	-1.0263
-0.514015	-1.0277
-0.515462	-1.02929
-0.516931	-1.0309
-0.518336	-1.03277
-0.51964	-1.03434
-0.520163	-1.03595
-0.520818	-1.03763
-0.521605	-1.0386
-0.522819	-1.03986
-0.523952	-1.04162
-0.524906	-1.04379
-0.525756	-1.04582
-0.526398	-1.04781
-0.527878	-1.04932
-0.529936	-1.05064
-0.531927	-1.05179
-0.533345	-1.05309
-0.534798	-1.05446
-0.536118	-1.05511
-0.537646	-1.05585
-0.538417	-1.05764
-0.539295	-1.05866
-0.54008	-1.05976
-0.541025	-1.06108
-0.541548	-1.06263
-0.542784	-1.06386
-0.544467	-1.06582
-0.545651	-1.06736
-0.546526	-1.06832
-0.547638	-1.0694
-0.548804	-1.06959
-0.550352	-1.06932
-0.55187	-1.06908
-0.553715	-1.06892
-0.554615	-1.06824
-0.555533	-1.06744
-0.55662	-1.06677
-0.557479	-1.06602
-0.559907	-1.06594
-0.56198	-1.06614
-0.563689	-1.06696
-0.565345	-1.06777
-0.566598	-1.06881
-0.567853	-1.06988
-0.569101	-1.07099
-0.570177	-1.0721
-0.571245	-1.07342
-0.573024	-1.07484
-0.57445	-1.07652
-0.575532	-1.07847
-0.576417	-1.08055
-0.576634	-1.08212
-0.576881	-1.08389
-0.577653	-1.08619
-0.578468	-1.08826
-0.578654	-1.08997
-0.579146	-1.09234
-0.579614	-1.09463
-0.58016	-1.09703
-0.580058	-1.0983
-0.580097	-1.09968
-0.581154	-1.10164
-0.581496	-1.10286
-0.581754	-1.10408
-0.581745	-1.10527
-0.581767	-1.1063
-0.581791	-1.10746
-0.582064	-1.10894
-0.582331	-1.1105
-0.582346	-1.11202
-0.582169	-1.11393
-0.581963	-1.11641
-0.581896	-1.119
-0.58176	-1.12131
-0.581408	-1.12415
-0.580864	-1.1271
-0.580362	-1.12941
-0.57975	-1.13147
-0.578489	-1.13296
-0.577275	-1.13443
-0.576217	-1.13582
-0.575259	-1.13711
-0.572971	-1.13808
-0.570838	-1.13901
-0.568691	-1.13903
-0.566647	-1.13907
-0.564548	-1.139
-0.562459	-1.13916
-0.560557	-1.13856
-0.558763	-1.13811
-0.557133	-1.13755
-0.55565	-1.13698
-0.554114	-1.13648
-0.552625	-1.13596
-0.551744	-1.13573
-0.551515	-1.13524
-0.55116	-1.13507
-0.549965	-1.13565
-0.548867	-1.13634
-0.547434	-1.13758
-0.546188	-1.13883
-0.544944	-1.14014
-0.543507	-1.1416
-0.542322	-1.14294
-0.541069	-1.14429
-0.54028	-1.14558
-0.539381	-1.14679
-0.538347	-1.14848
-0.53713	-1.15069
-0.536077	-1.15309
-0.535718	-1.1548
-0.535445	-1.15674
-0.535197	-1.15865
-0.535154	-1.16005
-0.535126	-1.16144
-0.534815	-1.16288
-0.534754	-1.16422
-0.534376	-1.16551
-0.534083	-1.16702
-0.53382	-1.16848
-0.533516	-1.16991
-0.532862	-1.17156
-0.532661	-1.17324
-0.532011	-1.17522
-0.530931	-1.17731
-0.529823	-1.17898
-0.528829	-1.18054
-0.527298	-1.18216
-0.526054	-1.18408
-0.524841	-1.18591
-0.52376	-1.18759
-0.52276	-1.18978
-0.52113	-1.1919
-0.519708	-1.19422
-0.518381	-1.19638
-0.517093	-1.19839
-0.515736	-1.20025
-0.514446	-1.20203
-0.512992	-1.20379
-0.510842	-1.20586
-0.508894	-1.20782
-0.507121	-1.20971
-0.505473	-1.21182
-0.503807	-1.21411
-0.502783	-1.21596
-0.50208	-1.21766
-0.502673	-1.21893
-0.503352	-1.22028
-0.504104	-1.22171
-0.504951	-1.22202
-0.506121	-1.22251
-0.507402	-1.22299
-0.508909	-1.22358
-0.510464	-1.22417
-0.511773	-1.22476
-0.513165	-1.22539
-0.51486	-1.22614
-0.516388	-1.22629
-0.517847	-1.22665
-0.519389	-1.22729
-0.520749	-1.2276
-0.522363	-1.22831
-0.523907	-1.22898
-0.524893	-1.22945
-0.526258	-1.23023
-0.527595	-1.231
-0.52887	-1.23144
-0.530102	-1.23162
-0.531788	-1.23199
-0.533827	-1.23234
-0.53607	-1.2327
-0.538077	-1.23292
-0.539347	-1.23341
-0.540711	-1.23416
-0.541622	-1.23468
-0.542805	-1.23477
-0.543937	-1.2349
-0.544924	-1.23508
-0.546002	-1.23535
-0.547913	-1.23599
-0.550047	-1.23662
-0.552019	-1.23722
-0.554171	-1.23793
-0.555923	-1.23856
-0.557858	-1.23916
-0.559895	-1.2399
-0.562288	-1.24051
-0.564452	-1.24104
-0.566461	-1.24155
-0.568223	-1.24216
-0.569822	-1.24314
-0.571361	-1.24404
-0.572526	-1.24482
-0.574597	-1.24607
-0.576188	-1.24748
-0.577697	-1.24881
-0.578897	-1.25027
-0.580061	-1.2517
-0.58143	-1.25315
-0.582748	-1.25454
-0.584168	-1.25648
-0.585436	-1.25837
-0.586703	-1.26037
-0.587877	-1.26234
-0.588999	-1.26437
-0.590233	-1.26639
-0.591466	-1.26807
-0.592881	-1.26907
-0.593852	-1.26993
-0.595023	-1.27081
-0.597012	-1.27227
-0.59827	-1.27384
-0.599984	-1.27622
-0.601326	-1.27875
-0.602133	-1.28096
-0.602705	-1.28287
-0.603146	-1.28449
-0.603447	-1.28616
-0.603747	-1.28779
-0.60447	-1.28962
-0.605076	-1.29147
-0.605461	-1.2936
-0.605703	-1.29589
-0.605581	-1.29754
-0.605501	-1.29917
-0.605069	-1.30015
-0.605	-1.301
-0.604792	-1.30183
-0.604703	-1.30292
-0.604126	-1.30411
-0.603429	-1.30478
-0.602744	-1.30521
-0.602987	-1.30567
-0.603325	-1.30647
-0.603073	-1.30722
-0.601977	-1.30825
-0.600936	-1.30937
-0.599749	-1.31039
-0.598328	-1.31066
-0.596551	-1.31095
-0.595231	-1.31109
-0.593924	-1.31126
-0.592949	-1.31061
-0.591922	-1.30997
-0.590616	-1.30986
-0.590194	-1.30971
-0.589994	-1.3096
-0.589255	-1.30946
-0.588186	-1.30954
-0.587315	-1.30971
-0.586315	-1.30918
-0.585682	-1.3085
-0.585031	-1.3077
-0.584427	-1.30629
-0.584413	-1.30487
-0.584328	-1.30317
-0.584418	-1.30158
-0.584988	-1.3005
-0.586498	-1.29873
-0.588162	-1.29683
-0.590089	-1.29541
-0.592442	-1.29417
-0.595631	-1.29245
-0.598576	-1.29089
-0.601253	-1.28873
-0.604003	-1.28661
-0.606793	-1.28539
-0.609582	-1.28451
-0.612351	-1.2835
-0.614882	-1.28244
-0.617334	-1.28157
-0.619948	-1.28077
-0.622304	-1.28008
-0.624006	-1.27879
-0.625394	-1.27737
-0.627187	-1.27598
-0.6285	-1.27471
-0.629771	-1.27327
-0.630664	-1.27222
-0.63159	-1.27115
-0.632735	-1.27005
-0.633819	-1.26897
-0.634734	-1.26784
-0.635733	-1.26634
-0.636708	-1.26489
-0.637785	-1.26256
-0.638753	-1.26033
-0.639853	-1.25858
-0.64108	-1.25724
-0.642542	-1.25573
-0.643916	-1.25428
-0.645253	-1.25285
-0.646081	-1.25141
-0.64719	-1.24982
-0.648123	-1.24843
-0.648647	-1.24686
-0.648725	-1.24491
-0.64883	-1.24292
-0.649399	-1.24085
-0.649947	-1.23888
-0.650853	-1.23656
-0.651626	-1.23434
-0.652572	-1.23203
-0.653894	-1.22911
-0.655115	-1.22647
-0.65586	-1.22447
-0.656903	-1.22355
-0.657943	-1.22253
-0.658314	-1.22205
-0.659017	-1.22107
-0.659904	-1.2198
-0.660396	-1.2188
-0.661441	-1.21724
-0.662422	-1.21596
-0.663374	-1.21454
-0.664532	-1.21252
-0.665793	-1.21082
-0.667045	-1.20935
-0.668253	-1.20796
-0.669749	-1.20673
-0.671225	-1.20531
-0.672407	-1.2037
-0.673681	-1.20212
-0.675075	-1.20087
-0.676681	-1.19947
-0.678467	-1.19805
-0.680274	-1.19663
-0.682183	-1.19501
-0.683896	-1.19351
-0.685532	-1.192
-0.68761	-1.19107
-0.68946	-1.19025
-0.691199	-1.189
-0.693284	-1.18811
-0.695808	-1.18733
-0.698158	-1.18611
-0.700331	-1.18474
-0.70236	-1.18347
-0.704423	-1.18228
-0.705724	-1.18106
-0.706902	-1.18002
-0.708396	-1.17832
-0.709592	-1.17667
-0.710926	-1.1749
-0.711711	-1.1726
-0.712457	-1.17041
-0.712248	-1.16805
-0.712362	-1.16605
-0.712561	-1.16371
-0.713128	-1.16161
-0.713615	-1.15953
-0.714287	-1.15658
-0.715183	-1.15494
-0.715849	-1.15321
-0.716066	-1.15155
-0.715818	-1.14915
-0.715661	-1.14713
-0.7157	-1.14599
-0.715804	-1.14584
-0.716071	-1.14549
-0.716493	-1.14382
-0.717558	-1.14216
-0.71855	-1.14063
-0.719598	-1.13864
-0.720299	-1.13761
-0.721096	-1.13654
-0.722148	-1.13541
-0.723282	-1.1343
-0.724823	-1.13353
-0.726359	-1.13266
-0.728924	-1.13183
-0.730698	-1.1307
-0.732383	-1.12961
-0.734143	-1.12804
-0.735279	-1.12679
-0.736917	-1.12537
-0.738193	-1.12424
-0.738925	-1.12247
-0.739695	-1.12074
-0.740443	-1.11905
-0.741224	-1.11752
-0.742205	-1.11582
-0.743147	-1.11384
-0.743739	-1.112
-0.744289	-1.11015
-0.745174	-1.1084
-0.746396	-1.10673
-0.747527	-1.10466
-0.748614	-1.10268
-0.749413	-1.10085
-0.750684	-1.09913
-0.751487	-1.09746
-0.752135	-1.09602
-0.752856	-1.09479
-0.753373	-1.09357
-0.753735	-1.09261
-0.754785	-1.09119
-0.755937	-1.08996
-0.757137	-1.08847
-0.758064	-1.08622
-0.759569	-1.08438
-0.761084	-1.08267
-0.762974	-1.08102
-0.764766	-1.0795
-0.766309	-1.07808
-0.767385	-1.07823
-0.76866	-1.07856
-0.769547	-1.07894
-0.77135	-1.07987
-0.772992	-1.08138
-0.774577	-1.08352
-0.776138	-1.08543
-0.778334	-1.08716
-0.780483	-1.08821
-0.782906	-1.08948
-0.785101	-1.09053
-0.787086	-1.0916
-0.788649	-1.09208
-0.790213	-1.09252
-0.791574	-1.09421
-0.792702	-1.09588
-0.793524	-1.09767
-0.793812	-1.09939
-0.794278	-1.10057
-0.794701	-1.10128
-0.795376	-1.10207
-0.7961	-1.10291
-0.796977	-1.10402
-0.797765	-1.10464
-0.798566	-1.10637
-0.799663	-1.10823
-0.799955	-1.11008
-0.800809	-1.11177
-0.802497	-1.11325
-0.804467	-1.11542
-0.806818	-1.11696
-0.809035	-1.11839
-0.811165	-1.11916
-0.812852	-1.12027
-0.815179	-1.1215
-0.817753	-1.12251
-0.820379	-1.12318
-0.822878	-1.12333
-0.825167	-1.12349
-0.827752	-1.12316
-0.82944	-1.12338
-0.830415	-1.12351
-0.83126	-1.12355
-0.832134	-1.12354
-0.833025	-1.12347
-0.832998	-1.12338
-0.833553	-1.1231
-0.834478	-1.12277
-0.835497	-1.12259
-0.836712	-1.12241
-0.838045	-1.12214
-0.839496	-1.12185
-0.840924	-1.12155
-0.842666	-1.12109
-0.844126	-1.12079
-0.845341	-1.12093
-0.846763	-1.12072
-0.848196	-1.1205
-0.850669	-1.12057
-0.85296	-1.12062
-0.855023	-1.12066
-0.856585	-1.12093
-0.858139	-1.12121
-0.859778	-1.12145
-0.861699	-1.12206
-0.864405	-1.12353
-0.866835	-1.12491
-0.869083	-1.12628
-0.871094	-1.12707
-0.873039	-1.12798
-0.874898	-1.12892
-0.876735	-1.12987
-0.879109	-1.13087
-0.880655	-1.13149
-0.882561	-1.1314
-0.88474	-1.13166
-0.886833	-1.13186
-0.888843	-1.13157
-0.891172	-1.13128
-0.893623	-1.131
-0.896697	-1.1311
-0.899725	-1.13122
-0.902486	-1.13184
-0.905248	-1.13296
-0.908026	-1.13444
-0.91059	-1.13592
-0.913244	-1.13717
-0.915689	-1.13845
-0.917709	-1.13998
-0.919634	-1.14149
-0.922025	-1.1438
-0.92423	-1.14595
-0.926056	-1.14792
-0.927732	-1.14981
-0.929251	-1.15157
-0.930875	-1.15359
-0.93196	-1.15634
-0.933014	-1.15891
-0.933812	-1.16096
-0.934814	-1.16214
-0.936317	-1.16366
-0.937191	-1.16495
-0.938125	-1.16626
-0.939028	-1.16734
-0.939305	-1.16839
-0.939251	-1.16976
-0.939945	-1.17089
-0.940719	-1.17211
-0.941767	-1.17378
-0.942769	-1.17526
-0.943619	-1.17625
-0.944941	-1.17793
-0.946049	-1.17951
-0.947171	-1.18113
-0.947936	-1.18333
-0.949417	-1.18608
-0.951315	-1.18919
-0.952874	-1.19162
-0.953459	-1.19411
-0.954261	-1.19657
-0.954997	-1.1989
-0.955908	-1.2008
-0.956779	-1.20261
-0.957614	-1.20419
-0.959214	-1.2049
-0.961816	-1.20442
-0.963941	-1.20385
-0.965551	-1.20315
-0.967327	-1.20199
-0.968963	-1.20091
-0.97035	-1.20049
-0.97198	-1.20005
-0.973761	-1.20007
-0.975088	-1.19918
-0.975988	-1.19804
-0.976967	-1.19684
-0.979153	-1.19492
-0.981417	-1.19322
-0.983628	-1.19185
-0.985601	-1.1903
-0.98662	-1.18867
-0.987634	-1.18644
-0.988156	-1.18495
-0.98866	-1.18347
-0.989059	-1.18202
-0.989406	-1.18049
-0.989438	-1.1787
-0.989382	-1.17682
-0.988911	-1.17424
-0.988214	-1.17159
-0.987315	-1.17012
-0.986518	-1.16873
-0.985522	-1.16725
-0.9846	-1.16556
-0.983737	-1.16361
-0.982849	-1.1614
-0.98198	-1.15946
-0.980303	-1.15761
-0.979369	-1.15537
-0.978395	-1.15331
-0.977451	-1.15131
-0.976662	-1.14859
-0.975841	-1.14606
-0.975128	-1.14369
-0.974051	-1.14115
-0.972749	-1.13877
-0.971384	-1.13644
-0.970181	-1.13459
-0.96897	-1.13254
-0.967826	-1.13062
-0.965711	-1.12898
-0.963673	-1.12745
-0.961485	-1.1262
-0.958938	-1.1246
-0.956498	-1.12336
-0.953584	-1.12171
-0.950325	-1.11977
-0.946949	-1.11864
-0.943925	-1.11739
-0.940893	-1.11616
-0.937256	-1.11528
-0.933945	-1.11443
-0.93098	-1.11366
-0.928013	-1.11321
-0.924856	-1.11289
-0.921591	-1.11234
-0.918957	-1.11187
-0.91611	-1.11161
-0.913561	-1.11123
-0.911487	-1.11111
-0.90908	-1.11103
-0.906766	-1.1109
-0.904662	-1.11076
-0.902748	-1.11072
-0.900565	-1.11038
-0.898398	-1.11005
-0.896629	-1.11003
-0.894912	-1.10999
-0.892355	-1.1091
-0.890523	-1.10868
-0.888114	-1.1091
-0.885543	-1.10951
-0.883118	-1.11032
-0.880941	-1.11101
-0.878576	-1.11092
-0.876364	-1.111
-0.874541	-1.11111
-0.87258	-1.11123
-0.870825	-1.11143
-0.869648	-1.11165
-0.868189	-1.11196
-0.866719	-1.11186
-0.865447	-1.11171
-0.862899	-1.11163
-0.860089	-1.11098
-0.857493	-1.11028
-0.854861	-1.10943
-0.85262	-1.10898
-0.850263	-1.10842
-0.848116	-1.1079
-0.845907	-1.10787
-0.843791	-1.10777
-0.841829	-1.10782
-0.839943	-1.10794
-0.837579	-1.10824
-0.835188	-1.10854
-0.833024	-1.1088
-0.831505	-1.10906
-0.830276	-1.10949
-0.829506	-1.10945
-0.828622	-1.10942
-0.828251	-1.10883
-0.827768	-1.10901
-0.827097	-1.10915
-0.826835	-1.10917
-0.825901	-1.11039
-0.824541	-1.11109
-0.823495	-1.11136
-0.822133	-1.11185
-0.820536	-1.11232
-0.818635	-1.11272
-0.816113	-1.11299
-0.813945	-1.11323
-0.811326	-1.11326
-0.809563	-1.11315
-0.807987	-1.1128
-0.806554	-1.11267
-0.804954	-1.11217
-0.802716	-1.11175
-0.800973	-1.11152
-0.79933	-1.111
-0.797561	-1.10982
-0.795912	-1.10884
-0.794167	-1.10734
-0.792405	-1.10596
-0.790757	-1.10493
-0.788142	-1.10306
-0.78496	-1.10112
-0.782152	-1.09958
-0.779526	-1.09899
-0.776986	-1.09832
-0.774646	-1.0979
-0.77189	-1.09797
-0.76949	-1.09805
-0.767319	-1.09813
-0.765315	-1.09825
-0.763292	-1.09951
-0.761402	-1.10075
-0.758628	-1.10167
-0.755609	-1.10216
-0.752793	-1.10274
-0.750108	-1.10242
-0.747939	-1.10179
-0.745738	-1.10187
-0.743579	-1.10177
-0.741551	-1.10157
-0.739863	-1.10153
-0.738711	-1.10151
-0.73756	-1.10137
-0.736656	-1.10163
-0.73561	-1.10199
-0.735057	-1.10254
-0.73379	-1.10267
-0.732013	-1.10313
-0.730587	-1.10383
-0.728313	-1.10418
-0.726141	-1.1048
-0.723789	-1.10529
-0.721713	-1.10572
-0.719549	-1.10591
-0.717639	-1.10623
-0.716285	-1.10608
-0.714578	-1.10626
-0.712806	-1.10586
-0.710367	-1.10522
-0.708127	-1.10472
-0.705334	-1.10421
-0.702566	-1.10361
-0.699823	-1.10326
-0.697762	-1.10315
-0.695493	-1.10372
-0.693394	-1.10425
-0.691797	-1.10503
-0.690205	-1.10581
-0.687973	-1.10648
-0.685891	-1.10714
-0.683788	-1.10747
-0.68227	-1.10818
-0.680752	-1.1089
-0.679274	-1.10958
-0.677952	-1.11042
-0.676465	-1.11113
-0.674837	-1.11144
-0.673535	-1.11192
-0.6723	-1.11239
-0.671998	-1.11253
-0.671404	-1.11295
-0.670485	-1.11337
-0.669488	-1.11396
-0.668435	-1.1146
-0.668015	-1.11595
-0.667529	-1.11734
-0.667138	-1.11881
-0.666702	-1.12025
-0.666282	-1.12225
-0.666387	-1.12382
-0.666168	-1.12557
-0.666418	-1.12727
-0.666654	-1.1289
-0.666926	-1.13073
-0.666049	-1.13176
-0.664827	-1.13339
-0.66337	-1.13373
-0.661907	-1.13414
-0.660409	-1.13456
-0.658887	-1.13499
-0.657278	-1.1354
-0.656122	-1.13569
-0.655277	-1.13596
-0.65427	-1.13622
-0.653252	-1.1367
-0.652307	-1.13746
-0.650871	-1.13816
-0.649604	-1.13908
-0.648607	-1.14007
-0.647331	-1.14123
-0.646122	-1.14265
-0.644945	-1.14409
-0.643745	-1.14561
-0.642314	-1.14719
-0.641389	-1.149
-0.640684	-1.15082
-0.640163	-1.15249
-0.63977	-1.15468
-0.639423	-1.15677
-0.639106	-1.15872
-0.638834	-1.16057
-0.638431	-1.16256
-0.637932	-1.16413
-0.637375	-1.16575
-0.63761	-1.16723
-0.637199	-1.16888
-0.636923	-1.17047
-0.636754	-1.1722
-0.636731	-1.17386
-0.636754	-1.17535
-0.636826	-1.17683
-0.636697	-1.17932
-0.636701	-1.18141
-0.637013	-1.18326
-0.637543	-1.1849
-0.63802	-1.18592
-0.638928	-1.18712
-0.640625	-1.18829
-0.641326	-1.18898
-0.642904	-1.18962
-0.644293	-1.19003
-0.645843	-1.19036
-0.647126	-1.19026
-0.649178	-1.19064
-0.651194	-1.19091
-0.652913	-1.19131
-0.654983	-1.19157
-0.656955	-1.19159
-0.659183	-1.19134
-0.661262	-1.19134
-0.663011	-1.19118
-0.665117	-1.19124
-0.666407	-1.19106
-0.667125	-1.1918
-0.667944	-1.19299
-0.668611	-1.19461
-0.669458	-1.19625
-0.670419	-1.19785
-0.671167	-1.19958
-0.671934	-1.20137
-0.672615	-1.20315
-0.673317	-1.20498
-0.673832	-1.20689
-0.674425	-1.20883
-0.67564	-1.21119
-0.676621	-1.21305
-0.677675	-1.21462
-0.678571	-1.21603
-0.679507	-1.21693
-0.680492	-1.21785
-0.680987	-1.21829
-0.681836	-1.21888
-0.682572	-1.21938
-0.683667	-1.21968
-0.684302	-1.22007
-0.684414	-1.22073
-0.684709	-1.22187
-0.6854	-1.22185
-0.686364	-1.2216
-0.687575	-1.22119
-0.688899	-1.22035
-0.690905	-1.21913
-0.692874	-1.2183
-0.694659	-1.21734
-0.696382	-1.21684
-0.698039	-1.21631
-0.69975	-1.21571
-0.701215	-1.21507
-0.70265	-1.21478
-0.704122	-1.21439
-0.705625	-1.214
-0.707021	-1.21339
-0.707919	-1.21281
-0.709396	-1.21216
-0.711361	-1.21092
-0.71333	-1.20978
-0.715282	-1.20892
-0.717175	-1.2083
-0.718989	-1.20787
-0.721059	-1.20731
-0.723012	-1.20644
-0.724983	-1.20587
-0.72685	-1.20572
-0.728173	-1.20567
-0.729613	-1.20517
-0.730922	-1.20471
-0.731528	-1.20321
-0.731932	-1.20213
-0.732455	-1.20139
-0.733214	-1.2005
-0.733131	-1.19923
-0.73305	-1.19784
-0.733096	-1.1964
-0.733243	-1.19496
-0.732759	-1.19308
-0.731844	-1.19139
-0.73073	-1.19015
-0.729541	-1.18868
-0.727711	-1.18704
-0.725811	-1.18526
-0.723949	-1.18337
-0.722379	-1.18109
-0.720801	-1.17949
-0.719255	-1.17767
-0.717859	-1.17606
-0.716549	-1.17445
-0.715356	-1.17291
-0.713847	-1.1719
-0.712475	-1.17082
-0.711318	-1.1698
-0.71019	-1.1685
-0.709179	-1.16717
-0.708255	-1.16577
-0.707367	-1.16371
-0.706887	-1.162
-0.70705	-1.16039
-0.707259	-1.15884
-0.708026	-1.15681
-0.708742	-1.15495
-0.709222	-1.15367
-0.709985	-1.15244
-0.710794	-1.1505
-0.711749	-1.14842
-0.712412	-1.14657
-0.712999	-1.14552
-0.713667	-1.14439
-0.714317	-1.1433
-0.715013	-1.14209
-0.715829	-1.14036
-0.717267	-1.13915
-0.717901	-1.1385
-0.718246	-1.1379
-0.718382	-1.13638
-0.718754	-1.13507
-0.719589	-1.13359
-0.720716	-1.13205
-0.7218	-1.13057
-0.722791	-1.12902
-0.723777	-1.1275
-0.724571	-1.12627
-0.725546	-1.1252
-0.725317	-1.12417
-0.724902	-1.12284
-0.724631	-1.12144
-0.724697	-1.1198
-0.724941	-1.11767
-0.724536	-1.1165
-0.724352	-1.11529
-0.724236	-1.11396
-0.724363	-1.11218
-0.72492	-1.11081
-0.725267	-1.10923
-0.725677	-1.10811
-0.725816	-1.10717
-0.725941	-1.10687
-0.726158	-1.10666
-0.726562	-1.10636
-0.727624	-1.10588
-0.728321	-1.1045
-0.729181	-1.10303
-0.730031	-1.10163
-0.73108	-1.10043
-0.732386	-1.09895
-0.733641	-1.09783
-0.734935	-1.09667
-0.736226	-1.09552
-0.737377	-1.0946
-0.738894	-1.09388
-0.740655	-1.09352
-0.742483	-1.0931
-0.74437	-1.09276
-0.746031	-1.09258
-0.747541	-1.09291
-0.749166	-1.09305
-0.750848	-1.09326
-0.752529	-1.09433
-0.754351	-1.0952
-0.755873	-1.0959
-0.757354	-1.09668
-0.7587	-1.09733
-0.760006	-1.09807
-0.7614	-1.09904
-0.762429	-1.0999
-0.763433	-1.10066
-0.764329	-1.1011
-0.765162	-1.10134
-0.76594	-1.10141
-0.766748	-1.10112
-0.767474	-1.10065
-0.768237	-1.10009
-0.768853	-1.09947
-0.76918	-1.09876
-0.769002	-1.09851
-0.768577	-1.09776
-0.768353	-1.0971
-0.767909	-1.09612
-0.767039	-1.09504
-0.765113	-1.09367
-0.763671	-1.09239
-0.762482	-1.09125
-0.761167	-1.09021
-0.759718	-1.08977
-0.758064	-1.08984
-0.756513	-1.08996
-0.754353	-1.08927
-0.752073	-1.08906
-0.749875	-1.0888
-0.747793	-1.08816
-0.745913	-1.0871
-0.744028	-1.08705
-0.742253	-1.08703
-0.740528	-1.08687
-0.739108	-1.0865
-0.737475	-1.08623
-0.735304	-1.086
-0.73334	-1.08561
-0.731538	-1.08546
-0.73021	-1.08681
-0.72944	-1.08787
-0.728473	-1.08845
-0.727579	-1.08921
-0.726102	-1.09047
-0.72416	-1.09105
-0.722342	-1.09214
-0.720584	-1.09309
-0.718923	-1.09397
-0.71714	-1.09511
-0.715125	-1.09608
-0.713403	-1.09684
-0.711729	-1.09751
-0.710041	-1.09809
-0.708361	-1.09864
-0.706734	-1.09907
-0.704777	-1.09964
-0.701884	-1.10018
-0.699529	-1.10003
-0.69775	-1.10008
-0.695937	-1.10075
-0.694027	-1.10121
-0.692911	-1.1024
-0.692093	-1.10401
-0.691476	-1.10582
-0.69096	-1.10765
-0.690147	-1.10915
-0.690588	-1.1108
-0.691234	-1.11281
-0.692082	-1.11495
-0.69306	-1.11888
-0.694095	-1.12261
-0.694625	-1.12619
-0.69498	-1.12956
-0.695188	-1.13262
-0.695426	-1.13545
-0.694795	-1.13839
-0.694427	-1.14079
-0.694059	-1.14295
-0.693738	-1.14499
-0.69333	-1.14725
-0.69262	-1.14879
-0.691441	-1.15032
-0.690179	-1.15184
-0.689024	-1.15403
-0.688062	-1.15622
-0.687536	-1.15825
-0.686931	-1.16008
-0.686271	-1.16214
-0.685646	-1.16378
-0.685139	-1.16547
-0.68415	-1.16745
-0.682493	-1.16936
-0.681454	-1.17086
-0.680442	-1.1723
-0.679557	-1.17363
-0.678502	-1.17496
-0.677851	-1.17609
-0.677303	-1.17743
-0.676884	-1.17883
-0.677507	-1.18072
-0.678113	-1.18258
-0.678788	-1.18427
-0.679576	-1.18604
-0.680043	-1.18757
-0.681063	-1.18923
-0.681667	-1.19111
-0.682352	-1.19291
-0.683067	-1.19477
-0.684058	-1.19686
-0.684794	-1.19874
-0.685494	-1.20037
-0.686315	-1.20202
-0.687016	-1.20452
-0.687776	-1.20639
-0.688524	-1.20865
-0.689138	-1.21099
-0.68992	-1.21335
-0.690444	-1.21541
-0.690621	-1.21683
-0.69121	-1.2185
-0.692171	-1.22015
-0.692917	-1.22161
-0.693906	-1.22203
-0.694622	-1.22242
-0.695294	-1.22297
-0.696073	-1.22363
-0.69642	-1.22425
-0.696469	-1.22548
-0.696611	-1.22699
-0.696933	-1.22876
-0.698033	-1.23115
-0.698933	-1.23336
-0.699668	-1.23536
-0.700366	-1.23711
-0.701384	-1.23908
-0.702577	-1.2409
-0.703773	-1.24257
-0.704868	-1.24409
-0.706032	-1.24533
-0.706393	-1.24627
-0.706843	-1.24706
-0.707027	-1.24769
-0.706828	-1.24828
-0.707434	-1.24838
-0.708518	-1.24879
-0.709336	-1.24931
-0.710864	-1.25017
-0.712521	-1.25106
-0.714174	-1.25196
-0.715833	-1.25285
-0.717505	-1.25367
-0.71917	-1.25503
-0.720562	-1.2567
-0.721906	-1.25871
-0.723005	-1.26095
-0.724055	-1.26311
-0.724417	-1.26463
-0.724893	-1.26607
-0.725525	-1.26808
-0.726096	-1.27
-0.726575	-1.27194
-0.726905	-1.27377
-0.728251	-1.27571
-0.72936	-1.27747
-0.730496	-1.27929
-0.73198	-1.28104
-0.732856	-1.28236
-0.733965	-1.28342
-0.734476	-1.28387
-0.734899	-1.28492
-0.735409	-1.28582
-0.73593	-1.28691
-0.736512	-1.28818
-0.736276	-1.28999
-0.736148	-1.29164
-0.735936	-1.29339
-0.735747	-1.29516
-0.735241	-1.29718
-0.734592	-1.29907
-0.733552	-1.30159
-0.732118	-1.30407
-0.730522	-1.30559
-0.729144	-1.30732
-0.728046	-1.30888
-0.726537	-1.31006
-0.725226	-1.31086
-0.723875	-1.31167
-0.722618	-1.31257
-0.721129	-1.31358
-0.719818	-1.31453
-0.718474	-1.31532
-0.71698	-1.31718
-0.715312	-1.31897
-0.713209	-1.32032
-0.712138	-1.3214
-0.711284	-1.32229
-0.7103	-1.32304
-0.70917	-1.32358
-0.708369	-1.32483
-0.707864	-1.32576
-0.707151	-1.32638
-0.706595	-1.32725
-0.705987	-1.32825
-0.705418	-1.32847
-0.70485	-1.32867
-0.703437	-1.32877
-0.702251	-1.32852
-0.700878	-1.3283
-0.699572	-1.32839
-0.698342	-1.32864
-0.696998	-1.3289
-0.695513	-1.32828
-0.693619	-1.3279
-0.691442	-1.32837
-0.689342	-1.32912
-0.687726	-1.3298
-0.685995	-1.33072
-0.684034	-1.3319
-0.681766	-1.33356
-0.679961	-1.33481
-0.6778	-1.33599
-0.67565	-1.33737
-0.673694	-1.33849
-0.671902	-1.33941
-0.670029	-1.34039
-0.667665	-1.34195
-0.665797	-1.34362
-0.664494	-1.34496
-0.663626	-1.34601
-0.662705	-1.34712
-0.661355	-1.34856
-0.660006	-1.35011
-0.659099	-1.35185
-0.657743	-1.35371
-0.656421	-1.35547
-0.654907	-1.35765
-0.653495	-1.36048
-0.652972	-1.36296
-0.652405	-1.36534
-0.651646	-1.36726
-0.650904	-1.36912
-0.649933	-1.37107
-0.648931	-1.37318
-0.648125	-1.37478
-0.64771	-1.37637
-0.647183	-1.37799
-0.64627	-1.3796
-0.645174	-1.38147
-0.644197	-1.38347
-0.643783	-1.38585
-0.643455	-1.38854
-0.643272	-1.39096
-0.643543	-1.39291
-0.643849	-1.39473
-0.64441	-1.39635
-0.644703	-1.39856
-0.645054	-1.40057
-0.645381	-1.4025
-0.645877	-1.40401
-0.646384	-1.40553
-0.646929	-1.40717
-0.647367	-1.40888
-0.647632	-1.41059
-0.647893	-1.41192
-0.647988	-1.41361
-0.647974	-1.41553
-0.649083	-1.41724
-0.650151	-1.41879
-0.651428	-1.42051
-0.652611	-1.42223
-0.654015	-1.42288
-0.655453	-1.42348
-0.657214	-1.42372
-0.658995	-1.42438
-0.660518	-1.4246
-0.662069	-1.42438
-0.663766	-1.42415
-0.665367	-1.42409
-0.666937	-1.42399
-0.669118	-1.42386
-0.669745	-1.42407
-0.670482	-1.42446
-0.671287	-1.42449
-0.671524	-1.42458
-0.672188	-1.42534
-0.672359	-1.42612
-0.67335	-1.42695
-0.673853	-1.42805
-0.674524	-1.42933
-0.675636	-1.43029
-0.677085	-1.43132
-0.67843	-1.43229
-0.680789	-1.4338
-0.682561	-1.43658
-0.68418	-1.4393
-0.686468	-1.44133
-0.688471	-1.44333
-0.690188	-1.4452
-0.691759	-1.44697
-0.693069	-1.44922
-0.694174	-1.45122
-0.694983	-1.45342
-0.696047	-1.45561
-0.696935	-1.45855
-0.69734	-1.46172
-0.698696	-1.46507
-0.69962	-1.46808
-0.700714	-1.47135
-0.702201	-1.47442
-0.70323	-1.47608
-0.704051	-1.47788
-0.705	-1.47972
-0.706088	-1.48165
-0.707061	-1.48369
-0.707821	-1.48632
-0.708571	-1.48878
-0.709099	-1.4912
-0.709576	-1.49348
-0.709998	-1.49571
-0.710307	-1.4976
-0.71059	-1.4988
-0.71107	-1.50122
-0.711281	-1.50408
-0.711841	-1.50685
-0.711774	-1.50848
-0.712018	-1.5098
-0.712781	-1.51141
-0.713668	-1.5128
-0.714599	-1.51418
-0.715638	-1.51551
-0.716558	-1.51695
-0.717361	-1.51824
-0.718446	-1.51953
-0.719753	-1.5206
-0.720909	-1.52154
-0.722387	-1.52235
-0.723103	-1.52261
-0.724293	-1.52314
-0.725518	-1.5237
-0.727098	-1.52396
-0.729318	-1.52409
-0.731571	-1.52499
-0.734437	-1.52677
-0.737127	-1.52832
-0.739585	-1.52975
-0.741873	-1.53122
-0.744466	-1.53278
-0.746651	-1.53432
-0.748764	-1.53574
-0.751399	-1.53573
-0.753814	-1.53573
-0.756082	-1.53571
-0.758088	-1.53569
-0.760076	-1.53576
-0.761548	-1.53558
-0.762672	-1.53512
-0.763452	-1.53458
-0.764457	-1.53377
-0.765068	-1.53276
-0.765978	-1.53164
-0.766493	-1.53105
-0.767061	-1.53032
-0.767667	-1.52913
-0.768471	-1.52813
-0.768644	-1.52702
-0.768776	-1.52588
-0.768	-1.52461
-0.7665	-1.52222
-0.76559	-1.51989
-0.764123	-1.51775
-0.762871	-1.51567
-0.761106	-1.51348
-0.758932	-1.51149
-0.757138	-1.50936
-0.756058	-1.50777
-0.755092	-1.50635
-0.755262	-1.5044
-0.755929	-1.5027
-0.756415	-1.50091
-0.75692	-1.49871
-0.757451	-1.49644
-0.757788	-1.49409
-0.757981	-1.49186
-0.758124	-1.48977
-0.758364	-1.48779
-0.758505	-1.48591
-0.758313	-1.48408
-0.758304	-1.48225
-0.757814	-1.48076
-0.757294	-1.47931
-0.75742	-1.47768
-0.75764	-1.47633
-0.758318	-1.47593
-0.759969	-1.47535
-0.761831	-1.47486
-0.764516	-1.47476
-0.766667	-1.47403
-0.768814	-1.47336
-0.770662	-1.47268
-0.772587	-1.47149
-0.774466	-1.47031
-0.775614	-1.46982
-0.777142	-1.46934
-0.778955	-1.46907
-0.78086	-1.46891
-0.782456	-1.46914
-0.78318	-1.46934
-0.783866	-1.46971
-0.784733	-1.47012
-0.785236	-1.47071
-0.78564	-1.47095
-0.786399	-1.47169
-0.787237	-1.4727
-0.787702	-1.47323
-0.789012	-1.47392
-0.790653	-1.47485
-0.79226	-1.47604
-0.793481	-1.47713
-0.794845	-1.47761
-0.796031	-1.47757
-0.797491	-1.47736
-0.799173	-1.47744
-0.800857	-1.4775
-0.802267	-1.4778
-0.803804	-1.47848
-0.8053	-1.47919
-0.806734	-1.48003
-0.808136	-1.4806
-0.809904	-1.48093
-0.811559	-1.48132
-0.813386	-1.4814
-0.815616	-1.48099
-0.816962	-1.47977
-0.818328	-1.47841
-0.819761	-1.47691
-0.820651	-1.47672
-0.821879	-1.47735
-0.823268	-1.47815
-0.824696	-1.47902
-0.825495	-1.48015
-0.826216	-1.48148
-0.827169	-1.48302
-0.828136	-1.48454
-0.829273	-1.48602
-0.830607	-1.48748
-0.832197	-1.48892
-0.833601	-1.49037
-0.835082	-1.49131
-0.835469	-1.4922
-0.835877	-1.49326
-0.836176	-1.49542
-0.836303	-1.49763
-0.835849	-1.49959
-0.83522	-1.50229
-0.834344	-1.5048
-0.832851	-1.50701
-0.831151	-1.50892
-0.829442	-1.51067
-0.827322	-1.51157
-0.825702	-1.51252
-0.824117	-1.51347
-0.821978	-1.51422
-0.819916	-1.51509
-0.818029	-1.51583
-0.816592	-1.51667
-0.815195	-1.51764
-0.813672	-1.51857
-0.813241	-1.51933
-0.812798	-1.52005
-0.812021	-1.52101
-0.810754	-1.52234
-0.809592	-1.52357
-0.808558	-1.52481
-0.807399	-1.52571
-0.806151	-1.52623
-0.804618	-1.52645
-0.802312	-1.52662
-0.79962	-1.52618
-0.796787	-1.52615
-0.794148	-1.5255
-0.791649	-1.52488
-0.789305	-1.52385
-0.786962	-1.52314
-0.785049	-1.52202
-0.783676	-1.52043
-0.782602	-1.51791
-0.78182	-1.5157
-0.781081	-1.51315
-0.780712	-1.5098
-0.780736	-1.50672
-0.78079	-1.50389
-0.780411	-1.50098
-0.779699	-1.49845
-0.778092	-1.49546
-0.776679	-1.49311
-0.77532	-1.49105
-0.774401	-1.48911
-0.77374	-1.48746
-0.773597	-1.48568
-0.772853	-1.4846
-0.772979	-1.48388
-0.773666	-1.48317
-0.774122	-1.48212
-0.77466	-1.48101
-0.774697	-1.48057
-0.774063	-1.48028
-0.77302	-1.47981
-0.770901	-1.47994
-0.769718	-1.47951
-0.768577	-1.47914
-0.767478	-1.4787
-0.766264	-1.47803
-0.765212	-1.47753
-0.764524	-1.47701
-0.763897	-1.47655
-0.762794	-1.4761
-0.761245	-1.47581
-0.759814	-1.47561
-0.758356	-1.47571
-0.757064	-1.47561
-0.755626	-1.47548
-0.754323	-1.47552
-0.752431	-1.47583
-0.750835	-1.47551
-0.749142	-1.47524
-0.747278	-1.47443
-0.746167	-1.47357
-0.745577	-1.47289
-0.745062	-1.47253
-0.74436	-1.4721
-0.744188	-1.47189
-0.742954	-1.4709
-0.741712	-1.46991
-0.740711	-1.46938
-0.739815	-1.46845
-0.739031	-1.46738
-0.738197	-1.46627
-0.737287	-1.4659
-0.736364	-1.46562
-0.735216	-1.46522
-0.733837	-1.46461
-0.732071	-1.46445
-0.729801	-1.46375
-0.72782	-1.46321
-0.726741	-1.4634
-0.726313	-1.46362
-0.725269	-1.46304
-0.72423	-1.46271
-0.723431	-1.46231
-0.722568	-1.46178
-0.72152	-1.46091
-0.72118	-1.45953
-0.721056	-1.4581
-0.721462	-1.45594
-0.721398	-1.45395
-0.721295	-1.45162
-0.721393	-1.44968
-0.721114	-1.44748
-0.72072	-1.44546
-0.719983	-1.4437
-0.71956	-1.44182
-0.719145	-1.43999
-0.717925	-1.43751
-0.716637	-1.43514
-0.715212	-1.43369
-0.713147	-1.43161
-0.711272	-1.42962
-0.709009	-1.42788
-0.706075	-1.42619
-0.703858	-1.42478
-0.701862	-1.42384
-0.700118	-1.42305
-0.697973	-1.42212
-0.695697	-1.42164
-0.693689	-1.42095
-0.691703	-1.42009
-0.690772	-1.41994
-0.689618	-1.4198
-0.688591	-1.41944
-0.687248	-1.41923
-0.685839	-1.41928
-0.684237	-1.41915
-0.681928	-1.41918
-0.679728	-1.41934
-0.677557	-1.41951
-0.675968	-1.41965
-0.674412	-1.41982
-0.673159	-1.42031
-0.672016	-1.42084
-0.671471	-1.42069
-0.670619	-1.42095
-0.670365	-1.42144
-0.669987	-1.42222
-0.669695	-1.42305
-0.669062	-1.4241
-0.668738	-1.42621
-0.66833	-1.42808
-0.667775	-1.42996
-0.666979	-1.43182
-0.666252	-1.43358
-0.665168	-1.43497
-0.664302	-1.4365
-0.663793	-1.4381
-0.663144	-1.43983
-0.663039	-1.44143
-0.662987	-1.44351
-0.662922	-1.44513
-0.662416	-1.44682
-0.661861	-1.44848
-0.661133	-1.45029
-0.660683	-1.45249
-0.660835	-1.45445
-0.66207	-1.45651
-0.66326	-1.45793
-0.664486	-1.45954
-0.665942	-1.46101
-0.667368	-1.46203
-0.668392	-1.46278
-0.669625	-1.46347
-0.670729	-1.46426
-0.671872	-1.4651
-0.673295	-1.46571
-0.674625	-1.46603
-0.67605	-1.46616
-0.677488	-1.46695
-0.678802	-1.46785
-0.679894	-1.46862
-0.681054	-1.46915
-0.681867	-1.46934
-0.682364	-1.46925
-0.683346	-1.46935
-0.684111	-1.4696
-0.685037	-1.46998
-0.68579	-1.47037
-0.686956	-1.47084
-0.688082	-1.47117
-0.688993	-1.47149
-0.689888	-1.47206
-0.690639	-1.47282
-0.691456	-1.47386
-0.691983	-1.4751
-0.692219	-1.47641
-0.692449	-1.47778
-0.693712	-1.47919
-0.695484	-1.48092
-0.697655	-1.4823
-0.699986	-1.48317
-0.702211	-1.48404
-0.704415	-1.48435
-0.706656	-1.48435
-0.709401	-1.48469
-0.712994	-1.48509
-0.716316	-1.485
-0.718521	-1.48608
-0.720564	-1.48699
-0.723054	-1.48858
-0.72529	-1.48994
-0.727588	-1.49138
-0.729926	-1.49311
-0.731984	-1.49485
-0.733527	-1.49673
-0.73524	-1.49866
-0.736289	-1.50036
-0.737351	-1.50199
-0.738418	-1.50345
-0.739741	-1.50492
-0.740827	-1.50645
-0.742142	-1.50822
-0.743126	-1.51044
-0.744703	-1.51267
-0.746429	-1.51447
-0.748097	-1.51623
-0.749757	-1.51799
-0.751326	-1.51975
-0.752737	-1.52081
-0.753888	-1.52169
-0.754523	-1.52189
-0.755473	-1.52177
-0.756716	-1.52193
-0.758072	-1.52212
-0.760353	-1.52264
-0.762964	-1.52353
-0.765964	-1.52493
-0.767847	-1.52573
-0.769599	-1.52663
-0.771254	-1.52765
-0.772617	-1.52874
-0.773753	-1.53009
-0.774905	-1.53136
-0.776061	-1.5325
-0.777653	-1.5343
-0.778141	-1.53601
-0.77896	-1.5379
-0.779314	-1.53945
-0.779863	-1.54086
-0.780215	-1.54231
-0.780726	-1.54355
-0.781019	-1.54503
-0.78172	-1.54619
-0.782501	-1.54727
-0.783189	-1.54908
-0.784006	-1.55071
-0.784518	-1.55241
-0.785033	-1.55398
-0.785616	-1.55535
-0.786147	-1.55685
-0.786686	-1.55765
-0.787472	-1.55844
-0.788712	-1.55891
-0.789995	-1.55956
-0.79116	-1.56031
-0.79208	-1.56004
-0.793886	-1.55989
-0.795627	-1.55971
-0.797302	-1.55939
-0.798856	-1.55989
-0.800621	-1.56059
-0.801954	-1.56041
-0.80345	-1.56015
-0.805004	-1.55989
-0.806942	-1.55968
-0.809087	-1.55931
-0.810778	-1.55843
-0.812303	-1.5578
-0.813857	-1.55706
-0.815322	-1.55628
-0.816737	-1.55544
-0.817782	-1.5549
-0.819166	-1.55408
-0.820212	-1.55337
-0.821058	-1.55291
-0.821949	-1.55279
-0.822762	-1.55369
-0.823397	-1.5545
-0.82349	-1.55581
-0.822894	-1.5577
-0.822237	-1.55949
-0.821066	-1.56146
-0.819954	-1.56288
-0.819052	-1.56416
-0.817942	-1.5654
-0.816906	-1.56763
-0.815242	-1.57027
-0.813896	-1.57204
-0.811979	-1.57357
-0.810236	-1.57499
-0.809008	-1.57601
-0.807186	-1.57714
-0.804623	-1.57759
-0.80226	-1.57811
-0.799698	-1.5788
-0.797364	-1.57928
-0.795417	-1.58038
-0.793511	-1.58122
-0.791775	-1.58209
-0.790128	-1.5829
-0.788666	-1.58374
-0.787507	-1.58456
-0.78566	-1.58516
-0.78439	-1.58695
-0.78322	-1.58862
-0.782443	-1.58975
-0.781399	-1.59085
-0.779798	-1.59169
-0.778702	-1.59325
-0.777679	-1.59482
-0.776653	-1.596
-0.775471	-1.5971
-0.774279	-1.59834
-0.77231	-1.59999
-0.770681	-1.60175
-0.768982	-1.60342
-0.767022	-1.60487
-0.764988	-1.60642
-0.763003	-1.6077
-0.760654	-1.60892
-0.75928	-1.60968
-0.757902	-1.61038
-0.756827	-1.61159
-0.755837	-1.6128
-0.755246	-1.61374
-0.754592	-1.61472
-0.753798	-1.61615
-0.752269	-1.61728
-0.750168	-1.61843
-0.747862	-1.61934
-0.745521	-1.6203
-0.742915	-1.62183
-0.740877	-1.62315
-0.739053	-1.62422
-0.737664	-1.62605
-0.736238	-1.62777
-0.734891	-1.6294
-0.732686	-1.63126
-0.730706	-1.63302
-0.729239	-1.63477
-0.728111	-1.63674
-0.726423	-1.63912
-0.72487	-1.64066
-0.724098	-1.64136
-0.723241	-1.64207
-0.722736	-1.64321
-0.722173	-1.64428
-0.720449	-1.64468
-0.718723	-1.64605
-0.716871	-1.64732
-0.714749	-1.64859
-0.712412	-1.6497
-0.710165	-1.65031
-0.708018	-1.6509
-0.705538	-1.65199
-0.703412	-1.65317
-0.701452	-1.65427
-0.700273	-1.65497
-0.699266	-1.655
-0.697987	-1.65504
-0.696574	-1.65412
-0.695031	-1.65301
-0.69293	-1.65251
-0.690819	-1.65199
-0.689771	-1.65127
-0.688772	-1.65052
-0.687782	-1.64975
-0.686965	-1.64894
-0.686141	-1.64745
-0.68533	-1.646
-0.685075	-1.64408
-0.684581	-1.64226
-0.683685	-1.64046
-0.68333	-1.63884
-0.683248	-1.63747
-0.683029	-1.63633
-0.682227	-1.63489
-0.681465	-1.63342
-0.680926	-1.632
-0.680194	-1.63063
-0.679836	-1.62944
-0.67966	-1.6278
-0.679567	-1.62628
-0.679939	-1.6247
-0.680493	-1.62299
-0.68087	-1.62143
-0.681163	-1.61983
-0.681646	-1.61816
-0.681879	-1.61673
-0.681974	-1.61531
-0.682039	-1.61377
-0.68206	-1.61218
-0.681945	-1.61064
-0.681008	-1.60911
-0.67997	-1.60743
-0.678553	-1.60531
-0.677722	-1.60345
-0.677165	-1.602
-0.676384	-1.60057
-0.675717	-1.59906
-0.674573	-1.59773
-0.673517	-1.59638
-0.672182	-1.59417
-0.670945	-1.59263
-0.669719	-1.59167
-0.668945	-1.59058
-0.668743	-1.58941
-0.668237	-1.58792
-0.667546	-1.5862
-0.667411	-1.58432
-0.668192	-1.58241
-0.668856	-1.58074
-0.669925	-1.57914
-0.671061	-1.57748
-0.672164	-1.5759
-0.673272	-1.57443
-0.674748	-1.57221
-0.676488	-1.57035
-0.677717	-1.56882
-0.679292	-1.56733
-0.680214	-1.56606
-0.681032	-1.56494
-0.681629	-1.56353
-0.682344	-1.56216
-0.681998	-1.55994
-0.681611	-1.55788
-0.681076	-1.55542
-0.68149	-1.55369
-0.681448	-1.55209
-0.68139	-1.55042
-0.681508	-1.54882
-0.681085	-1.54724
-0.680617	-1.54564
-0.680239	-1.54447
-0.679872	-1.54331
-0.679514	-1.54136
-0.679034	-1.54013
-0.67832	-1.53917
-0.677577	-1.53829
-0.676315	-1.53756
-0.675868	-1.5371
-0.675363	-1.53654
-0.674511	-1.53648
-0.673135	-1.53652
-0.671786	-1.53651
-0.670619	-1.53642
-0.66928	-1.53626
-0.66775	-1.53678
-0.666217	-1.53732
-0.664754	-1.53785
-0.663222	-1.53935
-0.662291	-1.54082
-0.661407	-1.54226
-0.660195	-1.54352
-0.659278	-1.54578
-0.658458	-1.54788
-0.657586	-1.55025
-0.656677	-1.55254
-0.655633	-1.5545
-0.654834	-1.55571
-0.654016	-1.55746
-0.653254	-1.55925
-0.65269	-1.5611
-0.65248	-1.56304
-0.652496	-1.56494
-0.652667	-1.56605
-0.652907	-1.56719
-0.652398	-1.56799
-0.652061	-1.56868
-0.651462	-1.56891
-0.650668	-1.56909
-0.649785	-1.56921
-0.647868	-1.56957
-0.645515	-1.56928
-0.643445	-1.56907
-0.641245	-1.56858
-0.63966	-1.56866
-0.63836	-1.5693
-0.636597	-1.56974
-0.635038	-1.57011
-0.633219	-1.57017
-0.631343	-1.57031
-0.629553	-1.57059
-0.628065	-1.5708
-0.626189	-1.57135
-0.62439	-1.57188
-0.622623	-1.57234
-0.620548	-1.57308
-0.618448	-1.57412
-0.616111	-1.5747
-0.613918	-1.57539
-0.611563	-1.57671
-0.610576	-1.57774
-0.609879	-1.57913
-0.609411	-1.58047
-0.608222	-1.58127
-0.606869	-1.58236
-0.60567	-1.58319
-0.60469	-1.58423
-0.604148	-1.58555
-0.60316	-1.58666
-0.602142	-1.58781
-0.601167	-1.58916
-0.599957	-1.59104
-0.598581	-1.59313
-0.597135	-1.59532
-0.595843	-1.59723
-0.594436	-1.59888
-0.593404	-1.60048
-0.592898	-1.60172
-0.592225	-1.60332
-0.591597	-1.60483
-0.591978	-1.60745
-0.592703	-1.61009
-0.593341	-1.61261
-0.594124	-1.61554
-0.595784	-1.61741
-0.597757	-1.61958
-0.599426	-1.62163
-0.600908	-1.6236
-0.602054	-1.62509
-0.603573	-1.62652
-0.604238	-1.62793
-0.604586	-1.62977
-0.604816	-1.63113
-0.604853	-1.63243
-0.60501	-1.63386
-0.605295	-1.63526
-0.606278	-1.63651
-0.607545	-1.63803
-0.608212	-1.63942
-0.608166	-1.64096
-0.608275	-1.6427
-0.608268	-1.64444
-0.608702	-1.64645
-0.609367	-1.64908
-0.610036	-1.65143
-0.611256	-1.65399
-0.612523	-1.65733
-0.61339	-1.66035
-0.614248	-1.66312
-0.614656	-1.66562
-0.615418	-1.66782
-0.6165	-1.67016
-0.618029	-1.67287
-0.618712	-1.67527
-0.620058	-1.67801
-0.621242	-1.68051
-0.623044	-1.68221
-0.624875	-1.68376
-0.62653	-1.68528
-0.628433	-1.68673
-0.630004	-1.68826
-0.630946	-1.68937
-0.631868	-1.6904
-0.632691	-1.69099
-0.632806	-1.69145
-0.633668	-1.69114
-0.634645	-1.69072
-0.635865	-1.6903
-0.637178	-1.6895
-0.637923	-1.68859
-0.638523	-1.68728
-0.638699	-1.68557
-0.639004	-1.68308
-0.639303	-1.6805
-0.640154	-1.67788
-0.640908	-1.67612
-0.641434	-1.67431
-0.642286	-1.67176
-0.643246	-1.6695
-0.64416	-1.66738
-0.64513	-1.66467
-0.645356	-1.66254
-0.645502	-1.66077
-0.645705	-1.65918
-0.646167	-1.65826
-0.647254	-1.65684
-0.648281	-1.65528
-0.649299	-1.65378
-0.649633	-1.65235
-0.649712	-1.65059
-0.649921	-1.64853
-0.650128	-1.64659
-0.650952	-1.64515
-0.65159	-1.6433
-0.652248	-1.64151
-0.652734	-1.64003
-0.65366	-1.63928
-0.654581	-1.63843
-0.65492	-1.63734
-0.655921	-1.63645
-0.657402	-1.63532
-0.658715	-1.63421
-0.660278	-1.63316
-0.662008	-1.633
-0.663451	-1.63274
-0.664764	-1.63249
-0.666125	-1.63194
-0.667638	-1.63138
-0.669215	-1.63069
-0.670366	-1.62978
-0.671346	-1.62858
-0.672166	-1.62741
-0.672736	-1.62671
-0.67331	-1.62556
-0.674168	-1.62436
-0.674942	-1.62368
-0.674869	-1.62347
-0.674663	-1.62309
-0.67458	-1.62268
-0.674229	-1.6221
-0.673486	-1.62111
-0.672373	-1.61972
-0.671286	-1.61833
-0.669981	-1.61647
-0.668646	-1.61486
-0.667426	-1.6129
-0.666271	-1.61059
-0.665125	-1.60808
-0.664317	-1.6057
-0.66355	-1.60342
-0.662835	-1.60118
-0.661678	-1.5997
-0.66065	-1.59845
-0.659626	-1.59714
-0.658724	-1.596
-0.657759	-1.59475
-0.656692	-1.59343
-0.655855	-1.59212
-0.655159	-1.59105
-0.654435	-1.58988
-0.653712	-1.58862
-0.652806	-1.58724
-0.652306	-1.58521
-0.651273	-1.58391
-0.650129	-1.58264
-0.649536	-1.5811
-0.649896	-1.57964
-0.650564	-1.57773
-0.651965	-1.5759
-0.654349	-1.57409
-0.656843	-1.57248
-0.659614	-1.57162
-0.66258	-1.57053
-0.66488	-1.56953
-0.666798	-1.56879
-0.66864	-1.56807
-0.67016	-1.56747
-0.671754	-1.56667
-0.673159	-1.56594
-0.674732	-1.56535
-0.676195	-1.56436
-0.67801	-1.56331
-0.680374	-1.56214
-0.682989	-1.56128
-0.684754	-1.56055
-0.686596	-1.56017
-0.688233	-1.55998
-0.689937	-1.55974
-0.691593	-1.55908
-0.693669	-1.55833
-0.695442	-1.55784
-0.696723	-1.5572
-0.698356	-1.55693
-0.701005	-1.55668
-0.703817	-1.55585
-0.706314	-1.5551
-0.708144	-1.55443
-0.709863	-1.55402
-0.711583	-1.55341
-0.713405	-1.55286
-0.714303	-1.55197
-0.715031	-1.55105
-0.715811	-1.54973
-0.716364	-1.54832
-0.716617	-1.54664
-0.717177	-1.54482
-0.717612	-1.54323
-0.7182	-1.54154
-0.717947	-1.541
-0.71763	-1.54029
-0.717426	-1.53891
-0.717361	-1.53722
-0.717006	-1.53572
-0.716502	-1.53423
-0.715726	-1.5331
-0.714726	-1.53163
-0.713206	-1.53007
-0.711684	-1.52855
-0.710033	-1.52696
-0.707965	-1.52529
-0.706511	-1.52412
-0.705224	-1.52353
-0.703959	-1.52284
-0.702819	-1.52188
-0.702058	-1.52139
-0.699955	-1.5217
-0.698575	-1.52246
-0.697187	-1.52325
-0.695874	-1.52405
-0.694677	-1.52466
-0.693744	-1.52481
-0.692753	-1.52498
-0.692992	-1.52533
-0.693668	-1.52632
-0.694856	-1.52764
-0.695855	-1.52911
-0.696459	-1.53107
-0.696173	-1.53288
-0.695731	-1.53472
-0.695576	-1.53691
-0.694794	-1.5386
-0.694276	-1.54032
-0.694043	-1.54222
-0.693696	-1.54424
-0.693495	-1.54687
-0.692906	-1.54958
-0.69238	-1.55178
-0.69208	-1.55345
-0.691624	-1.55619
-0.69127	-1.55932
-0.690324	-1.56271
-0.689585	-1.56591
-0.688869	-1.56872
-0.68824	-1.57141
-0.687698	-1.57391
-0.687211	-1.57615
-0.686831	-1.57737
-0.686694	-1.57869
-0.68657	-1.58012
-0.686122	-1.58222
-0.685984	-1.58429
-0.68603	-1.58632
-0.685573	-1.58857
-0.684971	-1.59063
-0.684426	-1.59254
-0.684903	-1.59433
-0.685696	-1.59639
-0.685951	-1.59878
-0.685411	-1.60164
-0.68514	-1.60409
-0.685096	-1.60628
-0.68489	-1.60842
-0.684868	-1.61014
-0.683988	-1.61207
-0.683234	-1.61382
-0.682907	-1.61621
-0.68172	-1.61857
-0.680854	-1.62081
-0.680036	-1.62298
-0.678986	-1.62503
-0.677849	-1.62732
-0.676941	-1.62945
-0.675928	-1.63108
-0.675195	-1.63388
-0.674542	-1.6365
-0.673773	-1.63828
-0.672989	-1.63965
-0.673138	-1.641
-0.673245	-1.64213
-0.673245	-1.64354
-0.673347	-1.64503
-0.672765	-1.64712
-0.672086	-1.64925
-0.671989	-1.65081
-0.671816	-1.65196
-0.671689	-1.65294
-0.671719	-1.65468
-0.671204	-1.65625
-0.670402	-1.65787
-0.669756	-1.65927
-0.668618	-1.6614
-0.667403	-1.66365
-0.666877	-1.66551
-0.666483	-1.667
-0.666006	-1.66818
-0.665043	-1.66934
-0.664325	-1.67032
-0.664134	-1.67149
-0.663892	-1.67204
-0.663284	-1.67365
-0.662829	-1.67532
-0.662585	-1.67561
-0.662401	-1.67563
-0.66218	-1.67578
-0.661797	-1.67573
-0.66062	-1.67547
-0.659745	-1.67511
-0.658485	-1.67479
-0.657426	-1.67417
-0.656	-1.67352
-0.655433	-1.67296
-0.655029	-1.67234
-0.654826	-1.67213
-0.654259	-1.67188
-0.653535	-1.67159
-0.652685	-1.67092
-0.651447	-1.6715
-0.649852	-1.67305
-0.649164	-1.67442
-0.648577	-1.67648
-0.648254	-1.67842
-0.647722	-1.67992
-0.647187	-1.6809
-0.646641	-1.68201
-0.646629	-1.68359
-0.646153	-1.68532
-0.64536	-1.68695
-0.644255	-1.68819
-0.642912	-1.68963
-0.641496	-1.69091
-0.639951	-1.69194
-0.638109	-1.69294
-0.636206	-1.69423
-0.634356	-1.6949
-0.633087	-1.69507
-0.631718	-1.69552
-0.630297	-1.69599
-0.628828	-1.6961
-0.627019	-1.69652
-0.62543	-1.69699
-0.623981	-1.69759
-0.62259	-1.69821
-0.62129	-1.69887
-0.62	-1.69953
-0.618978	-1.70045
-0.617723	-1.70075
-0.616342	-1.70037
-0.614865	-1.69993
-0.613359	-1.69948
-0.612025	-1.69911
-0.610385	-1.69892
-0.608456	-1.69862
-0.607289	-1.6977
-0.606242	-1.6972
-0.605732	-1.69667
-0.604534	-1.6956
-0.603326	-1.69485
-0.602616	-1.69372
-0.60135	-1.69175
-0.600314	-1.68927
-0.5989	-1.68701
-0.597428	-1.68512
-0.595951	-1.68318
-0.594508	-1.68138
-0.593384	-1.67996
-0.59167	-1.67897
-0.58982	-1.67807
-0.588113	-1.67702
-0.586243	-1.6762
-0.584812	-1.67485
-0.583007	-1.67367
-0.581404	-1.67296
-0.579523	-1.67262
-0.577766	-1.67222
-0.576069	-1.67194
-0.574789	-1.67171
-0.574041	-1.67128
-0.573463	-1.67149
-0.572962	-1.67074
-0.572276	-1.67083
-0.57174	-1.67113
-0.571053	-1.67152
-0.569902	-1.67214
-0.568433	-1.6721
-0.567883	-1.67226
-0.567521	-1.67253
-0.567546	-1.67292
-0.567565	-1.67353
-0.567765	-1.67408
-0.568208	-1.67509
-0.568734	-1.67623
-0.569271	-1.67734
-0.569878	-1.67856
-0.570528	-1.67985
-0.571197	-1.68125
-0.571492	-1.6826
-0.571589	-1.68363
-0.572063	-1.68504
-0.572171	-1.6866
-0.57229	-1.688
-0.572348	-1.68935
-0.572993	-1.69025
-0.573842	-1.69139
-0.573876	-1.69233
-0.57388	-1.69342
-0.573949	-1.69446
-0.574009	-1.69559
-0.574081	-1.69725
-0.57401	-1.69911
-0.573724	-1.70001
-0.573514	-1.70118
-0.573283	-1.70276
-0.573205	-1.70418
-0.573573	-1.70583
-0.57376	-1.7068
-0.573904	-1.70788
-0.574126	-1.70875
-0.574231	-1.71103
-0.573528	-1.71304
-0.573317	-1.71441
-0.572815	-1.71584
-0.573014	-1.71782
-0.572916	-1.72054
-0.573165	-1.72328
-0.573307	-1.72577
-0.573669	-1.72845
-0.574239	-1.7312
-0.57514	-1.7337
-0.57599	-1.73695
-0.576973	-1.74018
-0.577738	-1.74335
-0.578373	-1.74615
-0.578983	-1.74867
-0.579438	-1.75138
-0.579863	-1.75386
-0.580245	-1.75627
-0.580605	-1.75854
-0.58123	-1.76027
-0.581855	-1.76197
-0.582995	-1.76324
-0.584131	-1.76466
-0.585234	-1.76611
-0.586212	-1.76752
-0.586846	-1.76906
-0.587572	-1.77049
-0.588022	-1.77237
-0.588926	-1.77443
-0.589538	-1.7769
-0.590366	-1.77853
-0.591313	-1.78017
-0.592297	-1.7819
-0.593318	-1.78367
-0.594857	-1.78523
-0.596267	-1.78667
-0.597442	-1.78783
-0.598885	-1.78879
-0.600736	-1.78974
-0.60258	-1.79081
-0.604849	-1.79298
-0.606911	-1.79493
-0.608763	-1.79674
-0.610383	-1.79818
-0.611923	-1.79967
-0.613357	-1.8011
-0.614982	-1.80213
-0.616991	-1.80301
-0.618928	-1.80384
-0.620753	-1.8043
-0.622123	-1.80435
-0.622966	-1.80413
-0.624998	-1.80373
-0.627471	-1.80336
-0.630223	-1.80227
-0.632798	-1.80126
-0.635205	-1.80062
-0.637465	-1.79995
-0.639336	-1.79966
-0.641498	-1.79949
-0.644212	-1.7998
-0.646506	-1.80002
-0.649235	-1.80022
-0.652718	-1.80042
-0.655738	-1.80067
-0.657952	-1.80065
-0.660208	-1.80107
-0.662266	-1.80139
-0.664058	-1.802
-0.665854	-1.80259
-0.667305	-1.80311
-0.668679	-1.80393
-0.669909	-1.80424
-0.671562	-1.80434
-0.673605	-1.80434
-0.675527	-1.8046
-0.676751	-1.80525
-0.677935	-1.80559
-0.679415	-1.80595
-0.681688	-1.80685
-0.683756	-1.80749
-0.68599	-1.80784
-0.688071	-1.80823
-0.68957	-1.80846
-0.690876	-1.8092
-0.691684	-1.80906
-0.692799	-1.809
-0.694322	-1.8093
-0.695807	-1.80968
-0.697214	-1.8103
-0.699084	-1.81136
-0.700848	-1.81209
-0.702854	-1.81325
-0.704834	-1.81404
-0.706677	-1.81461
-0.708178	-1.81531
-0.709303	-1.81563
-0.710674	-1.81572
-0.71314	-1.81599
-0.715372	-1.81637
-0.717528	-1.81666
-0.719872	-1.8165
-0.722039	-1.81643
-0.723863	-1.81665
-0.725732	-1.81697
-0.727464	-1.81761
-0.729281	-1.81765
-0.731145	-1.81726
-0.732935	-1.81679
-0.735459	-1.81643
-0.738005	-1.81507
-0.740887	-1.81338
-0.743341	-1.81187
-0.745543	-1.81058
-0.747566	-1.80937
-0.749745	-1.80859
-0.751988	-1.80784
-0.754039	-1.80711
-0.755985	-1.8064
-0.757763	-1.80649
-0.759494	-1.80647
-0.760773	-1.80692
-0.76267	-1.80709
-0.764658	-1.80772
-0.76664	-1.80804
-0.768765	-1.80859
-0.770778	-1.80909
-0.772392	-1.80912
-0.774908	-1.8089
-0.777813	-1.80865
-0.781125	-1.80842
-0.784713	-1.80866
-0.787186	-1.80856
-0.789793	-1.80848
-0.791769	-1.80885
-0.793532	-1.80892
-0.795525	-1.80864
-0.79735	-1.80865
-0.799107	-1.80819
-0.801302	-1.80826
-0.803087	-1.80818
-0.804928	-1.80784
-0.806531	-1.80785
-0.80862	-1.80716
-0.811328	-1.80744
-0.814158	-1.80752
-0.816723	-1.80759
-0.819149	-1.80759
-0.820988	-1.80784
-0.822371	-1.8078
-0.823633	-1.80755
-0.824856	-1.80743
-0.826613	-1.80752
-0.828086	-1.80776
-0.829794	-1.80808
-0.831197	-1.80869
-0.832396	-1.8087
-0.833719	-1.80856
-0.834858	-1.80881
-0.836727	-1.8088
-0.8383	-1.80905
-0.839617	-1.80907
-0.840897	-1.80948
-0.842119	-1.81039
-0.843718	-1.81132
-0.845446	-1.81156
-0.84697	-1.81156
-0.848012	-1.81126
-0.848902	-1.81054
-0.84986	-1.80979
-0.850945	-1.80879
-0.852106	-1.808
-0.853414	-1.80726
-0.854913	-1.80718
-0.85666	-1.80775
-0.857927	-1.80782
-0.859837	-1.80762
-0.861721	-1.80744
-0.863853	-1.80708
-0.864619	-1.80755
-0.865642	-1.80824
-0.866893	-1.80915
-0.868574	-1.81
-0.870035	-1.81093
-0.871461	-1.81181
-0.872823	-1.813
-0.873545	-1.81413
-0.874224	-1.81524
-0.874973	-1.81706
-0.876439	-1.81924
-0.877929	-1.82094
-0.879394	-1.82255
-0.880768	-1.82424
-0.881831	-1.82541
-0.883045	-1.82655
-0.884295	-1.82769
-0.885684	-1.82907
-0.887434	-1.83086
-0.88964	-1.83241
-0.892538	-1.83396
-0.895534	-1.83549
-0.898513	-1.83721
-0.900274	-1.83886
-0.901973	-1.8405
-0.903651	-1.84187
-0.905154	-1.84328
-0.906065	-1.84424
-0.907058	-1.84568
-0.90861	-1.8475
-0.910366	-1.84881
-0.912549	-1.84947
-0.914379	-1.8504
-0.916027	-1.85152
-0.917618	-1.8526
-0.919031	-1.85307
-0.920565	-1.85258
-0.922097	-1.85225
-0.92368	-1.85186
-0.925616	-1.85162
-0.927354	-1.85113
-0.928683	-1.84989
-0.929984	-1.84868
-0.930463	-1.84651
-0.930933	-1.8443
-0.931676	-1.8419
-0.932612	-1.83956
-0.93348	-1.83725
-0.934116	-1.83452
-0.934314	-1.83139
-0.934585	-1.82816
-0.934595	-1.82521
-0.935096	-1.82285
-0.935178	-1.82103
-0.935399	-1.81963
-0.935159	-1.81792
-0.934863	-1.81673
-0.935116	-1.81582
-0.935267	-1.81415
-0.935397	-1.81249
-0.935728	-1.81097
-0.936023	-1.80945
-0.936469	-1.80791
-0.936944	-1.8063
-0.936896	-1.80447
-0.936981	-1.80318
-0.937106	-1.8016
-0.937743	-1.80004
-0.93848	-1.79843
-0.938631	-1.79694
-0.938728	-1.79548
-0.938142	-1.79444
-0.937892	-1.79332
-0.937653	-1.79292
-0.937292	-1.79242
-0.936317	-1.79186
-0.93537	-1.7911
-0.933463	-1.79044
-0.931645	-1.78928
-0.929922	-1.78816
-0.927533	-1.78591
-0.925278	-1.7836
-0.923241	-1.781
-0.921622	-1.7787
-0.920299	-1.77686
-0.91889	-1.77489
-0.917456	-1.77273
-0.916106	-1.77059
-0.915293	-1.76811
-0.914483	-1.76562
-0.913801	-1.76336
-0.912923	-1.76111
-0.912327	-1.75884
-0.911585	-1.75684
-0.910632	-1.75497
-0.90954	-1.75338
-0.90778	-1.75223
-0.906453	-1.75113
-0.9054	-1.75009
-0.904501	-1.74927
-0.903503	-1.7483
-0.902632	-1.74719
-0.901695	-1.74604
-0.900749	-1.74495
-0.899793	-1.74385
-0.899429	-1.74276
-0.898965	-1.74164
-0.898463	-1.74059
-0.897956	-1.73948
-0.897446	-1.73828
-0.897589	-1.73698
-0.897805	-1.73583
-0.897894	-1.73517
-0.898423	-1.73467
-0.899475	-1.73385
-0.900119	-1.73331
-0.900933	-1.73265
-0.902586	-1.7317
-0.904158	-1.73073
-0.905765	-1.72992
-0.907648	-1.7288
-0.909821	-1.72824
-0.911977	-1.72778
-0.913507	-1.72683
-0.914984	-1.7259
-0.916577	-1.72524
-0.918293	-1.72449
-0.920024	-1.72377
-0.921809	-1.72316
-0.923885	-1.72291
-0.925958	-1.72268
-0.928115	-1.72229
-0.930097	-1.72182
-0.931147	-1.72072
-0.931893	-1.72014
-0.932896	-1.71961
-0.934345	-1.71819
-0.934706	-1.71768
-0.935008	-1.71711
-0.935269	-1.71607
-0.935296	-1.71477
-0.934146	-1.71441
-0.932297	-1.71403
-0.930474	-1.71365
-0.928667	-1.71336
-0.926576	-1.71299
-0.924658	-1.7127
-0.922769	-1.71262
-0.921019	-1.71256
-0.918896	-1.71232
-0.916412	-1.71283
-0.914096	-1.71391
-0.911994	-1.71495
-0.909625	-1.71616
-0.907168	-1.71767
-0.905173	-1.71885
-0.903479	-1.72007
-0.901633	-1.72241
-0.899974	-1.7246
-0.898452	-1.72665
-0.896719	-1.72878
-0.895214	-1.73072
-0.893804	-1.7319
-0.892427	-1.73305
-0.890743	-1.73411
-0.888083	-1.73551
-0.885601	-1.73685
-0.882924	-1.73821
-0.880193	-1.73955
-0.877713	-1.74086
-0.875526	-1.74134
-0.873351	-1.74065
-0.871373	-1.73999
-0.869717	-1.73927
-0.867375	-1.73828
-0.86532	-1.73706
-0.863429	-1.73623
-0.861411	-1.73487
-0.859497	-1.73369
-0.857333	-1.73244
-0.855158	-1.73142
-0.853125	-1.73045
-0.851182	-1.72963
-0.848948	-1.72925
-0.847112	-1.72864
-0.845852	-1.72787
-0.844596	-1.72812
-0.843862	-1.72829
-0.843014	-1.72851
-0.841895	-1.7286
-0.840999	-1.72938
-0.840583	-1.73065
-0.839777	-1.73204
-0.839079	-1.7334
-0.837766	-1.73501
-0.836629	-1.73658
-0.835475	-1.73819
-0.834328	-1.73971
-0.832846	-1.74204
-0.832118	-1.7442
-0.831352	-1.74671
-0.830585	-1.74894
-0.829832	-1.75114
-0.829279	-1.75319
-0.828312	-1.7547
-0.828054	-1.75553
-0.827617	-1.75646
-0.827812	-1.75752
-0.828531	-1.75901
-0.829622	-1.76074
-0.830251	-1.76182
-0.830183	-1.76326
-0.830129	-1.7645
-0.830397	-1.76657
-0.830423	-1.76847
-0.831132	-1.77019
-0.831829	-1.77184
-0.832315	-1.77326
-0.832335	-1.77486
-0.832243	-1.77635
-0.832756	-1.77812
-0.833422	-1.77996
-0.834287	-1.78226
-0.835063	-1.78431
-0.836526	-1.78622
-0.838104	-1.78854
-0.839868	-1.79098
-0.841451	-1.7932
-0.842538	-1.79514
-0.842695	-1.79721
-0.842233	-1.79929
-0.841334	-1.80189
-0.840554	-1.80434
-0.839837	-1.80722
-0.839486	-1.81007
-0.838702	-1.81223
-0.838023	-1.8143
-0.837125	-1.81644
-0.836626	-1.81846
-0.835644	-1.82117
-0.834551	-1.82361
-0.833696	-1.82539
-0.833023	-1.82671
-0.832264	-1.82795
-0.831868	-1.82921
-0.832196	-1.8308
-0.832828	-1.83279
-0.833422	-1.83473
-0.835007	-1.837
-0.83639	-1.83905
-0.837376	-1.84062
-0.838477	-1.84223
-0.840911	-1.84318
-0.843027	-1.84357
-0.844726	-1.84417
-0.847068	-1.84495
-0.849118	-1.84585
-0.851008	-1.84661
-0.851856	-1.84752
-0.852732	-1.84843
-0.853456	-1.84943
-0.854594	-1.85009
-0.856883	-1.85038
-0.85923	-1.85045
-0.86138	-1.85037
-0.863726	-1.85035
-0.865952	-1.85039
-0.867928	-1.85009
-0.869622	-1.84967
-0.871375	-1.85013
-0.873013	-1.851
-0.874456	-1.85203
-0.876095	-1.85276
-0.878545	-1.85322
-0.880349	-1.8539
-0.881622	-1.85471
-0.883124	-1.85493
-0.88453	-1.85443
-0.885737	-1.85428
