0.00437767	0.00397906
0.00803561	0.00738432
0.0112844	0.010078
0.0135164	0.0128074
0.0161487	0.0146467
0.0183662	0.0159929
0.0198462	0.0168946
0.0210036	0.0179633
0.0218983	0.0186803
0.0220729	0.0194667
0.0220514	0.0200947
0.0215271	0.0206555
0.0209904	0.021144
0.0198493	0.0217428
0.018262	0.0222103
0.0162626	0.0229706
0.0135791	0.0236455
0.0110183	0.0242533
0.00818765	0.0245465
0.00479933	0.0248863
0.00133508	0.0249566
-0.00197424	0.0251834
-0.00412053	0.0254005
-0.00559979	0.0255221
-0.00653901	0.0255943
-0.0069025	0.0256571
-0.00646933	0.0257119
-0.00641103	0.0259089
-0.00562244	0.0262017
-0.0043213	0.0266965
-0.00167368	0.0267699
0.00135199	0.027001
0.0034908	0.0269698
0.00547708	0.0270426
0.00688662	0.0270779
0.00739632	0.0274914
0.00727313	0.0277277
0.00751377	0.0280816
0.00744824	0.028298
0.00747364	0.0284724
0.00727586	0.0285505
0.00636099	0.0286298
0.00491112	0.0283269
0.002833	0.0277629
-0.000273746	0.0275061
-0.0024238	0.027655
-0.00390801	0.0277435
-0.0049954	0.0278935
-0.00519853	0.0276707
-0.00534855	0.0274526
-0.00535234	0.0271205
-0.00515024	0.0264779
-0.00463374	0.0251608
-0.0041771	0.0236398
-0.00277508	0.0223739
-0.000295399	0.0207734
0.00207034	0.0190317
0.00356137	0.0171306
0.00475402	0.015613
0.00581864	0.0138454
0.00626053	0.0118688
0.00625921	0.0100206
0.00570551	0.00763016
0.00489012	0.0049824
0.00352191	0.00211784
0.00173145	-0.000669841
-0.000639722	-0.00246954
-0.00245887	-0.00376767
-0.00337417	-0.00480042
-0.0041619	-0.00549932
-0.00396446	-0.00600191
-0.00384681	-0.00655002
-0.00358027	-0.0070838
-0.00340942	-0.0076863
-0.00236504	-0.00814733
-0.00158167	-0.0088187
-0.000783858	-0.0094058
-7.14428e-06	-0.0100348
0.00136775	-0.0104584
0.00242633	-0.0106163
0.00361676	-0.0105111
0.00469896	-0.0102416
0.00569942	-0.00948154
0.00635718	-0.00841047
0.0070379	-0.00678012
0.00828533	-0.0045472
0.00933734	-0.00203557
0.00997516	0.00152991
0.0101017	0.0042207
0.010612	0.00584135
0.0107146	0.0067755
0.0104297	0.00712791
0.00971729	0.00794418
0.00791557	0.00844243
0.00545484	0.00901612
0.00273057	0.00813475
-0.00040211	0.00702845
-0.00298494	0.00597582
-0.00521316	0.00479941
-0.00705341	0.0034775
-0.00865689	0.00206936
-0.01016	0.000772234
-0.0116538	-0.00108184
-0.0137028	-0.00207594
-0.0161298	-0.00291898
-0.0183521	-0.00347955
-0.0207027	-0.00388953
-0.0232973	-0.00438115
-0.0252233	-0.00500852
-0.0262679	-0.00560798
-0.0269965	-0.00649693
-0.0284308	-0.00759485
-0.0297135	-0.00887645
-0.0307326	-0.0100604
-0.0313513	-0.0111705
-0.0318435	-0.0126713
-0.0326865	-0.0138993
-0.0331766	-0.0152597
-0.0332208	-0.017053
-0.0334832	-0.018438
-0.0341511	-0.0200264
-0.0346056	-0.0214696
-0.0348787	-0.022953
-0.0349793	-0.0245072
-0.0348884	-0.0260408
-0.0340217	-0.0277005
-0.0328585	-0.0295682
-0.0313677	-0.0312192
-0.0299734	-0.0327091
-0.0286323	-0.0340885
-0.0274475	-0.0350556
-0.0262058	-0.0355837
-0.0254365	-0.0358368
-0.0245752	-0.0358741
-0.0234809	-0.0356597
-0.0227273	-0.0347216
-0.0211633	-0.0329837
-0.0196952	-0.031965
-0.018069	-0.0304163
-0.0167513	-0.0288056
-0.0156214	-0.0272108
-0.0139394	-0.0255031
-0.0118573	-0.0241069
-0.0100677	-0.0228886
-0.00843497	-0.0217493
-0.00702035	-0.0207846
-0.00529923	-0.0199084
-0.00382386	-0.0189313
-0.00252077	-0.0179462
-0.00164461	-0.0174898
-0.00105664	-0.0169282
-7.96522e-05	-0.0170672
0.000732102	-0.0172017
0.00169432	-0.0174434
0.00274419	-0.0169331
0.00396338	-0.015543
0.00537882	-0.0140463
0.00690085	-0.0120779
0.00826073	-0.00978882
0.0100139	-0.00785937
0.0115239	-0.00556345
0.0129605	-0.00238078
0.0143972	0.00109353
0.0150686	0.00333548
0.015165	0.00473949
0.0151345	0.00485523
0.0143069	0.00453769
0.0125923	0.00377453
0.00989642	0.00231675
0.00679935	0.000926588
0.00311903	-0.000801374
-0.000410044	-0.00198966
-0.00385202	-0.0027924
-0.00715911	-0.00346304
-0.0103643	-0.00449678
-0.013716	-0.00560735
-0.017055	-0.00684276
-0.0205676	-0.00765872
-0.0237061	-0.008102
-0.0264095	-0.00847613
-0.0297952	-0.00908981
-0.0325464	-0.00941844
-0.0347672	-0.0096354
-0.0367902	-0.0100183
-0.0370003	-0.0108498
-0.0372178	-0.0120077
-0.0372492	-0.013522
-0.0370376	-0.0154647
-0.0367199	-0.0181148
-0.0361386	-0.021112
-0.0353916	-0.024096
-0.0346106	-0.0276763
-0.0336445	-0.0312812
-0.0328436	-0.0342787
-0.0313709	-0.0363717
-0.0296411	-0.0381602
-0.0281899	-0.0394133
-0.0267019	-0.0406356
-0.0257314	-0.0409646
-0.0249372	-0.04133
-0.0248887	-0.0414453
-0.0248777	-0.040739
-0.0247761	-0.0395482
-0.0244824	-0.0372557
-0.0240695	-0.0344721
-0.0237125	-0.0312718
-0.0234378	-0.0277448
-0.0232983	-0.0240332
-0.0231964	-0.0208957
-0.0229832	-0.018457
-0.0231741	-0.0162034
-0.0237191	-0.0142711
-0.0238134	-0.0129753
-0.0239156	-0.0114282
-0.0244821	-0.00997906
-0.0250326	-0.00839078
-0.0259026	-0.00675107
-0.0275028	-0.00501652
-0.0292443	-0.00316355
-0.0305256	-0.00169353
-0.0309364	-0.00117253
-0.0309924	-0.00102077
-0.0308199	-0.00120494
-0.0300328	-0.00214509
-0.0288994	-0.00397254
-0.0281406	-0.00593799
-0.0277282	-0.00808184
-0.0277585	-0.0108438
-0.0282193	-0.0138273
-0.0290851	-0.0169459
-0.0295672	-0.0201142
-0.0296994	-0.0236437
-0.0295199	-0.0274412
-0.0295381	-0.0317382
-0.0295442	-0.0350458
-0.0295224	-0.0370445
-0.0289498	-0.0381455
-0.0283503	-0.0395995
-0.0281	-0.0401545
-0.0283322	-0.0398274
-0.0290553	-0.0383396
-0.0298737	-0.0366031
-0.0308308	-0.0347073
-0.0319164	-0.0325968
-0.033215	-0.0306283
-0.034536	-0.028344
-0.0351521	-0.0269757
-0.0353169	-0.0266542
-0.0341219	-0.0264831
-0.0330818	-0.0270017
-0.0316042	-0.0281381
-0.0296406	-0.0293764
-0.0277071	-0.0305026
-0.0267507	-0.0310805
-0.0261631	-0.0312577
-0.0265591	-0.0306303
-0.0274611	-0.0289768
-0.0291796	-0.0262305
-0.0299016	-0.0247956
-0.0301849	-0.024361
-0.0296552	-0.0239036
-0.0288857	-0.023215
-0.028815	-0.0234189
-0.0294531	-0.0238273
-0.0302132	-0.0249312
-0.0308804	-0.0266708
-0.0311992	-0.0293929
-0.0319892	-0.0315893
-0.0329181	-0.0338646
-0.0339033	-0.0361516
-0.0340857	-0.0379078
-0.0344382	-0.0395583
-0.0347931	-0.0405399
-0.0353211	-0.0414202
-0.0364752	-0.04252
-0.0378931	-0.0437064
-0.0394494	-0.0452675
-0.0414103	-0.0470252
-0.0436144	-0.0486173
-0.0453487	-0.050675
-0.0476166	-0.0525636
-0.0495638	-0.0544371
-0.0523616	-0.0566451
-0.0555201	-0.0593712
-0.0580675	-0.0611368
-0.0602874	-0.0624296
-0.0620998	-0.063762
-0.0638105	-0.0650403
-0.0657205	-0.0654932
-0.0673484	-0.0658554
-0.0687295	-0.0657827
-0.07026	-0.0651956
-0.0717954	-0.0644914
-0.0727133	-0.06298
-0.0746534	-0.0603579
-0.0769256	-0.0578953
-0.0790238	-0.055512
-0.0801421	-0.0539375
-0.0805824	-0.0528508
-0.0807336	-0.0518482
-0.0803169	-0.0504972
-0.0787393	-0.0501187
-0.0762608	-0.0496946
-0.0733251	-0.0492954
-0.0696989	-0.0483026
-0.0667986	-0.0472173
-0.0634763	-0.0462061
-0.0593045	-0.0460619
-0.0556563	-0.0459929
-0.0531341	-0.0463196
-0.0515336	-0.046532
-0.0509091	-0.0467746
-0.0504888	-0.0472953
-0.0509401	-0.0484421
-0.0514882	-0.0495594
-0.0525554	-0.0511428
-0.0536338	-0.0529788
-0.0550688	-0.0551718
-0.0569062	-0.0575004
-0.0589238	-0.0597888
-0.0610613	-0.0622532
-0.0630666	-0.0644049
-0.0652165	-0.0658978
-0.0676415	-0.066886
-0.0699727	-0.0674715
-0.0727454	-0.0678373
-0.0751938	-0.0688971
-0.0779304	-0.0697166
-0.0802417	-0.0702629
-0.0826985	-0.0707557
-0.0847214	-0.0711713
-0.0871754	-0.0715386
-0.0891972	-0.0718153
-0.0897488	-0.0726829
-0.0903421	-0.0738325
-0.0907048	-0.0751574
-0.0914075	-0.0765655
-0.0919527	-0.0779674
-0.0923086	-0.079419
-0.0925809	-0.0808609
-0.0924746	-0.0825497
-0.0921105	-0.0843044
-0.0915636	-0.0861546
-0.0913631	-0.0879206
-0.0911629	-0.0895127
-0.0909588	-0.0910957
-0.0908936	-0.0926524
-0.0908414	-0.0940859
-0.0899136	-0.0959294
-0.0889715	-0.0976652
-0.0881012	-0.0995852
-0.0873705	-0.101509
-0.0869294	-0.103525
-0.0872313	-0.105458
-0.0873221	-0.108454
-0.0874127	-0.111212
-0.0880948	-0.112721
-0.0892214	-0.114112
-0.0903765	-0.115082
-0.092216	-0.116115
-0.0937813	-0.117169
-0.0954789	-0.118165
-0.0973212	-0.119139
-0.0990763	-0.120405
-0.10066	-0.120995
-0.101916	-0.121908
-0.103326	-0.122784
-0.104575	-0.123589
-0.105789	-0.124154
-0.107561	-0.124608
-0.109417	-0.124995
-0.1113	-0.125014
-0.113367	-0.125509
-0.115491	-0.126078
-0.11793	-0.126571
-0.120169	-0.126912
-0.121958	-0.126997
-0.123887	-0.127444
-0.125904	-0.128789
-0.12814	-0.130087
-0.130992	-0.131399
-0.133569	-0.132545
-0.136298	-0.134127
-0.138276	-0.135751
-0.139735	-0.137286
-0.14052	-0.138788
-0.141311	-0.140349
-0.142101	-0.142004
-0.142751	-0.144301
-0.143435	-0.146659
-0.144763	-0.1487
-0.14579	-0.150381
-0.146619	-0.152348
-0.146235	-0.155404
-0.146173	-0.158238
-0.146176	-0.16056
-0.146117	-0.162289
-0.145562	-0.163794
-0.145456	-0.164892
-0.144651	-0.166373
-0.143762	-0.167609
-0.142857	-0.168735
-0.141946	-0.169811
-0.141307	-0.170928
-0.140817	-0.171507
-0.140117	-0.171833
-0.139436	-0.171762
-0.138213	-0.171341
-0.136564	-0.170471
-0.134764	-0.169899
-0.13267	-0.169092
-0.13074	-0.168218
-0.129175	-0.167532
-0.127626	-0.16682
-0.125971	-0.166194
-0.124368	-0.165767
-0.123504	-0.165903
-0.122526	-0.165923
-0.121835	-0.165625
-0.121023	-0.165307
-0.119682	-0.165341
-0.11803	-0.164979
-0.11643	-0.164634
-0.114952	-0.164128
-0.112879	-0.163029
-0.110943	-0.161781
-0.109315	-0.161147
-0.107646	-0.160935
-0.106653	-0.160357
-0.105555	-0.159675
-0.103859	-0.159181
-0.102243	-0.158034
-0.100794	-0.157309
-0.0993313	-0.156554
-0.0979102	-0.15589
-0.0964691	-0.155187
-0.0948769	-0.154346
-0.0939716	-0.153776
-0.0935791	-0.153215
-0.0931851	-0.151863
-0.0926937	-0.151123
-0.0919293	-0.15042
-0.0907111	-0.149458
-0.0896974	-0.148245
-0.0881774	-0.148104
-0.0866746	-0.148004
-0.0851369	-0.147901
-0.0839157	-0.147957
-0.0827326	-0.147985
-0.0815594	-0.14818
-0.0807863	-0.148048
-0.0793685	-0.147504
-0.0782876	-0.146638
-0.077183	-0.14575
-0.0758877	-0.144854
-0.074504	-0.143775
-0.0725941	-0.141644
-0.0705309	-0.139692
-0.0691472	-0.137783
-0.0677868	-0.135788
-0.0680743	-0.133843
-0.0690101	-0.131776
-0.0692979	-0.129433
-0.069966	-0.127269
-0.0706857	-0.125059
-0.0723415	-0.123356
-0.0738326	-0.121388
-0.0753152	-0.119343
-0.076596	-0.117492
-0.0769434	-0.116011
-0.0774229	-0.113907
-0.078274	-0.112364
-0.0793403	-0.110389
-0.0806209	-0.107664
-0.0817164	-0.105119
-0.0825705	-0.102345
-0.0836959	-0.099439
-0.0845383	-0.0970489
-0.0845313	-0.0944964
-0.0849535	-0.0914435
-0.0856377	-0.0884823
-0.086408	-0.085756
-0.0872296	-0.0832261
-0.0875881	-0.0815228
-0.0877298	-0.0803128
-0.0876969	-0.0795319
-0.0876977	-0.078607
-0.0875213	-0.0779932
-0.0872725	-0.0772105
-0.0878543	-0.0771804
-0.0886363	-0.0776824
-0.0892761	-0.0793584
-0.0897272	-0.0813449
-0.0896395	-0.083167
-0.0894379	-0.0855994
-0.088934	-0.0881784
-0.088896	-0.0904006
-0.088766	-0.092592
-0.0883874	-0.094638
-0.0878261	-0.0976185
-0.0870538	-0.100726
-0.0862492	-0.10342
-0.0852241	-0.105406
-0.0837854	-0.106813
-0.0826632	-0.108522
-0.0819015	-0.109963
-0.0812174	-0.111034
-0.0804053	-0.11266
-0.0799903	-0.114133
-0.0799399	-0.115417
-0.079502	-0.115431
-0.0789842	-0.11543
-0.0788471	-0.114893
-0.0794387	-0.11421
-0.0800174	-0.112906
-0.0815464	-0.111143
-0.0834421	-0.10972
-0.0854392	-0.108336
-0.0883007	-0.106902
-0.0913947	-0.106018
-0.0943856	-0.105182
-0.0971621	-0.104753
-0.099659	-0.104375
-0.102368	-0.103308
-0.104687	-0.102461
-0.106811	-0.101166
-0.108864	-0.100364
-0.111258	-0.099738
-0.113387	-0.0998617
-0.11554	-0.100045
-0.11783	-0.100262
-0.118901	-0.10069
-0.119384	-0.10109
-0.119878	-0.101085
-0.119767	-0.100748
-0.119686	-0.100322
-0.119366	-0.0997246
-0.118922	-0.0991163
-0.118404	-0.0983804
-0.117699	-0.0974951
-0.116923	-0.0968528
-0.115782	-0.0959692
-0.114419	-0.0949342
-0.113398	-0.0941531
-0.112216	-0.0934233
-0.111653	-0.0925546
-0.110822	-0.0913739
-0.109142	-0.0897576
-0.10768	-0.0886167
-0.106576	-0.0874766
-0.105887	-0.0862363
-0.105145	-0.085356
-0.104236	-0.0846534
-0.103541	-0.0847841
-0.102557	-0.0849229
-0.101474	-0.0854053
-0.0999898	-0.085767
-0.0980607	-0.0869342
-0.096226	-0.0881283
-0.0947206	-0.0891749
-0.0932755	-0.0902189
-0.0919861	-0.0913764
-0.0911449	-0.0930666
-0.0899213	-0.0948346
-0.089309	-0.0963948
-0.0887151	-0.098186
-0.087854	-0.10031
-0.0875505	-0.102857
-0.0871146	-0.106131
-0.0869177	-0.109282
-0.0863705	-0.111715
-0.0860352	-0.11313
-0.0854216	-0.114509
-0.0851308	-0.11532
-0.0844938	-0.115515
-0.0848431	-0.114684
-0.0857705	-0.112594
-0.0869192	-0.110246
-0.0886368	-0.108131
-0.090579	-0.106243
-0.0913118	-0.105082
-0.0922534	-0.104428
-0.0932923	-0.103924
-0.0946894	-0.103341
-0.0962942	-0.102174
-0.0977928	-0.101179
-0.0994455	-0.100016
-0.100791	-0.0992471
-0.101939	-0.0994455
-0.104074	-0.0994291
-0.106132	-0.0996113
-0.108891	-0.100502
-0.111801	-0.101075
-0.115106	-0.101793
-0.118739	-0.102781
-0.120796	-0.103828
-0.122414	-0.104902
-0.122678	-0.105843
-0.123357	-0.106735
-0.124691	-0.108857
-0.125704	-0.111118
-0.126603	-0.113743
-0.127288	-0.11632
-0.128728	-0.119698
-0.130101	-0.122951
-0.131441	-0.126025
-0.132943	-0.129207
-0.134351	-0.132191
-0.135434	-0.135019
-0.136269	-0.13749
-0.1374	-0.14008
-0.137901	-0.143031
-0.138323	-0.145958
-0.13875	-0.148313
-0.138253	-0.151142
-0.137856	-0.153569
-0.136812	-0.155956
-0.13672	-0.157916
-0.136684	-0.159689
-0.136587	-0.161289
-0.136487	-0.162742
-0.136484	-0.164346
-0.136539	-0.165861
-0.136716	-0.167295
-0.13638	-0.168836
-0.135895	-0.170208
-0.135369	-0.171453
-0.135278	-0.172047
-0.134963	-0.172801
-0.13468	-0.173553
-0.134504	-0.174057
-0.134626	-0.174458
-0.134746	-0.175463
-0.135094	-0.176487
-0.135292	-0.177068
-0.135441	-0.177677
-0.135397	-0.178396
-0.135343	-0.180001
-0.13543	-0.181528
-0.135497	-0.182883
-0.135353	-0.184243
-0.135127	-0.185162
-0.134664	-0.186148
-0.134405	-0.187118
-0.133857	-0.187842
-0.133625	-0.189057
-0.133753	-0.19036
-0.133907	-0.191678
-0.134021	-0.192738
-0.133876	-0.193381
-0.134204	-0.194084
-0.134822	-0.195487
-0.135033	-0.196829
-0.135283	-0.198184
-0.136133	-0.199392
-0.137089	-0.200803
-0.137991	-0.202083
-0.13871	-0.203471
-0.140035	-0.205604
-0.141204	-0.20767
-0.142096	-0.210073
-0.142975	-0.212323
-0.144112	-0.214545
-0.14483	-0.216877
-0.146354	-0.218558
-0.148032	-0.219998
-0.149578	-0.221345
-0.151498	-0.222622
-0.153159	-0.223956
-0.154293	-0.225034
-0.155306	-0.226267
-0.155507	-0.227059
-0.156008	-0.228184
-0.157118	-0.228933
-0.158803	-0.229768
-0.160352	-0.23018
-0.161962	-0.230485
-0.163461	-0.230943
-0.164974	-0.231034
-0.166928	-0.23056
-0.168982	-0.230134
-0.172014	-0.230033
-0.174793	-0.229794
-0.176703	-0.229911
-0.178668	-0.230178
-0.180544	-0.230323
-0.18236	-0.230408
-0.184151	-0.230055
-0.185328	-0.22919
-0.186926	-0.227989
-0.187737	-0.227253
-0.188391	-0.226372
-0.188868	-0.225416
-0.18954	-0.223615
-0.190341	-0.221741
-0.19117	-0.219919
-0.192041	-0.218559
-0.193181	-0.216933
-0.19477	-0.215225
-0.196205	-0.213501
-0.197454	-0.211765
-0.199034	-0.210038
-0.200257	-0.208197
-0.20141	-0.206429
-0.203137	-0.204829
-0.204637	-0.204443
-0.205784	-0.204153
-0.206478	-0.202439
-0.208178	-0.201984
-0.209321	-0.201215
-0.210243	-0.200562
-0.211022	-0.19973
-0.211024	-0.198639
-0.211221	-0.197015
-0.211628	-0.195559
-0.21197	-0.194133
-0.212413	-0.192684
-0.213082	-0.191295
-0.213586	-0.190091
-0.214079	-0.189118
-0.214252	-0.188078
-0.214379	-0.187025
-0.214327	-0.186409
-0.214384	-0.185331
-0.214531	-0.184438
-0.214876	-0.183479
-0.215654	-0.182721
-0.216355	-0.182113
-0.217072	-0.181592
-0.216725	-0.180566
-0.216562	-0.179412
-0.216612	-0.178467
-0.21655	-0.178157
-0.216394	-0.178
-0.215731	-0.177004
-0.215047	-0.176092
-0.214239	-0.175328
-0.213585	-0.174382
-0.212875	-0.173102
-0.21216	-0.171866
-0.211544	-0.169504
-0.21151	-0.167503
-0.211204	-0.165645
-0.210852	-0.163922
-0.21002	-0.162266
-0.209387	-0.160396
-0.209343	-0.158264
-0.209669	-0.156141
-0.209922	-0.15412
-0.210227	-0.152143
-0.210859	-0.150502
-0.211564	-0.148546
-0.211759	-0.14679
-0.211672	-0.145174
-0.211317	-0.14355
-0.210788	-0.141903
-0.209864	-0.140625
-0.209418	-0.138587
-0.208938	-0.13659
-0.208467	-0.13452
-0.20765	-0.132612
-0.206817	-0.13103
-0.205937	-0.129487
-0.204367	-0.127917
-0.202596	-0.126701
-0.200326	-0.125021
-0.197731	-0.123122
-0.195373	-0.121398
-0.192932	-0.119955
-0.190594	-0.118583
-0.188557	-0.117065
-0.186753	-0.115379
-0.18475	-0.113653
-0.182966	-0.112421
-0.181128	-0.111147
-0.179102	-0.109975
-0.177244	-0.109188
-0.175146	-0.10879
-0.172654	-0.109028
-0.170139	-0.10967
-0.1676	-0.11142
-0.165168	-0.113885
-0.163116	-0.11648
-0.160753	-0.119222
-0.158065	-0.121593
-0.155509	-0.12385
-0.152924	-0.126109
-0.150161	-0.128573
-0.147411	-0.130888
-0.144095	-0.132791
-0.141452	-0.134703
-0.139231	-0.136294
-0.137518	-0.13766
-0.136187	-0.138977
-0.13497	-0.14036
-0.134818	-0.141752
-0.134979	-0.143625
-0.135464	-0.145678
-0.136077	-0.14791
-0.136856	-0.149804
-0.13802	-0.151756
-0.139818	-0.15395
-0.141832	-0.155577
-0.144077	-0.156794
-0.146964	-0.157548
-0.149298	-0.158614
-0.152122	-0.159138
-0.155466	-0.159941
-0.158818	-0.161654
-0.162598	-0.163413
-0.166767	-0.16506
-0.170257	-0.166873
-0.173803	-0.168489
-0.176209	-0.169993
-0.178431	-0.171776
-0.179584	-0.173129
-0.180844	-0.174461
-0.182178	-0.176292
-0.182858	-0.178119
-0.18323	-0.179777
-0.183766	-0.181837
-0.184872	-0.183975
-0.185326	-0.185962
-0.185158	-0.188859
-0.184645	-0.191961
-0.183652	-0.195247
-0.182688	-0.198484
-0.181963	-0.202137
-0.180738	-0.205432
-0.179559	-0.20805
-0.178752	-0.210741
-0.178481	-0.213662
-0.178322	-0.215171
-0.177752	-0.216412
-0.177339	-0.21806
-0.176731	-0.218956
-0.176085	-0.219747
-0.175532	-0.22089
-0.175277	-0.222075
-0.175044	-0.223804
-0.174869	-0.225416
-0.174959	-0.227132
-0.175079	-0.228687
-0.175625	-0.230523
-0.176371	-0.231759
-0.177145	-0.232653
-0.177883	-0.23388
-0.179174	-0.23496
-0.180917	-0.23556
-0.183832	-0.236071
-0.186266	-0.235818
-0.18873	-0.235464
-0.19121	-0.235165
-0.193802	-0.234822
-0.196501	-0.23352
-0.198705	-0.232244
-0.201306	-0.230867
-0.203956	-0.22941
-0.206262	-0.228127
-0.208345	-0.227151
-0.210055	-0.226408
-0.211271	-0.225899
-0.212961	-0.225743
-0.214455	-0.225993
-0.216302	-0.225739
-0.218091	-0.225382
-0.219673	-0.225135
-0.221085	-0.224981
-0.222062	-0.224857
-0.223372	-0.224887
-0.224855	-0.225072
-0.226301	-0.22529
-0.227441	-0.225931
-0.228863	-0.226574
-0.230318	-0.227512
-0.232158	-0.228834
-0.233523	-0.229844
-0.234506	-0.231039
-0.235192	-0.232066
-0.236148	-0.23316
-0.2368	-0.234571
-0.237453	-0.235874
-0.237959	-0.23735
-0.237787	-0.239028
-0.23671	-0.240663
-0.235357	-0.242223
-0.234087	-0.24383
-0.232672	-0.245671
-0.231222	-0.246519
-0.229745	-0.247426
-0.227869	-0.248573
-0.225494	-0.249284
-0.223176	-0.249491
-0.220387	-0.24991
-0.217898	-0.250057
-0.215319	-0.250164
-0.2131	-0.250002
-0.210067	-0.249768
-0.20714	-0.249334
-0.204311	-0.249127
-0.201352	-0.248567
-0.198186	-0.247942
-0.19555	-0.247252
-0.193325	-0.246477
-0.191412	-0.245255
-0.189724	-0.243784
-0.188701	-0.243034
-0.187509	-0.241127
-0.186233	-0.239039
-0.184961	-0.236891
-0.183718	-0.234401
-0.182235	-0.231694
-0.181047	-0.22905
-0.180098	-0.22525
-0.179011	-0.221815
-0.178052	-0.218666
-0.177174	-0.215555
-0.175481	-0.212763
-0.173983	-0.210176
-0.172716	-0.207839
-0.170782	-0.205264
-0.170328	-0.203074
-0.170014	-0.200999
-0.170399	-0.198763
-0.17	-0.197199
-0.169719	-0.195434
-0.169351	-0.19375
-0.168861	-0.191989
-0.168634	-0.190166
-0.16844	-0.188591
-0.168117	-0.185774
-0.167418	-0.184037
-0.167125	-0.182082
-0.166091	-0.180568
-0.165223	-0.179227
-0.165065	-0.178302
-0.165013	-0.17697
-0.164637	-0.175118
-0.164097	-0.173155
-0.163895	-0.17193
-0.163769	-0.171384
-0.163791	-0.171181
-0.164112	-0.171244
-0.164963	-0.171662
-0.166024	-0.172618
-0.167402	-0.174095
-0.169186	-0.175198
-0.171177	-0.176345
-0.173454	-0.177519
-0.176267	-0.179444
-0.17896	-0.180738
-0.181433	-0.182222
-0.184021	-0.184113
-0.186473	-0.185811
-0.188806	-0.187798
-0.191565	-0.190069
-0.194635	-0.192856
-0.197436	-0.195225
-0.200636	-0.197604
-0.203396	-0.200722
-0.205495	-0.203546
-0.207272	-0.206448
-0.20892	-0.209402
-0.210583	-0.212528
-0.211501	-0.215917
-0.212035	-0.219554
-0.212327	-0.223112
-0.21247	-0.226696
-0.212358	-0.229937
-0.212328	-0.233367
-0.21288	-0.23568
-0.213236	-0.237241
-0.213548	-0.238761
-0.213982	-0.240262
-0.21431	-0.241276
-0.214216	-0.242264
-0.213711	-0.242779
-0.213308	-0.243122
-0.213313	-0.243323
-0.213198	-0.243368
-0.212233	-0.244078
-0.211092	-0.244559
-0.209775	-0.244858
-0.20789	-0.245911
-0.206161	-0.246863
-0.204649	-0.247693
-0.202917	-0.248093
-0.201105	-0.248155
-0.200343	-0.24791
-0.200212	-0.247857
-0.200417	-0.247182
-0.200729	-0.246087
-0.201423	-0.244476
-0.202449	-0.242751
-0.203633	-0.24068
-0.205428	-0.238241
-0.207136	-0.236336
-0.209139	-0.23519
-0.210923	-0.23388
-0.213114	-0.23269
-0.214506	-0.231551
-0.216251	-0.230292
-0.217541	-0.229644
-0.218611	-0.229387
-0.21954	-0.229349
-0.220303	-0.229538
-0.221159	-0.230145
-0.222429	-0.231786
-0.223527	-0.233195
-0.224443	-0.234359
-0.225406	-0.235309
-0.226565	-0.235868
-0.227852	-0.236336
-0.22928	-0.236698
-0.230842	-0.236979
-0.232887	-0.237193
-0.233973	-0.237524
-0.234871	-0.237868
-0.235085	-0.237975
-0.234673	-0.23788
-0.233813	-0.237158
-0.232526	-0.235293
-0.230627	-0.233516
-0.228834	-0.232016
-0.227194	-0.230395
-0.225839	-0.22973
-0.224703	-0.229406
-0.223431	-0.229913
-0.221992	-0.231272
-0.221074	-0.232541
-0.220496	-0.233441
-0.220161	-0.234499
-0.220478	-0.235435
-0.220842	-0.236455
-0.221387	-0.237863
-0.222358	-0.239651
-0.223822	-0.241426
-0.225515	-0.24323
-0.226709	-0.244629
-0.22831	-0.24577
-0.230189	-0.247808
-0.232167	-0.249921
-0.233003	-0.251968
-0.233131	-0.253668
-0.232641	-0.255484
-0.231792	-0.25695
-0.230462	-0.258727
-0.229968	-0.260028
-0.229949	-0.261627
-0.229645	-0.262017
-0.229256	-0.261617
-0.228447	-0.260097
-0.227972	-0.258766
-0.227217	-0.25777
-0.226792	-0.25683
-0.227106	-0.255653
-0.228145	-0.254976
-0.229772	-0.25439
-0.23249	-0.253991
-0.23328	-0.254098
-0.233069	-0.25423
-0.231958	-0.255419
-0.23004	-0.257009
-0.228553	-0.257898
-0.22749	-0.258866
-0.226646	-0.259914
-0.225702	-0.26126
-0.22532	-0.261683
-0.225371	-0.261306
-0.225233	-0.259896
-0.22539	-0.258742
-0.225663	-0.257618
-0.226693	-0.256753
-0.228481	-0.25579
-0.230833	-0.254838
-0.233621	-0.253972
-0.234411	-0.253652
-0.234124	-0.253967
-0.233337	-0.254856
-0.231539	-0.256266
-0.229169	-0.257653
-0.227255	-0.258615
-0.22621	-0.259752
-0.22606	-0.260504
-0.225701	-0.259656
-0.225876	-0.25939
-0.226709	-0.259361
-0.227884	-0.259959
-0.229879	-0.26095
-0.231919	-0.262086
-0.233765	-0.262919
-0.235299	-0.264212
-0.236415	-0.265006
-0.237819	-0.265385
-0.238923	-0.265249
-0.240014	-0.264802
-0.241156	-0.264497
-0.242062	-0.264986
-0.243068	-0.265033
-0.244068	-0.264238
-0.245762	-0.263147
-0.24744	-0.261787
-0.249048	-0.260263
-0.250752	-0.258416
-0.25133	-0.257492
-0.250745	-0.257357
-0.249199	-0.256921
-0.246867	-0.256721
-0.243516	-0.256407
-0.239607	-0.256219
-0.235385	-0.255538
-0.23082	-0.254824
-0.22865	-0.254112
-0.22721	-0.253913
-0.226765	-0.254133
-0.226348	-0.253886
-0.226223	-0.254824
-0.226529	-0.256625
-0.2273	-0.259156
-0.229257	-0.263077
-0.230454	-0.264419
-0.23128	-0.264419
-0.232686	-0.264497
-0.234281	-0.264198
-0.235598	-0.262902
-0.236122	-0.261776
-0.236608	-0.259879
-0.236437	-0.259392
-0.235643	-0.25914
-0.233813	-0.258701
-0.230959	-0.258165
-0.229747	-0.258956
-0.229381	-0.260142
-0.229631	-0.260135
-0.230268	-0.259692
-0.2321	-0.259754
-0.233011	-0.260825
-0.233263	-0.261346
-0.233273	-0.261368
-0.232869	-0.260796
-0.232121	-0.259656
-0.230814	-0.258382
-0.230821	-0.258148
-0.231578	-0.25847
-0.231385	-0.258973
-0.230645	-0.260209
-0.230458	-0.260073
-0.231162	-0.260978
-0.231378	-0.260389
-0.231841	-0.259001
-0.232131	-0.25911
-0.231656	-0.260177
-0.231346	-0.260656
-0.231025	-0.260107
-0.231855	-0.26033
-0.232674	-0.260268
-0.233609	-0.260295
-0.234857	-0.260118
-0.235888	-0.259823
-0.236251	-0.261079
-0.236124	-0.262091
-0.235882	-0.262172
-0.235124	-0.261896
-0.233835	-0.260944
-0.232107	-0.259933
-0.22981	-0.259276
-0.229007	-0.25927
-0.228445	-0.260004
-0.228145	-0.261758
-0.228135	-0.261935
-0.22877	-0.261227
-0.230364	-0.259341
-0.233197	-0.257517
-0.234619	-0.256774
-0.234764	-0.256897
-0.234603	-0.257796
-0.23405	-0.25899
-0.233201	-0.261
-0.232033	-0.262734
-0.231182	-0.263746
-0.230495	-0.263223
-0.22965	-0.261625
-0.228356	-0.259453
-0.228897	-0.259308
-0.230431	-0.259042
-0.233334	-0.258681
-0.235459	-0.259791
-0.236723	-0.261395
-0.236938	-0.261725
-0.236333	-0.261333
-0.235083	-0.260768
-0.233334	-0.260225
-0.231455	-0.259243
-0.228288	-0.258028
-0.22722	-0.257239
-0.227679	-0.257487
-0.22917	-0.258292
-0.231271	-0.259082
-0.232515	-0.260444
-0.233616	-0.260924
-0.234412	-0.261311
-0.235237	-0.261623
-0.236261	-0.261666
-0.238038	-0.262209
-0.239954	-0.26239
-0.241339	-0.262088
-0.24279	-0.261464
-0.243718	-0.261016
-0.245117	-0.260198
-0.246719	-0.258263
-0.246277	-0.258576
-0.244737	-0.260632
-0.243034	-0.26192
-0.241769	-0.262652
-0.240868	-0.262997
-0.240157	-0.263184
-0.239172	-0.262505
-0.237921	-0.261549
-0.236666	-0.2602
-0.23534	-0.258798
-0.233474	-0.258559
-0.231042	-0.259028
-0.229959	-0.259827
-0.2303	-0.261198
-0.230619	-0.260779
-0.23152	-0.259255
-0.231836	-0.259467
-0.231664	-0.260143
-0.231243	-0.260276
-0.231558	-0.259571
-0.231167	-0.259921
-0.230725	-0.261303
-0.230419	-0.261026
-0.229805	-0.259663
-0.23019	-0.260941
-0.230606	-0.261144
-0.231032	-0.260502
-0.231572	-0.259075
-0.231554	-0.258956
-0.231202	-0.259901
-0.23143	-0.261853
-0.23194	-0.263128
-0.232615	-0.264457
-0.233811	-0.265612
-0.235699	-0.267423
-0.237936	-0.269152
-0.240053	-0.271309
-0.242663	-0.273307
-0.246758	-0.275508
-0.25086	-0.277393
-0.255072	-0.278815
-0.259538	-0.279912
-0.264449	-0.280783
-0.267296	-0.281441
-0.268668	-0.282561
-0.268458	-0.283895
-0.267606	-0.285417
-0.266038	-0.287002
-0.264902	-0.288914
-0.262888	-0.290654
-0.26061	-0.292231
-0.258771	-0.293528
-0.258414	-0.29257
-0.257997	-0.290353
-0.25734	-0.287667
-0.25702	-0.284362
-0.257	-0.281375
-0.257788	-0.278218
-0.259068	-0.275135
-0.260639	-0.271939
-0.260955	-0.26973
-0.260361	-0.267264
-0.258937	-0.265144
-0.258407	-0.262425
-0.258503	-0.259992
-0.257979	-0.259152
-0.256581	-0.258653
-0.25461	-0.258352
-0.251716	-0.258652
-0.247386	-0.259977
-0.24259	-0.262406
-0.240538	-0.264639
-0.239432	-0.266549
-0.239322	-0.269087
-0.240195	-0.272218
-0.241569	-0.275503
-0.243437	-0.27879
-0.245598	-0.282036
-0.247736	-0.284852
-0.251106	-0.287961
-0.25515	-0.291283
-0.258448	-0.293078
-0.260307	-0.292937
-0.262294	-0.29255
-0.265158	-0.291479
-0.267458	-0.290343
-0.269125	-0.289332
-0.270961	-0.288267
-0.270926	-0.287435
-0.270184	-0.286409
-0.268537	-0.285002
-0.266212	-0.28255
-0.263077	-0.280035
-0.259249	-0.277862
-0.257144	-0.276988
-0.256415	-0.276828
-0.255629	-0.277054
-0.256462	-0.276751
-0.258508	-0.276266
-0.261493	-0.275882
-0.262545	-0.27603
-0.26234	-0.276211
-0.261117	-0.276908
-0.259038	-0.278127
-0.258241	-0.279333
-0.258152	-0.280862
-0.258457	-0.283118
-0.258754	-0.285841
-0.259618	-0.289005
-0.260932	-0.292346
-0.262254	-0.295294
-0.264383	-0.297452
-0.26584	-0.298868
-0.266977	-0.300118
-0.267301	-0.301023
-0.268006	-0.301959
-0.269023	-0.302771
-0.270038	-0.303994
-0.27109	-0.304934
-0.272186	-0.305989
-0.273439	-0.307367
-0.274401	-0.308922
-0.275093	-0.310329
-0.275835	-0.311648
-0.276787	-0.312856
-0.277514	-0.314047
-0.278381	-0.315212
-0.279644	-0.316448
-0.281128	-0.317671
-0.282884	-0.318814
-0.284152	-0.320002
-0.284265	-0.320611
-0.284448	-0.320698
-0.284608	-0.320145
-0.284402	-0.319
-0.283344	-0.317562
-0.283078	-0.315998
-0.283115	-0.3141
-0.28334	-0.311608
-0.283816	-0.3089
-0.284863	-0.306293
-0.28609	-0.303412
-0.28817	-0.300077
-0.290669	-0.296842
-0.29244	-0.294213
-0.293018	-0.291979
-0.293137	-0.290447
-0.293027	-0.28905
-0.293115	-0.288304
-0.293658	-0.287702
-0.293495	-0.287665
-0.292334	-0.28761
-0.290611	-0.288467
-0.28843	-0.289308
-0.287048	-0.289989
-0.286548	-0.290731
-0.286866	-0.291069
-0.287655	-0.291646
-0.289216	-0.292534
-0.290366	-0.293627
-0.290979	-0.29455
-0.291047	-0.295048
-0.290701	-0.295471
-0.289654	-0.296282
-0.288821	-0.29713
-0.289099	-0.298613
-0.289039	-0.300183
-0.288526	-0.302224
-0.287699	-0.304382
-0.287274	-0.306246
-0.286635	-0.307647
-0.286332	-0.309011
-0.286327	-0.310312
-0.287163	-0.311953
-0.288318	-0.314142
-0.289808	-0.316484
-0.290959	-0.318717
-0.29236	-0.320415
-0.293657	-0.321822
-0.295348	-0.323008
-0.297176	-0.323933
-0.299167	-0.324537
-0.301544	-0.324078
-0.30417	-0.324169
-0.306936	-0.324163
-0.309613	-0.324076
-0.313233	-0.323709
-0.316819	-0.323206
-0.320381	-0.322857
-0.323861	-0.322401
-0.326841	-0.322036
-0.330334	-0.321856
-0.33335	-0.321761
-0.335957	-0.321703
-0.338222	-0.321255
-0.341368	-0.320937
-0.343084	-0.320689
-0.344855	-0.320792
-0.347202	-0.32085
-0.349795	-0.320703
-0.35129	-0.320444
-0.352404	-0.320515
-0.354176	-0.320371
-0.355846	-0.320106
-0.357912	-0.320029
-0.359558	-0.319761
-0.36126	-0.31946
-0.362767	-0.319579
-0.364193	-0.319682
-0.365782	-0.319284
-0.367694	-0.318678
-0.369458	-0.31817
-0.370966	-0.31774
-0.372044	-0.316223
-0.373067	-0.314689
-0.37408	-0.313298
-0.375428	-0.311323
-0.376639	-0.309612
-0.376858	-0.307699
-0.377042	-0.305709
-0.377602	-0.303101
-0.378697	-0.301167
-0.380089	-0.299954
-0.382303	-0.299054
-0.384337	-0.298754
-0.386046	-0.2984
-0.387928	-0.297498
-0.390781	-0.296468
-0.393444	-0.295778
-0.396169	-0.294833
-0.398554	-0.293942
-0.400227	-0.293013
-0.401643	-0.291023
-0.402712	-0.288471
-0.403365	-0.285453
-0.403939	-0.282888
-0.404438	-0.280567
-0.405362	-0.277909
-0.406178	-0.275523
-0.407056	-0.273912
-0.407952	-0.272468
-0.408337	-0.271143
-0.408858	-0.26969
-0.409413	-0.268527
-0.409995	-0.267246
-0.410504	-0.26637
-0.411054	-0.265447
-0.410948	-0.265357
-0.41015	-0.265419
-0.409528	-0.265206
-0.408591	-0.264882
-0.408351	-0.263672
-0.408131	-0.262363
-0.407872	-0.261226
-0.407987	-0.259618
-0.408295	-0.257633
-0.40916	-0.255505
-0.410116	-0.253268
-0.410526	-0.250808
-0.411339	-0.24982
-0.412296	-0.248459
-0.413313	-0.246976
-0.414022	-0.245657
-0.414781	-0.244314
-0.41548	-0.243129
-0.416942	-0.241708
-0.418346	-0.239889
-0.41963	-0.238263
-0.419938	-0.236873
-0.420032	-0.235467
-0.420433	-0.233799
-0.42122	-0.231743
-0.421451	-0.230269
-0.421731	-0.228827
-0.42182	-0.227377
-0.42189	-0.225821
-0.42214	-0.224168
-0.421829	-0.222472
-0.421514	-0.220747
-0.421219	-0.219049
-0.42066	-0.217556
-0.420743	-0.21604
-0.42102	-0.214843
-0.421328	-0.213461
-0.421764	-0.212095
-0.422193	-0.210698
-0.422936	-0.210053
-0.423674	-0.209258
-0.424648	-0.208583
-0.42557	-0.208267
-0.426152	-0.207594
-0.426845	-0.206833
-0.427558	-0.205453
-0.428962	-0.204132
-0.430323	-0.202873
-0.431489	-0.201433
-0.432734	-0.200153
-0.433865	-0.198972
-0.435043	-0.197814
-0.43632	-0.196215
-0.437464	-0.194126
-0.438991	-0.191641
-0.440347	-0.189374
-0.441177	-0.186951
-0.442255	-0.184555
-0.443219	-0.182882
-0.444834	-0.181232
-0.446374	-0.179688
-0.447815	-0.178292
-0.449059	-0.17676
-0.450722	-0.175576
-0.452347	-0.174436
-0.454665	-0.173711
-0.456848	-0.173009
-0.458926	-0.172283
-0.460921	-0.171589
-0.463121	-0.170566
-0.465269	-0.170144
-0.467317	-0.169761
-0.469065	-0.169238
-0.470816	-0.168716
-0.471749	-0.168319
-0.473458	-0.167325
-0.475555	-0.166399
-0.477856	-0.165809
-0.48006	-0.165344
-0.482197	-0.164854
-0.484379	-0.164229
-0.486337	-0.163751
-0.488347	-0.163521
-0.490204	-0.162111
-0.491615	-0.160695
-0.493009	-0.159281
-0.494615	-0.15785
-0.496145	-0.156393
-0.498186	-0.15465
-0.500054	-0.153034
-0.50187	-0.151834
-0.503545	-0.150702
-0.505651	-0.149844
-0.507644	-0.148946
-0.509429	-0.14778
-0.511167	-0.146686
-0.512718	-0.145299
-0.514316	-0.144127
-0.51593	-0.142994
-0.517484	-0.141861
-0.518931	-0.140917
-0.520152	-0.140337
-0.522246	-0.139256
-0.524099	-0.13791
-0.526458	-0.136839
-0.52873	-0.135802
-0.53063	-0.135105
-0.532443	-0.134355
-0.534222	-0.133601
-0.535652	-0.132565
-0.536905	-0.13138
-0.537653	-0.13097
-0.538358	-0.130317
-0.539109	-0.129676
-0.539669	-0.128623
-0.540087	-0.127115
-0.540279	-0.125565
-0.540495	-0.12404
-0.54085	-0.122476
-0.541118	-0.121025
-0.541612	-0.119672
-0.54152	-0.117797
-0.541588	-0.116488
-0.541765	-0.114652
-0.54184	-0.112752
-0.541879	-0.110889
-0.54222	-0.109017
-0.542644	-0.107375
-0.542871	-0.105302
-0.543101	-0.103319
-0.543501	-0.101138
-0.544024	-0.0993248
-0.54425	-0.0979812
-0.544317	-0.0965775
-0.544531	-0.094662
-0.544568	-0.0927985
-0.544785	-0.0903112
-0.545	-0.0880127
-0.545257	-0.0865591
-0.545588	-0.0850906
-0.545293	-0.0837304
-0.544172	-0.0824834
-0.543383	-0.0812999
-0.542153	-0.0802099
-0.540651	-0.078986
-0.539258	-0.0775406
-0.537242	-0.0761598
-0.535147	-0.0744977
-0.533249	-0.0729571
-0.531959	-0.0716035
-0.530701	-0.0705562
-0.529469	-0.0695358
-0.527961	-0.0688783
-0.526629	-0.068239
-0.525137	-0.0674605
-0.523744	-0.0667055
-0.522693	-0.0661742
-0.521725	-0.0656574
-0.520575	-0.0647586
-0.519704	-0.0628306
-0.518911	-0.0606329
-0.518267	-0.0589667
-0.517679	-0.057323
-0.517036	-0.0559619
-0.516808	-0.0543961
-0.517307	-0.0521683
-0.51721	-0.0494907
-0.517197	-0.0464349
-0.515871	-0.0434184
-0.514595	-0.0406918
-0.513639	-0.0382779
-0.512911	-0.0361727
-0.511218	-0.0348072
-0.509779	-0.0338267
-0.507848	-0.0325242
-0.506308	-0.0316507
-0.504745	-0.0308929
-0.503035	-0.0301516
-0.501305	-0.0293721
-0.500335	-0.0290373
-0.499379	-0.0286452
-0.498285	-0.0282092
-0.497147	-0.0277152
-0.496346	-0.0272747
-0.495312	-0.0269868
-0.49436	-0.0268096
-0.493342	-0.0261086
-0.49222	-0.0252041
-0.491072	-0.0239713
-0.489528	-0.0231879
-0.488379	-0.0225358
-0.487128	-0.0216082
-0.485711	-0.0199937
-0.484491	-0.0179397
-0.483364	-0.0153642
-0.482763	-0.0130461
-0.481881	-0.0106381
-0.480934	-0.00879941
-0.480693	-0.00740119
-0.48012	-0.00578529
-0.479526	-0.00394647
-0.479381	-0.00223193
-0.479474	-0.00025977
-0.479533	0.00154366
-0.479707	0.00383139
-0.479878	0.00620057
-0.479984	0.00841538
-0.480214	0.0103141
-0.480051	0.0122436
-0.480076	0.0143376
-0.480156	0.0170407
-0.480271	0.0194871
-0.480146	0.0221341
-0.480167	0.0239115
-0.47976	0.025732
-0.479732	0.0268374
-0.479303	0.0286802
-0.478157	0.0303144
-0.477616	0.0320107
-0.477712	0.0340691
-0.477691	0.0360776
-0.477706	0.0379758
-0.478073	0.0396559
-0.479049	0.0406224
-0.479761	0.0417021
-0.480094	0.0431276
-0.480475	0.0445394
-0.481043	0.04569
-0.481654	0.0469078
-0.48229	0.0482207
-0.482748	0.0497478
-0.483371	0.0513253
-0.483555	0.0528732
-0.482944	0.0547524
-0.482683	0.056581
-0.482752	0.0584692
-0.482319	0.0602408
-0.481245	0.0621055
-0.48005	0.0637496
-0.47912	0.0655826
-0.478396	0.0678839
-0.478148	0.070246
-0.477741	0.0722036
-0.477331	0.0748343
-0.476846	0.0774079
-0.476378	0.0798851
-0.475964	0.0821527
-0.475574	0.0843019
-0.474379	0.0866367
-0.473788	0.0888181
-0.473014	0.0912808
-0.472297	0.0936561
-0.471846	0.0964054
-0.471328	0.0984616
-0.470931	0.100697
-0.470545	0.102675
-0.469822	0.104963
-0.469101	0.10699
-0.468724	0.108685
-0.468275	0.110423
-0.467976	0.112198
-0.467274	0.113816
-0.466596	0.115189
-0.465933	0.11656
-0.465483	0.117214
-0.46492	0.118625
-0.465114	0.120003
-0.465009	0.121261
-0.465065	0.122699
-0.465241	0.125101
-0.465645	0.127294
-0.466344	0.129697
-0.466939	0.132035
-0.467613	0.134233
-0.467968	0.136264
-0.468261	0.137987
-0.468546	0.139616
-0.469321	0.141609
-0.47014	0.143503
-0.471379	0.145098
-0.4727	0.146307
-0.474657	0.148023
-0.476637	0.148269
-0.478554	0.14877
-0.480571	0.148883
-0.481931	0.149129
-0.483131	0.150061
-0.484722	0.150234
-0.486451	0.150278
-0.488272	0.150451
-0.489408	0.150415
-0.491392	0.15033
-0.493069	0.150238
-0.495287	0.149632
-0.497503	0.14892
-0.49958	0.148173
-0.501628	0.147193
-0.503563	0.146235
-0.505617	0.145274
-0.508181	0.143537
-0.510767	0.142341
-0.513331	0.140805
-0.515565	0.13935
-0.517395	0.13791
-0.51914	0.13646
-0.520052	0.135345
-0.52143	0.133967
-0.522785	0.13203
-0.524071	0.130261
-0.525288	0.128572
-0.526578	0.126799
-0.527661	0.1251
-0.528885	0.123158
-0.530027	0.120923
-0.531109	0.118762
-0.532189	0.1173
-0.533243	0.115843
-0.534521	0.114503
-0.53596	0.112698
-0.537269	0.110918
-0.538574	0.108993
-0.539732	0.10699
-0.540902	0.105509
-0.542136	0.104798
-0.54305	0.103051
-0.544879	0.101132
-0.546856	0.0995648
-0.549067	0.0979537
-0.55105	0.0957821
-0.553328	0.0946795
-0.555423	0.0936542
-0.557175	0.092807
-0.559279	0.0922381
-0.561099	0.0916369
-0.563009	0.0914517
-0.564999	0.0907376
-0.567373	0.090483
-0.569512	0.0898406
-0.571883	0.0889001
-0.57397	0.0877665
-0.575721	0.0864538
-0.577946	0.0848624
-0.579563	0.0838275
-0.581161	0.0827797
-0.582548	0.0816375
-0.583503	0.0800624
-0.583517	0.0785162
-0.583914	0.077542
-0.584418	0.0769136
-0.584637	0.076151
-0.584795	0.075268
-0.584994	0.0741951
-0.584981	0.0730598
-0.585241	0.0712539
-0.585365	0.0692433
-0.58533	0.0676404
-0.585358	0.066169
-0.585316	0.0648185
-0.585481	0.0631403
-0.585303	0.0613387
-0.585623	0.0590977
-0.585906	0.0569474
-0.586146	0.054966
-0.586361	0.0536516
-0.587034	0.0526405
-0.588001	0.051802
-0.589016	0.0509425
-0.589647	0.0499262
-0.59029	0.0488426
-0.590796	0.0480449
-0.591554	0.0473106
-0.592475	0.0466209
-0.593593	0.0458732
-0.595002	0.0448101
-0.596214	0.0437104
-0.59736	0.042431
-0.598539	0.041415
-0.59975	0.0401586
-0.601994	0.0394413
-0.604081	0.0386672
-0.606519	0.0373147
-0.609023	0.0358363
-0.611483	0.0347511
-0.613514	0.0339964
-0.614682	0.0332309
-0.615745	0.0324266
-0.616842	0.0314451
-0.617834	0.030239
-0.618281	0.0291623
-0.618765	0.0279893
-0.619272	0.0267851
-0.619919	0.0255836
-0.620496	0.0242422
-0.621154	0.022773
-0.621407	0.0214164
-0.621647	0.0198813
-0.622331	0.0181863
-0.623166	0.016666
-0.62442	0.0149377
-0.626081	0.0138471
-0.627173	0.0120502
-0.628061	0.0106597
-0.628973	0.00931549
-0.62984	0.00769471
-0.630665	0.00548176
-0.63184	0.00317751
-0.633077	0.000868683
-0.63444	-0.00138588
-0.635864	-0.00350726
-0.637207	-0.00595545
-0.639146	-0.00805117
-0.64119	-0.00995142
-0.643359	-0.0116316
-0.645043	-0.013046
-0.646793	-0.0140104
-0.648817	-0.0149952
-0.650413	-0.0164741
-0.651846	-0.0176125
-0.652958	-0.0186316
-0.65356	-0.0200922
-0.654414	-0.0213681
-0.655289	-0.0227996
-0.655993	-0.024225
-0.656681	-0.025561
-0.656859	-0.026049
-0.656866	-0.0267743
-0.656344	-0.0280957
-0.65583	-0.0293766
-0.654808	-0.0304003
-0.654647	-0.0314266
-0.65435	-0.0322887
-0.653783	-0.032818
-0.653104	-0.0334801
-0.651724	-0.0343651
-0.650124	-0.0354301
-0.64885	-0.0361273
-0.64756	-0.0368229
-0.646395	-0.037617
-0.64525	-0.0386013
-0.645067	-0.0394212
-0.645071	-0.0403971
-0.645008	-0.040478
-0.644531	-0.040437
-0.643977	-0.0403152
-0.643229	-0.0401278
-0.642763	-0.040171
-0.642256	-0.0401733
-0.641725	-0.0406764
-0.641439	-0.0414402
-0.640251	-0.0416425
-0.63893	-0.0417485
-0.637513	-0.0418609
-0.636045	-0.0421712
-0.634286	-0.0426628
-0.632222	-0.0431378
-0.630116	-0.0438414
-0.628163	-0.0445756
-0.626595	-0.0456138
-0.625142	-0.046643
-0.623982	-0.0478004
-0.623039	-0.0487795
-0.622553	-0.050096
-0.621654	-0.0519788
-0.621497	-0.0536003
-0.621761	-0.0554347
-0.62199	-0.0569549
-0.621923	-0.0593048
-0.622222	-0.0618295
-0.622349	-0.0640156
-0.62224	-0.066273
-0.622299	-0.0683873
-0.623133	-0.0701213
-0.623448	-0.071184
-0.624606	-0.0716639
-0.625513	-0.0720599
-0.626592	-0.072563
-0.627469	-0.0735817
-0.628634	-0.0746348
-0.629846	-0.0760387
-0.632259	-0.0775979
-0.63453	-0.079045
-0.636514	-0.0804254
-0.637623	-0.0810808
-0.639826	-0.0818871
-0.642081	-0.0834626
-0.644254	-0.0847187
-0.646148	-0.0856303
-0.648168	-0.0858663
-0.649173	-0.0859499
-0.650382	-0.0861696
-0.651492	-0.0862768
-0.652745	-0.0865001
-0.654624	-0.0876527
-0.656296	-0.0891616
-0.657818	-0.0904669
-0.659268	-0.091581
-0.660496	-0.0918352
-0.662185	-0.0923229
-0.663207	-0.0928462
-0.664063	-0.0934135
-0.664924	-0.0941143
-0.666654	-0.0951404
-0.668686	-0.0950613
-0.670769	-0.0946353
-0.67251	-0.094311
-0.674151	-0.0940858
-0.67566	-0.0940771
-0.677268	-0.0942443
-0.678647	-0.0948641
-0.680083	-0.0953198
-0.681605	-0.0957047
-0.683623	-0.0962815
-0.685565	-0.096864
-0.687867	-0.0970411
-0.68986	-0.0969728
-0.691002	-0.0973223
-0.691925	-0.0978345
-0.692926	-0.0985908
-0.693816	-0.100276
-0.695484	-0.102572
-0.695829	-0.104615
-0.696673	-0.107374
-0.697432	-0.110151
-0.698499	-0.112872
-0.699087	-0.114985
-0.699671	-0.116972
-0.699992	-0.11862
-0.700315	-0.120174
-0.701139	-0.121388
-0.701484	-0.122408
-0.701614	-0.123807
-0.701914	-0.125436
-0.701515	-0.125883
-0.701049	-0.126533
-0.700513	-0.127266
-0.700947	-0.128251
-0.701411	-0.129364
-0.702246	-0.131003
-0.70307	-0.132587
-0.704015	-0.134263
-0.704507	-0.136419
-0.704263	-0.13778
-0.703321	-0.139166
-0.702169	-0.140594
-0.701262	-0.141792
-0.700363	-0.143015
-0.699708	-0.144223
-0.698581	-0.14595
-0.698306	-0.147046
-0.698248	-0.148968
-0.698015	-0.150565
-0.697746	-0.152153
-0.697483	-0.153703
-0.696771	-0.154388
-0.695014	-0.155536
-0.692942	-0.156373
-0.691777	-0.156962
-0.691041	-0.156886
-0.691154	-0.157362
-0.691521	-0.158106
-0.691938	-0.159003
-0.69182	-0.16022
-0.691877	-0.161339
-0.692344	-0.16248
-0.693368	-0.163627
-0.694392	-0.164805
-0.695824	-0.166255
-0.697331	-0.167676
-0.698692	-0.169079
-0.69995	-0.170146
-0.701373	-0.17129
-0.70301	-0.17291
-0.703894	-0.174109
-0.704791	-0.175447
-0.705658	-0.176762
-0.705616	-0.177628
-0.705405	-0.178842
-0.704789	-0.18013
-0.704609	-0.181098
-0.704349	-0.182108
-0.704019	-0.183059
-0.703869	-0.18427
-0.703742	-0.185556
-0.703623	-0.186869
-0.703689	-0.18824
-0.70367	-0.189822
-0.703551	-0.19157
-0.703507	-0.193484
-0.704315	-0.194642
-0.705529	-0.195387
-0.70694	-0.196493
-0.708871	-0.197339
-0.710523	-0.197934
-0.711793	-0.198998
-0.713282	-0.20001
-0.715277	-0.200504
-0.717821	-0.200937
-0.719843	-0.200653
-0.722543	-0.200994
-0.725464	-0.201366
-0.728066	-0.201835
-0.730788	-0.202353
-0.733946	-0.203582
-0.737088	-0.204876
-0.740619	-0.205767
-0.743505	-0.205651
-0.74621	-0.205712
-0.748529	-0.206468
-0.750089	-0.207377
-0.751964	-0.207949
-0.753788	-0.208671
-0.755963	-0.20966
-0.757998	-0.210411
-0.759683	-0.210749
-0.761547	-0.211176
-0.762873	-0.211578
-0.76402	-0.212019
-0.765323	-0.212804
-0.767031	-0.213389
-0.768422	-0.213463
-0.769899	-0.213555
-0.772138	-0.212763
-0.774072	-0.211525
-0.776149	-0.210663
-0.777971	-0.209646
-0.779491	-0.208876
-0.781428	-0.208722
-0.783171	-0.208441
-0.784252	-0.208664
-0.785508	-0.208856
-0.786874	-0.209279
-0.78816	-0.209728
-0.789697	-0.210726
-0.791237	-0.211343
-0.792356	-0.212562
-0.793443	-0.214244
-0.794219	-0.215907
-0.794408	-0.218407
-0.794553	-0.220727
-0.795223	-0.223371
-0.795886	-0.225839
-0.796373	-0.228242
-0.795924	-0.230955
-0.795703	-0.232822
-0.795013	-0.235372
-0.793005	-0.237906
-0.791549	-0.239643
-0.790189	-0.241326
-0.788578	-0.242726
-0.787106	-0.244041
-0.785745	-0.245686
-0.784503	-0.247214
-0.78323	-0.248874
-0.782129	-0.250104
-0.781065	-0.251231
-0.78039	-0.252497
-0.779353	-0.253829
-0.778031	-0.254826
-0.776247	-0.255848
-0.774685	-0.256454
-0.773341	-0.256606
-0.771985	-0.256774
-0.770848	-0.256705
-0.769563	-0.256676
-0.768281	-0.256608
-0.766911	-0.256567
-0.764817	-0.2566
-0.763658	-0.256732
-0.761577	-0.257293
-0.759533	-0.258238
-0.757873	-0.259358
-0.756126	-0.259967
-0.754453	-0.260556
-0.752229	-0.261359
-0.750179	-0.262089
-0.748065	-0.263107
-0.745688	-0.264897
-0.743647	-0.266635
-0.741732	-0.268202
-0.739536	-0.270163
-0.737581	-0.271891
-0.735183	-0.27331
-0.733111	-0.274612
-0.730971	-0.275637
-0.729011	-0.27656
-0.726878	-0.277796
-0.725246	-0.27896
-0.723697	-0.279697
-0.721923	-0.280714
-0.720206	-0.281698
-0.718559	-0.282344
-0.716647	-0.282874
-0.714797	-0.283169
-0.712916	-0.283523
-0.711045	-0.283709
-0.708948	-0.28442
-0.707067	-0.285056
-0.705648	-0.285324
-0.704178	-0.285555
-0.703401	-0.285611
-0.70206	-0.285417
-0.700674	-0.285314
-0.69933	-0.285516
-0.697962	-0.285739
-0.696582	-0.285735
-0.695221	-0.285688
-0.693753	-0.286233
-0.692235	-0.287157
-0.690778	-0.288093
-0.688934	-0.289194
-0.687245	-0.290776
-0.685649	-0.29229
-0.684043	-0.293745
-0.682418	-0.294538
-0.681205	-0.295249
-0.679407	-0.295476
-0.677795	-0.296316
-0.675751	-0.2974
-0.674265	-0.298706
-0.672922	-0.29986
-0.671427	-0.300423
-0.669907	-0.300957
-0.668656	-0.301244
-0.667309	-0.30148
-0.666057	-0.301172
-0.664893	-0.301839
-0.663388	-0.302995
-0.662189	-0.304208
-0.66093	-0.305501
-0.660198	-0.306707
-0.659431	-0.308019
-0.658676	-0.309324
-0.658157	-0.310538
-0.657462	-0.31168
-0.656518	-0.313366
-0.655605	-0.315285
-0.655654	-0.316957
-0.655662	-0.318757
-0.655837	-0.320837
-0.65574	-0.323023
-0.655755	-0.324887
-0.65574	-0.326632
-0.656361	-0.327902
-0.657072	-0.32986
-0.657901	-0.331751
-0.65893	-0.332974
-0.65994	-0.33461
-0.660742	-0.336101
-0.661305	-0.337483
-0.662053	-0.33887
-0.662835	-0.340407
-0.66366	-0.342107
-0.664141	-0.34434
-0.663809	-0.347078
-0.66403	-0.350421
-0.663882	-0.353787
-0.663755	-0.356775
-0.663708	-0.358407
-0.663667	-0.360016
-0.663764	-0.361513
-0.663955	-0.362952
-0.663857	-0.364177
-0.664609	-0.365517
-0.665358	-0.366571
-0.666075	-0.367626
-0.667478	-0.368937
-0.668632	-0.369913
-0.670021	-0.371035
-0.67188	-0.372458
-0.674232	-0.374051
-0.676374	-0.375493
-0.67803	-0.376816
-0.6795	-0.378147
-0.681066	-0.37923
-0.682749	-0.380354
-0.683663	-0.381292
-0.684532	-0.382186
-0.685357	-0.383158
-0.686555	-0.383582
-0.687648	-0.384142
-0.688772	-0.384793
-0.690105	-0.385574
-0.691471	-0.386446
-0.692949	-0.387272
-0.694259	-0.388481
-0.695329	-0.390004
-0.696157	-0.391362
-0.697249	-0.392579
-0.698579	-0.393982
-0.700048	-0.39522
-0.702378	-0.396543
-0.703668	-0.39757
-0.705009	-0.398631
-0.705763	-0.399724
-0.706868	-0.400717
-0.70766	-0.402603
-0.708553	-0.4051
-0.709121	-0.406646
-0.709855	-0.408446
-0.710495	-0.410839
-0.711367	-0.413144
-0.712157	-0.415091
-0.712913	-0.416904
-0.713572	-0.4193
-0.714203	-0.42154
-0.714804	-0.423602
-0.715378	-0.424644
-0.715999	-0.425995
-0.71656	-0.427297
-0.717171	-0.428533
-0.718112	-0.430062
-0.719186	-0.431526
-0.720703	-0.432837
-0.721641	-0.434231
-0.722599	-0.435552
-0.72379	-0.436675
-0.725093	-0.437858
-0.726572	-0.438661
-0.727692	-0.439614
-0.728967	-0.440655
-0.730396	-0.44197
-0.731503	-0.444355
-0.732569	-0.446624
-0.733568	-0.448711
-0.734125	-0.451273
-0.734599	-0.453987
-0.735122	-0.456419
-0.735639	-0.459089
-0.736173	-0.461711
-0.736068	-0.464102
-0.736147	-0.465918
-0.736478	-0.468011
-0.736986	-0.469645
-0.736317	-0.470684
-0.736701	-0.472636
-0.737025	-0.474436
-0.737318	-0.475839
-0.737039	-0.477516
-0.73659	-0.479443
-0.736197	-0.481218
-0.735844	-0.48289
-0.735719	-0.484765
-0.735647	-0.486189
-0.736353	-0.488071
-0.736801	-0.49006
-0.737624	-0.4924
-0.73793	-0.49451
-0.738246	-0.496519
-0.738842	-0.497849
-0.739774	-0.499546
-0.740772	-0.501231
-0.742154	-0.503419
-0.743383	-0.506522
-0.744317	-0.509194
-0.745432	-0.511834
-0.746263	-0.514425
-0.747099	-0.516816
-0.748004	-0.518785
-0.748358	-0.520354
-0.748626	-0.522231
-0.749399	-0.524228
-0.750763	-0.526332
-0.752234	-0.528479
-0.753804	-0.530065
-0.75561	-0.531703
-0.757248	-0.533412
-0.759056	-0.53528
-0.760778	-0.537184
-0.762428	-0.539667
-0.76399	-0.541939
-0.765335	-0.544101
-0.766627	-0.545482
-0.767872	-0.545986
-0.769615	-0.546554
-0.771599	-0.546885
-0.77391	-0.547347
-0.775798	-0.547426
-0.777616	-0.547063
-0.779375	-0.546852
-0.7813	-0.546506
-0.782971	-0.54609
-0.784463	-0.546184
-0.78593	-0.546339
-0.787777	-0.546444
-0.789688	-0.54654
-0.791166	-0.546266
-0.792526	-0.546375
-0.793755	-0.546473
-0.794301	-0.546449
-0.794726	-0.546299
-0.794846	-0.546942
-0.795255	-0.548077
-0.795547	-0.549824
-0.795466	-0.551446
-0.795198	-0.553663
-0.79555	-0.555053
-0.796731	-0.556847
-0.797463	-0.558492
-0.798441	-0.560367
-0.799515	-0.562261
-0.801606	-0.563789
-0.803651	-0.565277
-0.805808	-0.566967
-0.808059	-0.568124
-0.810294	-0.569213
-0.813232	-0.570244
-0.81563	-0.570973
-0.817008	-0.571338
-0.818436	-0.571485
-0.819307	-0.571288
-0.820413	-0.570934
-0.821609	-0.570601
-0.822724	-0.570222
-0.824148	-0.570035
-0.825506	-0.569892
-0.827724	-0.569536
-0.830046	-0.569162
-0.83218	-0.568925
-0.834149	-0.568733
-0.835878	-0.568693
-0.837305	-0.568076
-0.838957	-0.567571
-0.840749	-0.567079
-0.842604	-0.566496
-0.844376	-0.565801
-0.846223	-0.565218
-0.847997	-0.564643
-0.84934	-0.563353
-0.850635	-0.56209
-0.851858	-0.560647
-0.85295	-0.559281
-0.853409	-0.558525
-0.853471	-0.558176
-0.853148	-0.557326
-0.852247	-0.555772
-0.851606	-0.554429
-0.850967	-0.553893
-0.849537	-0.552801
-0.847742	-0.552211
-0.846089	-0.551664
-0.844286	-0.551722
-0.842225	-0.551704
-0.840113	-0.552139
-0.838278	-0.552777
-0.836658	-0.55408
-0.835406	-0.555495
-0.834379	-0.556894
-0.833213	-0.559178
-0.831551	-0.561315
-0.830174	-0.563288
-0.829059	-0.565138
-0.828062	-0.567191
-0.827095	-0.569008
-0.826129	-0.570842
-0.825303	-0.572718
-0.824869	-0.574713
-0.824843	-0.57627
-0.824801	-0.578174
-0.824183	-0.580468
-0.823579	-0.582552
-0.823113	-0.584454
-0.822796	-0.58614
-0.822954	-0.587274
-0.822926	-0.588547
-0.822946	-0.589845
-0.823194	-0.591197
-0.824187	-0.592691
-0.825155	-0.594106
-0.82641	-0.595021
-0.827623	-0.595951
-0.828028	-0.596406
-0.828893	-0.597529
-0.829404	-0.598297
-0.830034	-0.599211
-0.830845	-0.599587
-0.831953	-0.6006
-0.833142	-0.601522
-0.834412	-0.602397
-0.835468	-0.60382
-0.836827	-0.604997
-0.838924	-0.606227
-0.841007	-0.607671
-0.843137	-0.608647
-0.84516	-0.609611
-0.847251	-0.610906
-0.849295	-0.612305
-0.851279	-0.613672
-0.853419	-0.61502
-0.855398	-0.616696
-0.857615	-0.617518
-0.859787	-0.618174
-0.861907	-0.618763
-0.864393	-0.619131
-0.866385	-0.619102
-0.868692	-0.619119
-0.870943	-0.619191
-0.873337	-0.619376
-0.875394	-0.619658
-0.877547	-0.620069
-0.879725	-0.620314
-0.881642	-0.620988
-0.883763	-0.621454
-0.885815	-0.622
-0.887579	-0.622024
-0.889297	-0.621951
-0.891039	-0.622029
-0.892739	-0.622457
-0.894587	-0.622941
-0.897282	-0.623807
-0.899232	-0.62477
-0.900932	-0.625787
-0.902443	-0.626768
-0.903584	-0.628059
-0.904445	-0.629254
-0.905269	-0.630572
-0.905701	-0.63138
-0.90616	-0.632167
-0.907082	-0.633298
-0.908059	-0.634061
-0.908842	-0.634756
-0.909502	-0.635555
-0.910236	-0.636467
-0.911357	-0.637407
-0.911468	-0.63836
-0.911619	-0.639404
-0.911977	-0.639873
-0.912124	-0.641255
-0.911997	-0.642703
-0.911857	-0.645191
-0.911725	-0.64759
-0.911525	-0.649816
-0.91138	-0.652355
-0.911364	-0.654408
-0.91136	-0.65638
-0.911472	-0.657748
-0.911754	-0.659055
-0.911997	-0.660435
-0.911979	-0.662093
-0.911682	-0.663288
-0.911267	-0.664242
-0.910956	-0.664826
-0.910314	-0.665383
-0.909814	-0.66529
-0.90919	-0.665141
-0.908609	-0.665712
-0.907603	-0.666588
-0.906663	-0.667433
-0.9054	-0.66834
-0.903932	-0.669203
-0.902384	-0.669901
-0.900943	-0.6711
-0.899544	-0.672256
-0.897966	-0.673033
-0.896764	-0.673649
-0.895438	-0.674403
-0.89429	-0.675398
-0.893136	-0.676393
-0.892176	-0.677389
-0.890545	-0.678276
-0.888881	-0.679097
-0.887604	-0.68035
-0.886471	-0.681121
-0.885835	-0.682273
-0.885179	-0.683407
-0.884633	-0.684093
-0.884398	-0.684625
-0.884201	-0.685937
-0.884458	-0.687357
-0.884849	-0.689222
-0.88491	-0.691108
-0.88476	-0.692969
-0.884688	-0.694544
-0.88447	-0.696352
-0.883847	-0.698341
-0.883176	-0.70025
-0.882537	-0.702018
-0.881775	-0.704336
-0.880237	-0.706311
-0.879066	-0.708281
-0.877876	-0.709967
-0.877208	-0.711292
-0.876471	-0.712881
-0.875867	-0.714268
-0.875008	-0.71552
-0.874608	-0.716352
-0.874112	-0.71781
-0.873608	-0.719075
-0.872367	-0.719937
-0.871121	-0.721278
-0.870419	-0.722527
-0.869228	-0.723975
-0.867891	-0.725616
-0.866738	-0.727125
-0.865663	-0.728688
-0.864412	-0.730168
-0.862921	-0.731489
-0.860476	-0.732972
-0.858109	-0.734327
-0.85628	-0.735696
-0.854136	-0.737125
-0.852007	-0.73839
-0.849803	-0.739507
-0.84791	-0.740094
-0.84611	-0.74069
-0.844187	-0.741287
-0.842349	-0.741882
-0.8406	-0.742453
-0.838895	-0.7431
-0.837227	-0.7434
-0.836155	-0.74367
-0.835196	-0.744383
-0.833835	-0.743986
-0.83192	-0.743858
-0.830163	-0.743014
-0.828502	-0.742425
-0.826668	-0.742245
-0.824985	-0.742353
-0.823333	-0.742489
-0.822415	-0.742202
-0.821457	-0.741885
-0.820274	-0.741263
-0.8192	-0.740815
-0.818596	-0.740318
-0.818022	-0.739641
-0.817284	-0.738675
-0.815962	-0.738115
-0.81436	-0.737917
-0.812735	-0.738141
-0.810973	-0.738779
-0.809397	-0.739483
-0.807724	-0.740015
-0.806259	-0.740608
-0.805077	-0.741585
-0.804084	-0.742486
-0.802947	-0.744089
-0.801541	-0.745282
-0.800288	-0.746374
-0.799758	-0.74755
-0.799959	-0.748939
-0.800176	-0.750449
-0.80045	-0.752556
-0.801216	-0.754826
-0.80221	-0.757183
-0.803387	-0.75944
-0.804743	-0.761263
-0.805969	-0.763083
-0.807897	-0.765038
-0.809979	-0.766886
-0.812794	-0.768921
-0.816149	-0.769845
-0.818862	-0.771097
-0.82168	-0.772327
-0.824302	-0.773328
-0.82677	-0.773629
-0.82899	-0.773609
-0.830683	-0.773585
-0.832851	-0.773615
-0.834699	-0.773585
-0.836995	-0.773329
-0.839194	-0.772623
-0.841874	-0.772209
-0.844112	-0.770911
-0.846324	-0.769895
-0.848251	-0.769012
-0.850199	-0.767389
-0.852029	-0.766609
-0.853809	-0.765855
-0.855775	-0.764893
-0.857412	-0.764637
-0.858877	-0.764679
-0.860112	-0.763594
-0.860681	-0.762514
-0.861308	-0.761344
-0.862335	-0.760034
-0.863423	-0.758853
-0.864716	-0.757568
-0.866387	-0.756759
-0.868435	-0.756049
-0.869881	-0.755447
-0.871448	-0.75409
-0.873149	-0.752406
-0.874257	-0.75013
-0.874673	-0.747725
-0.874684	-0.745132
-0.874814	-0.74271
-0.874847	-0.740429
-0.874917	-0.738171
-0.875209	-0.735742
-0.875421	-0.733435
-0.876498	-0.730473
-0.878044	-0.727456
-0.879336	-0.72441
-0.880603	-0.721593
-0.882677	-0.71894
-0.884385	-0.716858
-0.885538	-0.715027
-0.886762	-0.713465
-0.887491	-0.712412
-0.888542	-0.711445
-0.889478	-0.710365
-0.890451	-0.709571
-0.891645	-0.708996
-0.892982	-0.708323
-0.893954	-0.707157
-0.894437	-0.705586
-0.894963	-0.704014
-0.896199	-0.70291
-0.897303	-0.702332
-0.898941	-0.701822
-0.90107	-0.70136
-0.903448	-0.700946
-0.905571	-0.700443
-0.907349	-0.699707
-0.908955	-0.698504
-0.910336	-0.697053
-0.911615	-0.695633
-0.91268	-0.694241
-0.913799	-0.692946
-0.915235	-0.691531
-0.916214	-0.690913
-0.917646	-0.690393
-0.919199	-0.689865
-0.920756	-0.689287
-0.922783	-0.688671
-0.924946	-0.688239
-0.926867	-0.687759
-0.929322	-0.687468
-0.931559	-0.686442
-0.933188	-0.685331
-0.934793	-0.684327
-0.936502	-0.683227
-0.937639	-0.682666
-0.938824	-0.682082
-0.940866	-0.681547
-0.942957	-0.681443
-0.944399	-0.681179
-0.945684	-0.681002
-0.947066	-0.680815
-0.948587	-0.680615
-0.95009	-0.680099
-0.951868	-0.679532
-0.953858	-0.678809
-0.955294	-0.678096
-0.956781	-0.678294
-0.958573	-0.677678
-0.96045	-0.677349
-0.961724	-0.676615
-0.963167	-0.676093
-0.96466	-0.675392
-0.965474	-0.674465
-0.966626	-0.673391
-0.96782	-0.672252
-0.969118	-0.671013
-0.970459	-0.669929
-0.971886	-0.668756
-0.973148	-0.66751
-0.974442	-0.666244
-0.974966	-0.664814
-0.975524	-0.663308
-0.975295	-0.662088
-0.975535	-0.662052
-0.976116	-0.661996
-0.977078	-0.661917
-0.978741	-0.661771
-0.980198	-0.661895
-0.981843	-0.662044
-0.98358	-0.662136
-0.985494	-0.661976
-0.987484	-0.661718
-0.989299	-0.661484
-0.991426	-0.661079
-0.992915	-0.660812
-0.993882	-0.660566
-0.994934	-0.660176
-0.996473	-0.660263
-0.99787	-0.660294
-0.999465	-0.660582
-1.00078	-0.661912
-1.00219	-0.663391
-1.0033	-0.665079
-1.00439	-0.666251
-1.00522	-0.667405
-1.00597	-0.668287
-1.00681	-0.669078
-1.00759	-0.669878
-1.00813	-0.67074
-1.00789	-0.671315
-1.00767	-0.671814
-1.00767	-0.672196
-1.0076	-0.672744
-1.00721	-0.673611
-1.0068	-0.674341
-1.0071	-0.675245
-1.00769	-0.67608
-1.00833	-0.676982
-1.00904	-0.677996
-1.00978	-0.678738
-1.01062	-0.680182
-1.01102	-0.681559
-1.01145	-0.683509
-1.01197	-0.685321
-1.01207	-0.686846
-1.01246	-0.688285
-1.01393	-0.69025
-1.01516	-0.692638
-1.01526	-0.693995
-1.01465	-0.696368
-1.01421	-0.698606
-1.01348	-0.700234
-1.01246	-0.70192
-1.01142	-0.703504
-1.01044	-0.70445
-1.00916	-0.705417
-1.00751	-0.706267
-1.00664	-0.707363
-1.00577	-0.707858
-1.00481	-0.708393
-1.00411	-0.708925
-1.00306	-0.709112
-1.00255	-0.709297
-1.00195	-0.709434
-1.00225	-0.709785
-1.00273	-0.710305
-1.00369	-0.711648
-1.00422	-0.712819
-1.00466	-0.714259
-1.00533	-0.715773
-1.00603	-0.716983
-1.00681	-0.718114
-1.00763	-0.720017
-1.00782	-0.722162
-1.00808	-0.724344
-1.0079	-0.726537
-1.00798	-0.728682
-1.00862	-0.73077
-1.00922	-0.732611
-1.00977	-0.734242
-1.01027	-0.735773
-1.01074	-0.737056
-1.01209	-0.738609
-1.01339	-0.740165
-1.01485	-0.741471
-1.01644	-0.742433
-1.01802	-0.743382
-1.01888	-0.744411
-1.01958	-0.744328
-1.02003	-0.743671
-1.02062	-0.742966
-1.02141	-0.74171
-1.02216	-0.7408
-1.02274	-0.739734
-1.02336	-0.738666
-1.02388	-0.737034
-1.02416	-0.735389
-1.02563	-0.73411
-1.02707	-0.732768
-1.0283	-0.731927
-1.02958	-0.731074
-1.03111	-0.729926
-1.03259	-0.728842
-1.03429	-0.727739
-1.03563	-0.726484
-1.03705	-0.725522
-1.03844	-0.724637
-1.04034	-0.723502
-1.04237	-0.723109
-1.04458	-0.723077
-1.04667	-0.722406
-1.04867	-0.721746
-1.05065	-0.721123
-1.05254	-0.720294
-1.05443	-0.71916
-1.05623	-0.71837
-1.05774	-0.717183
-1.05909	-0.71613
-1.05991	-0.715359
-1.06065	-0.714351
-1.06155	-0.713405
-1.06255	-0.712186
-1.06362	-0.711038
-1.06506	-0.709913
-1.0665	-0.708679
-1.0676	-0.707492
-1.06899	-0.706134
-1.07034	-0.704815
-1.07204	-0.703605
-1.07413	-0.701753
-1.07609	-0.700252
-1.07779	-0.699412
-1.07951	-0.698401
-1.08127	-0.696478
-1.08229	-0.695011
-1.08384	-0.693246
-1.08415	-0.692108
-1.08386	-0.691006
-1.08351	-0.689935
-1.08283	-0.688167
-1.0826	-0.686823
-1.08218	-0.685681
-1.08176	-0.684362
-1.08132	-0.683024
-1.08078	-0.6815
-1.08027	-0.67998
-1.0797	-0.678702
-1.07965	-0.677685
-1.07976	-0.676999
-1.0794	-0.676346
-1.07895	-0.674861
-1.07939	-0.6727
-1.08011	-0.670568
-1.08092	-0.668682
-1.08217	-0.667074
-1.08231	-0.665466
-1.08206	-0.662984
-1.08159	-0.660362
-1.08034	-0.657765
-1.0799	-0.655917
-1.07941	-0.653785
-1.07893	-0.651739
-1.07756	-0.649834
-1.07654	-0.648424
-1.07542	-0.646731
-1.07431	-0.645273
-1.07281	-0.644188
-1.07142	-0.643672
-1.06989	-0.643136
-1.06894	-0.642287
-1.06804	-0.641439
-1.06718	-0.640562
-1.06636	-0.639688
-1.06558	-0.638822
-1.06481	-0.637683
-1.06387	-0.636179
-1.06323	-0.635386
-1.06234	-0.634574
-1.06176	-0.633719
-1.06086	-0.632848
-1.05989	-0.63195
-1.05826	-0.631144
-1.05676	-0.630781
-1.05531	-0.63039
-1.05371	-0.63011
-1.05222	-0.629746
-1.05052	-0.628912
-1.04779	-0.628251
-1.04519	-0.627844
-1.04224	-0.628041
-1.03942	-0.628074
-1.03693	-0.627873
-1.03467	-0.627712
-1.03275	-0.628161
-1.03054	-0.628632
-1.02859	-0.629291
-1.02707	-0.6301
-1.02527	-0.631254
-1.02349	-0.632311
-1.02203	-0.633564
-1.02086	-0.634815
-1.01904	-0.6366
-1.01698	-0.639028
-1.01531	-0.640922
-1.01349	-0.64268
-1.01231	-0.645518
-1.01078	-0.647394
-1.00918	-0.6489
-1.00751	-0.650541
-1.00567	-0.65187
-1.00448	-0.653637
-1.00312	-0.655959
-1.00202	-0.658208
-1.00084	-0.660364
-0.999687	-0.663013
-0.998145	-0.665508
-0.996898	-0.668152
-0.996191	-0.670552
-0.995462	-0.672631
-0.994777	-0.67455
-0.994314	-0.676463
-0.994558	-0.678117
-0.994693	-0.67985
-0.994831	-0.681686
-0.995478	-0.682721
-0.99608	-0.68339
-0.996796	-0.684126
-0.997691	-0.685671
-0.998246	-0.687762
-0.998163	-0.68925
-0.997931	-0.690845
-0.997851	-0.692351
-0.997484	-0.693145
-0.997128	-0.694012
-0.996733	-0.695056
-0.996349	-0.696215
-0.995126	-0.697398
-0.994806	-0.698233
-0.994148	-0.6991
-0.993157	-0.699828
-0.992331	-0.70061
-0.991746	-0.701035
-0.991388	-0.701462
-0.991101	-0.702329
-0.990873	-0.703299
-0.991203	-0.704281
-0.991912	-0.705083
-0.992855	-0.706431
-0.994734	-0.707644
-0.996406	-0.708701
-0.997852	-0.709378
-0.999436	-0.710117
-1.00166	-0.710742
-1.00377	-0.712095
-1.00568	-0.714279
-1.0072	-0.716315
-1.00804	-0.718215
-1.00788	-0.720387
-1.00739	-0.722695
-1.007	-0.724705
-1.00669	-0.726444
-1.00546	-0.727382
-1.00443	-0.728626
-1.00358	-0.729879
-1.00274	-0.731084
-1.00187	-0.732274
-1.00094	-0.733479
-1.00005	-0.73462
-0.998935	-0.735298
-0.99769	-0.736015
-0.996448	-0.736689
-0.995577	-0.73803
-0.994554	-0.739402
-0.994041	-0.74093
-0.993923	-0.742188
-0.993777	-0.743624
-0.99405	-0.745329
-0.993873	-0.747693
-0.993813	-0.749832
-0.993791	-0.751793
-0.994446	-0.753669
-0.995722	-0.755247
-0.996918	-0.756777
-0.998006	-0.758468
-0.999063	-0.760289
-1.00012	-0.762096
-1.0013	-0.763976
-1.00205	-0.766456
-1.00184	-0.769624
-1.00197	-0.772416
-1.00207	-0.774908
-1.00231	-0.777109
-1.00204	-0.779159
-1.00114	-0.781013
-1.00096	-0.783074
-1.00137	-0.785178
-1.0017	-0.78721
-1.00177	-0.789487
-1.00227	-0.791434
-1.00305	-0.793204
-1.00385	-0.795256
-1.00467	-0.797189
-1.00525	-0.799579
-1.00589	-0.802561
-1.00681	-0.805461
-1.00734	-0.808731
-1.00764	-0.812443
-1.0076	-0.815265
-1.00685	-0.817018
-1.00599	-0.81839
-1.0059	-0.819118
-1.00659	-0.81975
-1.00739	-0.820235
-1.00835	-0.820813
-1.00951	-0.821527
-1.01076	-0.822276
-1.01239	-0.823195
-1.01386	-0.824199
-1.01519	-0.82516
-1.01637	-0.826229
-1.01698	-0.827771
-1.01826	-0.829402
-1.01934	-0.830846
-1.02056	-0.832948
-1.02251	-0.835278
-1.02416	-0.837449
-1.0254	-0.839987
-1.02637	-0.842509
-1.02688	-0.844975
-1.02731	-0.847418
-1.02812	-0.849757
-1.02881	-0.851766
-1.02906	-0.853404
-1.02936	-0.855271
-1.02962	-0.857205
-1.02999	-0.859029
-1.03038	-0.860842
-1.03061	-0.863389
-1.03103	-0.866445
-1.03129	-0.869591
-1.03146	-0.872363
-1.0313	-0.874956
-1.03114	-0.877256
-1.03085	-0.879516
-1.03066	-0.881531
-1.03043	-0.883938
-1.03024	-0.886115
-1.0305	-0.888165
-1.03033	-0.889812
-1.03024	-0.891681
-1.03017	-0.893475
-1.03008	-0.89474
-1.02953	-0.896878
-1.02923	-0.89881
-1.02903	-0.900813
-1.02892	-0.902008
-1.02938	-0.903028
-1.0295	-0.903835
-1.0297	-0.904656
-1.03	-0.90547
-1.03045	-0.906327
-1.03108	-0.906794
-1.03187	-0.907255
-1.03252	-0.907618
-1.03337	-0.908056
-1.03378	-0.908737
-1.03435	-0.909744
-1.03508	-0.911135
-1.03569	-0.912827
-1.03678	-0.914643
-1.03776	-0.916443
-1.03807	-0.91785
-1.0387	-0.919611
-1.03956	-0.921363
-1.04089	-0.922984
-1.04207	-0.92509
-1.04329	-0.92716
-1.04409	-0.92929
-1.04492	-0.931266
-1.04571	-0.933462
-1.04671	-0.935174
-1.04805	-0.937312
-1.04914	-0.938815
-1.0499	-0.939977
-1.05062	-0.941531
-1.05029	-0.943149
-1.04997	-0.944808
-1.05076	-0.946602
-1.05126	-0.948662
-1.05176	-0.950679
-1.0515	-0.952874
-1.05196	-0.954818
-1.05238	-0.956418
-1.0535	-0.958418
-1.05461	-0.960867
-1.05553	-0.962899
-1.05642	-0.965059
-1.05763	-0.966062
-1.05873	-0.967067
-1.05999	-0.967765
-1.06131	-0.968479
-1.06274	-0.969336
-1.06464	-0.970057
-1.06647	-0.970648
-1.06809	-0.971304
-1.07008	-0.972196
-1.07205	-0.97295
-1.07373	-0.974485
-1.07487	-0.975782
-1.07589	-0.976461
-1.07709	-0.977363
-1.07849	-0.978712
-1.07976	-0.980983
-1.0819	-0.983115
-1.08395	-0.984769
-1.08509	-0.986675
-1.08602	-0.988378
-1.08652	-0.990072
-1.08698	-0.991959
-1.08741	-0.993738
-1.08793	-0.995428
-1.08892	-0.996548
-1.09042	-0.997709
-1.09199	-0.998765
-1.09375	-1
-1.09569	-1.00158
-1.09759	-1.00306
-1.09927	-1.00457
-1.10098	-1.00608
-1.10262	-1.00748
-1.10488	-1.00804
-1.10724	-1.00831
-1.10989	-1.0078
-1.11235	-1.00736
-1.11504	-1.0072
-1.11717	-1.00724
-1.11823	-1.00722
-1.11951	-1.00677
-1.12067	-1.00624
-1.12152	-1.00599
-1.12257	-1.00557
-1.12333	-1.00537
-1.12413	-1.00534
-1.1252	-1.00559
-1.12644	-1.00593
-1.12739	-1.00672
-1.12837	-1.00756
-1.12937	-1.00829
-1.13035	-1.00926
-1.13128	-1.01006
-1.13184	-1.01205
-1.13295	-1.01438
-1.13401	-1.01649
-1.13479	-1.01906
-1.13532	-1.02227
-1.13524	-1.0251
-1.13515	-1.0277
-1.13525	-1.0301
-1.13553	-1.03169
-1.13632	-1.03371
-1.13679	-1.03552
-1.1374	-1.03738
-1.13827	-1.03905
-1.13906	-1.0411
-1.13986	-1.04296
-1.14062	-1.04457
-1.14164	-1.04638
-1.14252	-1.04833
-1.14335	-1.05021
-1.14419	-1.05229
-1.14495	-1.0542
-1.14542	-1.0556
-1.14591	-1.0572
-1.14653	-1.05855
-1.1474	-1.05965
-1.14825	-1.06086
-1.14921	-1.06094
-1.15056	-1.06055
-1.15217	-1.06072
-1.15382	-1.06088
-1.15575	-1.06131
-1.15763	-1.06168
-1.15968	-1.06209
-1.16218	-1.06186
-1.16409	-1.06136
-1.16624	-1.06069
-1.16777	-1.06001
-1.1692	-1.05954
-1.17078	-1.05891
-1.17247	-1.05784
-1.17401	-1.05647
-1.17542	-1.05528
-1.17645	-1.05462
-1.17773	-1.0532
-1.17895	-1.05193
-1.18015	-1.05076
-1.18131	-1.04917
-1.18265	-1.0475
-1.18391	-1.04596
-1.18503	-1.04458
-1.18574	-1.04343
-1.1858	-1.0427
-1.18597	-1.04119
-1.18587	-1.0405
-1.18564	-1.03935
-1.1853	-1.03814
-1.18436	-1.0367
-1.18336	-1.03527
-1.18257	-1.03391
-1.18092	-1.03244
-1.17937	-1.03051
-1.17812	-1.02851
-1.17688	-1.02671
-1.17569	-1.02559
-1.17446	-1.02443
-1.17363	-1.02352
-1.17275	-1.02251
-1.172	-1.02186
-1.17147	-1.02116
-1.17036	-1.01997
-1.16871	-1.01889
-1.16736	-1.01788
-1.16591	-1.01707
-1.16424	-1.0164
-1.16313	-1.01596
-1.16204	-1.01523
-1.16115	-1.01403
-1.16013	-1.01316
-1.15939	-1.01216
-1.1585	-1.01172
-1.15762	-1.01128
-1.15664	-1.01081
-1.1547	-1.01053
-1.15336	-1.01016
-1.1521	-1.0095
-1.15046	-1.00851
-1.149	-1.00817
-1.14737	-1.00798
-1.14555	-1.00787
-1.14372	-1.00792
-1.14189	-1.00799
-1.14013	-1.00814
-1.13833	-1.00847
-1.13646	-1.0086
-1.13472	-1.0089
-1.13261	-1.00973
-1.13075	-1.01065
-1.1302	-1.01166
-1.12968	-1.01253
-1.12911	-1.01336
-1.1285	-1.01424
-1.1269	-1.01505
-1.12536	-1.01577
-1.12379	-1.01634
-1.12151	-1.01628
-1.11931	-1.01585
-1.11588	-1.01474
-1.11387	-1.01439
-1.11198	-1.01353
-1.11038	-1.01252
-1.1087	-1.01153
-1.1075	-1.01101
-1.10602	-1.01023
-1.10496	-1.00977
-1.10432	-1.00947
-1.10316	-1.00926
-1.10172	-1.00907
-1.10037	-1.00929
-1.09916	-1.01018
-1.09799	-1.01114
-1.09681	-1.01213
-1.09539	-1.01307
-1.094	-1.01414
-1.09202	-1.01443
-1.09028	-1.01493
-1.08895	-1.01557
-1.08758	-1.01617
-1.08664	-1.01706
-1.08637	-1.01829
-1.08614	-1.01949
-1.086	-1.02054
-1.08645	-1.02193
-1.08721	-1.02352
-1.08758	-1.025
-1.08834	-1.0272
-1.08904	-1.02936
-1.08953	-1.03135
-1.09051	-1.03309
-1.09143	-1.03458
-1.09236	-1.03579
-1.09325	-1.03692
-1.09408	-1.03838
-1.09541	-1.03958
-1.09719	-1.04109
-1.09886	-1.04246
-1.10063	-1.04374
-1.1017	-1.04503
-1.10303	-1.04675
-1.10434	-1.04847
-1.1054	-1.04995
-1.10669	-1.05162
-1.10728	-1.05281
-1.10861	-1.05487
-1.11027	-1.05684
-1.11189	-1.0589
-1.11333	-1.06093
-1.1148	-1.06293
-1.11631	-1.06487
-1.11755	-1.06686
-1.11878	-1.06875
-1.12001	-1.07056
-1.12062	-1.07346
-1.12055	-1.07584
-1.12075	-1.0777
-1.12161	-1.07901
-1.12311	-1.08055
-1.12472	-1.08159
-1.12621	-1.08258
-1.12749	-1.0837
-1.12892	-1.08422
-1.13037	-1.08397
-1.13206	-1.08347
-1.13356	-1.0828
-1.13481	-1.08224
-1.13653	-1.08132
-1.13798	-1.08031
-1.1397	-1.07941
-1.14142	-1.07858
-1.1431	-1.07771
-1.14467	-1.07665
-1.14621	-1.07555
-1.14768	-1.07414
-1.14909	-1.07244
-1.15043	-1.07098
-1.15187	-1.0694
-1.15326	-1.06791
-1.15449	-1.06686
-1.15586	-1.06593
-1.15698	-1.06459
-1.15827	-1.06306
-1.15951	-1.06157
-1.16054	-1.06043
-1.16143	-1.05916
-1.16232	-1.058
-1.16335	-1.05649
-1.16452	-1.05583
-1.16552	-1.05529
-1.16627	-1.05393
-1.16697	-1.05254
-1.16795	-1.05059
-1.16897	-1.04945
-1.1698	-1.04837
-1.17071	-1.04731
-1.17184	-1.04637
-1.17308	-1.04461
-1.17458	-1.04248
-1.17601	-1.04052
-1.17735	-1.03868
-1.17793	-1.03691
-1.17865	-1.03565
-1.17884	-1.03441
-1.17924	-1.03314
-1.17974	-1.03221
-1.18007	-1.03102
-1.18029	-1.02978
-1.18061	-1.02859
-1.18175	-1.02784
-1.18297	-1.02714
-1.18438	-1.0264
-1.18638	-1.02594
-1.1882	-1.02552
-1.18966	-1.02589
-1.19084	-1.02713
-1.19158	-1.02911
-1.19214	-1.03127
-1.19188	-1.03257
-1.19203	-1.0337
-1.19144	-1.0344
-1.19079	-1.03539
-1.18993	-1.03719
-1.18916	-1.03909
-1.18812	-1.04011
-1.18689	-1.04026
-1.18461	-1.04063
-1.18222	-1.04015
-1.18025	-1.04044
-1.17888	-1.04135
-1.17737	-1.04164
-1.176	-1.04192
-1.17501	-1.04198
-1.17436	-1.04227
-1.17365	-1.04266
-1.17281	-1.04265
-1.172	-1.04279
-1.17073	-1.04277
-1.16932	-1.04285
-1.16839	-1.04338
-1.1677	-1.04361
-1.16691	-1.04426
-1.1661	-1.0451
-1.16564	-1.04601
-1.16553	-1.04723
-1.16521	-1.04858
-1.16501	-1.05002
-1.16498	-1.05121
-1.1655	-1.05275
-1.16606	-1.05419
-1.16678	-1.05516
-1.16747	-1.05549
-1.16815	-1.05609
-1.1695	-1.05707
-1.17099	-1.05809
-1.17311	-1.0593
-1.17496	-1.06016
-1.17706	-1.06101
-1.17919	-1.06156
-1.18125	-1.06232
-1.18363	-1.06376
-1.18664	-1.06492
-1.18926	-1.06566
-1.19125	-1.06649
-1.193	-1.06705
-1.19488	-1.06769
-1.19657	-1.06833
-1.19773	-1.0685
-1.19868	-1.06861
-1.19969	-1.06856
-1.20149	-1.06913
-1.20303	-1.06939
-1.20447	-1.06967
-1.20646	-1.07032
-1.20838	-1.0708
-1.21019	-1.07124
-1.21235	-1.07161
-1.21473	-1.07251
-1.21691	-1.07333
-1.21912	-1.07396
-1.22044	-1.07468
-1.22161	-1.07603
-1.22279	-1.07721
-1.22412	-1.07899
-1.22563	-1.08107
-1.22707	-1.08304
-1.22837	-1.08492
-1.23009	-1.08653
-1.23199	-1.08816
-1.23322	-1.08921
-1.23452	-1.09054
-1.23574	-1.0919
-1.23682	-1.09342
-1.23842	-1.09516
-1.23941	-1.09722
-1.23983	-1.09895
-1.24009	-1.10011
-1.24089	-1.10079
-1.24178	-1.10129
-1.24219	-1.1016
-1.24281	-1.10201
-1.24397	-1.10277
-1.24543	-1.1035
-1.24693	-1.10406
-1.24846	-1.10462
-1.24975	-1.10567
-1.25104	-1.1071
-1.25298	-1.10908
-1.25448	-1.11017
-1.25645	-1.1108
-1.25827	-1.11133
-1.26057	-1.112
-1.26207	-1.11323
-1.26391	-1.11502
-1.26555	-1.11679
-1.267	-1.11855
-1.26808	-1.12001
-1.26918	-1.12155
-1.27013	-1.12407
-1.27134	-1.12583
-1.27208	-1.12775
-1.27276	-1.12976
-1.27333	-1.13218
-1.27373	-1.13458
-1.27419	-1.13674
-1.27429	-1.13859
-1.2745	-1.14052
-1.27515	-1.14249
-1.2758	-1.14443
-1.27631	-1.14663
-1.27604	-1.14911
-1.27585	-1.15158
-1.27546	-1.15365
-1.27536	-1.15576
-1.27521	-1.15795
-1.27497	-1.16022
-1.27473	-1.16239
-1.2745	-1.16375
-1.27427	-1.16515
-1.27385	-1.1667
-1.27343	-1.16822
-1.27306	-1.16968
-1.27259	-1.17025
-1.27197	-1.171
-1.27137	-1.17151
-1.2706	-1.17213
-1.26971	-1.17288
-1.26937	-1.17364
-1.26894	-1.17436
-1.26837	-1.17512
-1.26775	-1.17615
-1.26709	-1.1773
-1.26623	-1.17835
-1.26628	-1.17913
-1.26647	-1.18046
-1.2665	-1.18178
-1.26672	-1.18344
-1.26701	-1.18502
-1.26821	-1.18661
-1.26921	-1.18785
-1.27017	-1.18903
-1.27098	-1.1903
-1.27157	-1.19143
-1.27207	-1.19306
-1.27276	-1.19498
-1.27379	-1.1956
-1.27434	-1.19659
-1.27413	-1.19819
-1.27403	-1.19971
-1.27383	-1.20143
-1.27271	-1.20296
-1.27153	-1.20467
-1.27043	-1.20628
-1.26946	-1.20805
-1.26893	-1.20959
-1.26819	-1.21095
-1.26738	-1.21239
-1.26651	-1.21347
-1.266	-1.21414
-1.26546	-1.21519
-1.26508	-1.21612
-1.26454	-1.21692
-1.26395	-1.21783
-1.26392	-1.21901
-1.26442	-1.22026
-1.26546	-1.22186
-1.26646	-1.22344
-1.26744	-1.22489
-1.26813	-1.22657
-1.26879	-1.22923
-1.26919	-1.23061
-1.26953	-1.23236
-1.26967	-1.23435
-1.26981	-1.23629
-1.26977	-1.23824
-1.27045	-1.24003
-1.27124	-1.24185
-1.27181	-1.24355
-1.27272	-1.24557
-1.27364	-1.24753
-1.2745	-1.24943
-1.276	-1.25133
-1.27714	-1.25298
-1.27777	-1.2549
-1.27841	-1.25696
-1.27937	-1.25932
-1.28032	-1.26181
-1.28174	-1.26406
-1.2831	-1.26619
-1.2852	-1.26824
-1.28662	-1.27048
-1.28767	-1.27237
-1.28845	-1.2748
-1.28914	-1.27738
-1.28987	-1.27963
-1.2916	-1.28222
-1.29314	-1.28456
-1.2947	-1.28747
-1.29599	-1.29021
-1.29778	-1.29217
-1.29961	-1.29335
-1.30145	-1.29443
-1.30323	-1.29567
-1.3049	-1.29698
-1.3065	-1.29823
-1.30806	-1.29961
-1.30919	-1.30069
-1.31024	-1.30191
-1.3107	-1.30279
-1.31129	-1.30388
-1.3124	-1.30488
-1.3138	-1.30521
-1.31494	-1.30529
-1.31638	-1.306
-1.3173	-1.30666
-1.3189	-1.30777
-1.3203	-1.30941
-1.32144	-1.31078
-1.32266	-1.31246
-1.32525	-1.31447
-1.32684	-1.31709
-1.32833	-1.31942
-1.33023	-1.32163
-1.33218	-1.32339
-1.33395	-1.32513
-1.3361	-1.32677
-1.338	-1.32836
-1.34009	-1.32956
-1.34203	-1.33068
-1.34369	-1.33156
-1.34531	-1.3326
-1.3469	-1.33364
-1.34804	-1.33409
-1.34911	-1.33522
-1.35071	-1.33598
-1.35209	-1.33709
-1.35343	-1.339
-1.35587	-1.34
-1.35819	-1.34101
-1.36035	-1.34201
-1.3628	-1.34357
-1.36482	-1.34501
-1.36629	-1.34638
-1.36723	-1.34744
-1.3684	-1.34927
-1.36977	-1.35146
-1.37107	-1.35352
-1.37247	-1.35574
-1.37365	-1.35793
-1.37492	-1.35979
-1.37624	-1.36172
-1.37726	-1.36388
-1.37827	-1.36601
-1.3796	-1.36829
-1.38004	-1.37028
-1.38001	-1.37269
-1.3802	-1.375
-1.38114	-1.37654
-1.38207	-1.37848
-1.3828	-1.38009
-1.38437	-1.38109
-1.38549	-1.38237
-1.38678	-1.3841
-1.38849	-1.38513
-1.39011	-1.38613
-1.39197	-1.38761
-1.39372	-1.3889
-1.39541	-1.39
-1.39665	-1.39097
-1.39787	-1.39173
-1.40021	-1.39323
-1.40241	-1.39466
-1.4055	-1.39577
-1.40873	-1.39734
-1.41162	-1.39893
-1.41455	-1.4002
-1.41735	-1.40142
-1.42009	-1.40275
-1.42303	-1.40316
-1.42602	-1.40306
-1.42802	-1.40293
-1.42992	-1.4028
-1.43181	-1.40272
-1.43412	-1.40171
-1.4361	-1.40079
-1.43796	-1.4007
-1.43998	-1.40073
-1.44204	-1.40063
-1.44394	-1.4001
-1.44565	-1.3996
-1.44731	-1.39912
-1.4486	-1.39877
-1.44947	-1.39914
-1.45001	-1.39942
-1.4507	-1.39918
-1.4512	-1.39866
-1.45164	-1.39825
-1.45141	-1.39782
-1.45103	-1.39719
-1.45066	-1.39636
-1.44946	-1.39583
-1.44815	-1.39497
-1.44687	-1.3945
-1.44536	-1.39393
-1.4437	-1.39357
-1.44228	-1.39302
-1.44149	-1.39245
-1.4409	-1.39176
-1.4403	-1.39087
-1.44002	-1.38964
-1.43979	-1.3885
-1.43948	-1.38728
-1.43925	-1.38605
-1.43877	-1.38478
-1.43867	-1.38331
-1.43838	-1.38174
-1.43931	-1.37982
-1.43999	-1.37803
-1.44074	-1.37619
-1.44113	-1.37407
-1.44175	-1.37243
-1.44229	-1.37091
-1.44288	-1.36986
-1.44374	-1.36883
-1.44477	-1.36786
-1.44624	-1.36667
-1.44767	-1.36536
-1.44918	-1.36408
-1.45066	-1.36246
-1.45185	-1.3609
-1.45276	-1.35958
-1.45383	-1.35804
-1.45459	-1.35648
-1.45552	-1.35491
-1.45634	-1.35302
-1.45713	-1.35109
-1.45765	-1.34944
-1.45813	-1.3477
-1.45807	-1.34521
-1.45817	-1.3429
-1.45834	-1.34082
-1.45889	-1.33913
-1.4594	-1.33771
-1.46078	-1.33588
-1.4621	-1.33414
-1.46277	-1.33309
-1.46318	-1.33212
-1.46366	-1.33105
-1.46422	-1.32968
-1.46413	-1.32725
-1.46425	-1.3249
-1.46418	-1.32198
-1.46417	-1.3194
-1.46351	-1.31688
-1.4628	-1.31455
-1.46299	-1.31197
-1.46342	-1.30972
-1.46429	-1.30764
-1.4647	-1.30534
-1.46512	-1.30314
-1.465	-1.3009
-1.4648	-1.29902
-1.46495	-1.29727
-1.46475	-1.29475
-1.46487	-1.29329
-1.46439	-1.2918
-1.46381	-1.29026
-1.46332	-1.28869
-1.4631	-1.28723
-1.46311	-1.28591
-1.46359	-1.28373
-1.46395	-1.28146
-1.46452	-1.27944
-1.465	-1.27738
-1.46555	-1.27526
-1.46534	-1.27366
-1.46517	-1.27211
-1.46497	-1.27055
-1.4644	-1.26853
-1.4637	-1.26615
-1.46283	-1.26457
-1.46184	-1.26312
-1.4611	-1.26219
-1.46039	-1.2616
-1.45859	-1.26107
-1.45668	-1.26048
-1.45482	-1.25998
-1.45348	-1.25941
-1.45181	-1.25867
-1.45011	-1.25795
-1.44878	-1.25706
-1.44782	-1.25634
-1.44644	-1.25561
-1.44557	-1.25489
-1.44453	-1.25423
-1.44348	-1.25352
-1.44282	-1.25244
-1.4421	-1.25157
-1.44141	-1.25089
-1.44031	-1.24997
-1.43896	-1.2484
-1.43683	-1.24636
-1.43447	-1.24412
-1.4319	-1.24229
-1.42948	-1.2406
-1.42738	-1.23924
-1.4251	-1.23881
-1.42208	-1.23839
-1.41946	-1.23785
-1.41727	-1.23754
-1.41561	-1.23704
-1.41405	-1.23655
-1.41266	-1.23659
-1.41149	-1.23701
-1.41018	-1.23718
-1.40877	-1.23738
-1.40691	-1.23782
-1.40538	-1.23828
-1.40384	-1.23876
-1.40138	-1.2379
-1.39912	-1.23712
-1.3971	-1.23666
-1.39543	-1.23632
-1.39311	-1.23643
-1.39146	-1.23642
-1.39023	-1.23627
-1.38967	-1.23565
-1.38933	-1.23484
-1.38934	-1.2339
-1.38923	-1.23317
-1.38887	-1.23266
-1.38845	-1.23206
-1.38739	-1.23116
-1.38633	-1.23014
-1.3853	-1.22942
-1.38432	-1.22888
-1.38335	-1.22866
-1.38225	-1.22841
-1.38115	-1.22869
-1.37995	-1.22901
-1.37904	-1.22877
-1.37809	-1.22848
-1.37732	-1.22757
-1.37632	-1.22606
-1.3757	-1.22466
-1.37566	-1.22303
-1.37636	-1.2213
-1.37687	-1.2196
-1.37679	-1.21803
-1.37653	-1.21655
-1.37632	-1.21512
-1.37612	-1.21374
-1.37588	-1.21278
-1.37607	-1.21148
-1.3765	-1.21064
-1.37703	-1.20967
-1.37774	-1.2087
-1.37868	-1.20708
-1.37943	-1.20505
-1.3796	-1.20346
-1.37937	-1.20276
-1.37924	-1.20203
-1.37882	-1.20099
-1.37843	-1.19997
-1.37795	-1.19879
-1.37743	-1.19752
-1.37695	-1.19612
-1.37648	-1.1942
-1.37599	-1.19216
-1.37632	-1.18967
-1.37708	-1.18735
-1.37725	-1.18525
-1.37739	-1.18374
-1.37701	-1.1819
-1.37714	-1.18032
-1.37717	-1.17895
-1.37721	-1.17752
-1.37723	-1.17613
-1.3776	-1.17444
-1.37802	-1.1727
-1.3781	-1.17128
-1.3781	-1.16979
-1.3775	-1.16778
-1.37655	-1.16621
-1.37533	-1.16471
-1.3749	-1.16276
-1.3746	-1.16114
-1.37402	-1.1598
-1.373	-1.15862
-1.37201	-1.15694
-1.37067	-1.15488
-1.36912	-1.15294
-1.36799	-1.15093
-1.36721	-1.14947
-1.36553	-1.14752
-1.36312	-1.14539
-1.361	-1.14347
-1.35964	-1.14207
-1.35855	-1.14108
-1.35821	-1.14102
-1.35755	-1.14087
-1.35672	-1.14067
-1.35557	-1.14041
-1.35446	-1.14073
-1.35334	-1.14128
-1.3523	-1.14145
-1.35143	-1.14131
-1.35033	-1.14091
-1.34912	-1.14054
-1.34788	-1.14016
-1.34696	-1.13997
-1.3458	-1.14026
-1.34448	-1.13996
-1.34271	-1.13905
-1.34015	-1.13801
-1.33804	-1.13719
-1.33612	-1.13644
-1.33429	-1.13567
-1.33242	-1.13528
-1.3309	-1.13483
-1.32963	-1.13434
-1.32833	-1.13342
-1.32672	-1.13253
-1.32492	-1.13159
-1.32294	-1.13128
-1.32074	-1.13103
-1.31859	-1.13026
-1.31642	-1.12967
-1.31444	-1.12899
-1.31395	-1.12861
-1.31382	-1.12803
-1.31376	-1.12733
-1.31305	-1.12598
-1.31255	-1.12447
-1.31201	-1.12291
-1.31137	-1.12161
-1.31046	-1.12009
-1.30953	-1.11861
-1.30901	-1.11735
-1.30875	-1.11587
-1.30818	-1.11443
-1.30695	-1.11284
-1.30601	-1.11129
-1.30503	-1.10976
-1.30369	-1.10891
-1.30232	-1.10905
-1.30033	-1.10901
-1.29855	-1.10914
-1.29639	-1.10934
-1.29443	-1.10939
-1.29271	-1.10984
-1.29065	-1.1105
-1.28858	-1.11094
-1.28664	-1.11124
-1.28489	-1.11148
-1.28171	-1.11071
-1.27888	-1.10984
-1.2767	-1.10938
-1.27352	-1.10821
-1.27053	-1.10661
-1.2677	-1.10528
-1.26534	-1.10432
-1.26361	-1.10307
-1.26189	-1.10135
-1.25999	-1.09967
-1.2586	-1.09852
-1.25708	-1.09752
-1.25603	-1.09621
-1.25472	-1.09533
-1.25333	-1.09445
-1.25177	-1.09313
-1.25058	-1.0918
-1.24901	-1.09066
-1.24743	-1.08945
-1.24642	-1.08814
-1.24509	-1.08678
-1.24324	-1.08541
-1.24088	-1.08503
-1.23861	-1.08487
-1.23654	-1.08474
-1.23368	-1.08471
-1.23094	-1.08425
-1.22852	-1.0839
-1.22644	-1.08421
-1.22473	-1.08457
-1.22305	-1.08462
-1.22148	-1.0849
-1.22007	-1.08534
-1.2186	-1.08588
-1.21736	-1.08633
-1.21517	-1.0866
-1.2129	-1.08639
-1.21085	-1.08625
-1.20916	-1.08592
-1.20774	-1.08578
-1.20648	-1.0857
-1.20517	-1.08626
-1.20367	-1.08688
-1.20218	-1.08746
-1.20161	-1.08809
-1.20094	-1.08895
-1.20029	-1.08992
-1.19953	-1.09175
-1.19916	-1.09316
-1.19883	-1.09468
-1.19775	-1.09692
-1.19601	-1.10009
-1.19444	-1.1029
-1.19299	-1.10557
-1.19159	-1.10787
-1.19032	-1.10992
-1.18863	-1.11156
-1.18734	-1.11278
-1.18645	-1.11408
-1.18603	-1.1146
-1.18513	-1.11542
-1.18485	-1.11652
-1.18453	-1.11774
-1.18455	-1.11948
-1.18453	-1.1209
-1.18442	-1.1225
-1.18443	-1.12416
-1.1845	-1.12595
-1.18445	-1.12773
-1.18444	-1.12944
-1.1844	-1.13123
-1.18454	-1.13307
-1.18458	-1.13567
-1.1848	-1.13821
-1.18475	-1.1404
-1.18484	-1.14251
-1.18542	-1.1449
-1.18595	-1.14727
-1.18728	-1.14971
-1.18854	-1.15208
-1.19002	-1.154
-1.19157	-1.15624
-1.19264	-1.15823
-1.19416	-1.15987
-1.19592	-1.1618
-1.19777	-1.163
-1.20096	-1.16465
-1.20337	-1.16661
-1.20594	-1.16818
-1.20732	-1.17004
-1.20877	-1.17139
-1.20953	-1.17278
-1.21058	-1.17428
-1.2117	-1.17564
-1.21281	-1.17703
-1.21468	-1.17823
-1.21546	-1.1786
-1.21604	-1.17918
-1.2168	-1.18018
-1.21688	-1.18059
-1.21685	-1.18157
-1.21583	-1.18158
-1.21475	-1.18214
-1.21331	-1.18322
-1.21179	-1.18443
-1.21031	-1.18599
-1.2089	-1.18751
-1.20747	-1.18897
-1.20629	-1.1901
-1.20522	-1.19135
-1.20428	-1.19264
-1.20329	-1.19389
-1.20224	-1.19503
-1.20124	-1.19601
-1.20022	-1.19706
-1.1991	-1.19819
-1.19817	-1.19973
-1.19689	-1.20097
-1.19546	-1.20211
-1.19419	-1.20328
-1.19294	-1.20437
-1.19115	-1.20529
-1.18952	-1.20572
-1.18799	-1.20625
-1.1868	-1.20753
-1.18555	-1.20927
-1.18391	-1.21019
-1.18219	-1.21133
-1.18031	-1.2121
-1.17856	-1.21283
-1.17697	-1.21345
-1.17598	-1.21446
-1.17482	-1.21525
-1.17355	-1.21591
-1.17307	-1.21679
-1.17249	-1.2176
-1.17177	-1.21859
-1.17122	-1.21944
-1.17047	-1.22068
-1.17015	-1.22216
-1.1686	-1.22437
-1.16629	-1.22715
-1.16406	-1.22997
-1.16197	-1.23226
-1.16044	-1.23437
-1.15896	-1.23605
-1.15777	-1.23783
-1.15692	-1.24
-1.15624	-1.24204
-1.15584	-1.24379
-1.15363	-1.24552
-1.15159	-1.24709
-1.14979	-1.24851
-1.14721	-1.24971
-1.14524	-1.25071
-1.14305	-1.25202
-1.14087	-1.25298
-1.13868	-1.25391
-1.13665	-1.2548
-1.13462	-1.25562
-1.13266	-1.25631
-1.13039	-1.25656
-1.12825	-1.25645
-1.12616	-1.25646
-1.12389	-1.25657
-1.12102	-1.25601
-1.11868	-1.25586
-1.11673	-1.25542
-1.11493	-1.25474
-1.11331	-1.25382
-1.11164	-1.25302
-1.10993	-1.25263
-1.10895	-1.25282
-1.10752	-1.25342
-1.10667	-1.25436
-1.10575	-1.25541
-1.10501	-1.2562
-1.10461	-1.25637
-1.1035	-1.25652
-1.10268	-1.25753
-1.10218	-1.25841
-1.10144	-1.25949
-1.10075	-1.26069
-1.10018	-1.26162
-1.09962	-1.26265
-1.09867	-1.26364
-1.09762	-1.26509
-1.09646	-1.26661
-1.0958	-1.26772
-1.0947	-1.2689
-1.09343	-1.27039
-1.09258	-1.27273
-1.09128	-1.27526
-1.08931	-1.27728
-1.08747	-1.27908
-1.08603	-1.28054
-1.08436	-1.28196
-1.08192	-1.28338
-1.07985	-1.28542
-1.07799	-1.28748
-1.07614	-1.28976
-1.07429	-1.2916
-1.07193	-1.29348
-1.06974	-1.29523
-1.06771	-1.29687
-1.06535	-1.29835
-1.06319	-1.29972
-1.06148	-1.30106
-1.05946	-1.30212
-1.05808	-1.30326
-1.05674	-1.30439
-1.05542	-1.30551
-1.05423	-1.30669
-1.05346	-1.30807
-1.05266	-1.309
-1.05184	-1.31074
-1.05109	-1.31248
-1.05026	-1.31343
-1.04881	-1.31524
-1.04778	-1.31693
-1.04728	-1.3186
-1.04666	-1.3203
-1.04606	-1.32195
-1.04459	-1.32412
-1.04322	-1.32602
-1.04178	-1.328
-1.04101	-1.32921
-1.03995	-1.33093
-1.03885	-1.33215
-1.0373	-1.3332
-1.03584	-1.33423
-1.03407	-1.33561
-1.03242	-1.3368
-1.03093	-1.3379
-1.02902	-1.33876
-1.02716	-1.33962
-1.02552	-1.3406
-1.02399	-1.34156
-1.02303	-1.34228
-1.02194	-1.34289
-1.02077	-1.34368
-1.01939	-1.34509
-1.01855	-1.34618
-1.01789	-1.34747
-1.01715	-1.34859
-1.01648	-1.34974
-1.0158	-1.35078
-1.01485	-1.35204
-1.01467	-1.35315
-1.01444	-1.35379
-1.01475	-1.35375
-1.01544	-1.35372
-1.01671	-1.35375
-1.01831	-1.35399
-1.02035	-1.35453
-1.02257	-1.35595
-1.02505	-1.35763
-1.02721	-1.35903
-1.02905	-1.36042
-1.03087	-1.36188
-1.03276	-1.36297
-1.03444	-1.364
-1.03607	-1.36484
-1.03761	-1.36552
-1.03847	-1.36704
-1.03971	-1.36908
-1.04112	-1.37071
-1.04229	-1.3723
-1.04393	-1.37381
-1.04633	-1.37565
-1.0485	-1.37731
-1.05039	-1.37936
-1.05238	-1.38143
-1.0542	-1.38339
-1.05578	-1.3852
-1.05723	-1.38692
-1.0586	-1.38799
-1.06096	-1.38908
-1.06327	-1.39072
-1.06566	-1.39168
-1.06788	-1.39269
-1.07029	-1.39362
-1.07249	-1.39445
-1.07456	-1.39522
-1.07702	-1.39582
-1.07935	-1.39657
-1.08135	-1.39771
-1.08344	-1.39831
-1.08473	-1.3987
-1.08623	-1.39914
-1.08809	-1.39983
-1.08937	-1.40017
-1.09078	-1.39994
-1.09201	-1.40021
-1.09295	-1.40054
-1.09382	-1.40134
-1.095	-1.40227
-1.09648	-1.40334
-1.09744	-1.40405
-1.0991	-1.40549
-1.10075	-1.40707
-1.10254	-1.40831
-1.10416	-1.40936
-1.10574	-1.41043
-1.10745	-1.41123
-1.10937	-1.4124
-1.11144	-1.41338
-1.11331	-1.41425
-1.11479	-1.41484
-1.11599	-1.41545
-1.11715	-1.41587
-1.11832	-1.41634
-1.1196	-1.41691
-1.12096	-1.41748
-1.12235	-1.41803
-1.12384	-1.41794
-1.12548	-1.41758
-1.12688	-1.41751
-1.12851	-1.4177
-1.13026	-1.41756
-1.13158	-1.41769
-1.13312	-1.41806
-1.13495	-1.41846
-1.13682	-1.41889
-1.13936	-1.41894
-1.14191	-1.41851
-1.14424	-1.41817
-1.14648	-1.41815
-1.14827	-1.41888
-1.14966	-1.41968
-1.15088	-1.42073
-1.15173	-1.42191
-1.15262	-1.42316
-1.15352	-1.42448
-1.15458	-1.42599
-1.15505	-1.42764
-1.15551	-1.42943
-1.15571	-1.43137
-1.15584	-1.43327
-1.156	-1.43505
-1.15626	-1.43654
-1.1563	-1.43815
-1.15619	-1.43973
-1.15623	-1.44148
-1.15706	-1.44324
-1.15784	-1.44495
-1.15853	-1.44687
-1.15898	-1.44891
-1.1593	-1.45064
-1.1594	-1.45294
-1.15925	-1.45484
-1.15863	-1.45716
-1.15806	-1.45936
-1.15754	-1.46161
-1.15712	-1.46379
-1.15709	-1.46616
-1.15724	-1.46857
-1.15693	-1.47114
-1.15611	-1.47361
-1.1551	-1.47612
-1.15353	-1.47892
-1.15227	-1.48208
-1.15124	-1.4846
-1.15052	-1.48675
-1.14959	-1.48938
-1.14867	-1.49182
-1.14772	-1.49369
-1.14698	-1.49554
-1.14626	-1.49737
-1.14509	-1.49908
-1.14364	-1.5009
-1.14284	-1.50274
-1.14177	-1.50445
-1.14053	-1.50624
-1.13939	-1.50778
-1.13801	-1.5101
-1.13724	-1.51138
-1.13642	-1.51243
-1.13557	-1.51351
-1.13464	-1.51485
-1.13357	-1.51657
-1.13327	-1.51821
-1.13312	-1.51988
-1.13267	-1.52146
-1.13212	-1.52251
-1.13187	-1.52413
-1.13122	-1.52592
-1.13103	-1.52803
-1.13028	-1.52926
-1.13056	-1.52968
-1.13049	-1.53065
-1.13011	-1.53166
-1.12967	-1.53334
-1.1292	-1.53517
-1.12818	-1.53599
-1.12744	-1.53679
-1.12665	-1.53761
-1.12568	-1.53853
-1.12541	-1.53993
-1.12505	-1.54136
-1.12481	-1.54321
-1.12446	-1.54506
-1.12406	-1.54687
-1.12414	-1.54924
-1.12427	-1.5515
-1.12449	-1.55359
-1.12429	-1.55587
-1.12415	-1.55812
-1.12394	-1.56139
-1.12401	-1.56457
-1.12396	-1.56661
-1.12376	-1.56846
-1.12315	-1.57058
-1.12184	-1.5724
-1.12108	-1.57417
-1.12065	-1.57598
-1.11997	-1.57747
-1.11955	-1.57891
-1.11958	-1.57999
-1.11962	-1.58113
-1.12024	-1.58208
-1.1212	-1.58319
-1.12207	-1.58431
-1.12329	-1.58536
-1.12451	-1.58644
-1.12553	-1.58779
-1.12659	-1.58917
-1.12746	-1.58991
-1.12844	-1.5912
-1.12934	-1.59252
-1.1302	-1.59416
-1.13141	-1.59564
-1.1325	-1.59687
-1.13305	-1.59827
-1.13379	-1.59938
-1.13437	-1.60158
-1.13491	-1.6037
-1.1351	-1.60591
-1.13552	-1.60816
-1.13619	-1.61024
-1.13684	-1.61234
-1.13664	-1.61467
-1.13639	-1.61711
-1.13641	-1.61956
-1.13644	-1.62181
-1.13648	-1.6239
-1.1366	-1.62572
-1.13668	-1.62756
-1.13693	-1.62952
-1.13742	-1.63174
-1.13819	-1.63365
-1.13855	-1.635
-1.13964	-1.63693
-1.14087	-1.63868
-1.14215	-1.64071
-1.14332	-1.64258
-1.14441	-1.64448
-1.14541	-1.64637
-1.14631	-1.64782
-1.147	-1.6491
-1.14779	-1.65077
-1.14837	-1.65198
-1.14903	-1.65362
-1.15025	-1.65451
-1.15151	-1.65671
-1.15271	-1.6583
-1.15367	-1.66003
-1.15463	-1.66207
-1.15449	-1.66328
-1.15471	-1.66432
-1.15493	-1.66548
-1.15524	-1.66667
-1.15551	-1.6677
-1.15596	-1.66883
-1.15652	-1.66996
-1.15704	-1.67104
-1.15726	-1.67198
-1.15728	-1.67305
-1.15763	-1.67428
-1.15865	-1.67525
-1.15972	-1.67618
-1.1606	-1.67745
-1.16124	-1.67879
-1.16138	-1.68041
-1.16136	-1.68187
-1.16134	-1.68342
-1.1613	-1.68508
-1.16145	-1.68711
-1.16131	-1.68911
-1.16114	-1.69054
-1.16151	-1.69223
-1.16173	-1.69427
-1.1625	-1.69689
-1.16285	-1.69879
-1.16308	-1.69979
-1.16465	-1.70136
-1.16565	-1.70317
-1.16707	-1.70482
-1.16836	-1.70628
-1.16997	-1.70796
-1.17167	-1.70919
-1.17327	-1.71028
-1.17444	-1.71111
-1.17536	-1.71204
-1.17662	-1.71368
-1.17757	-1.71573
-1.17857	-1.71768
-1.17948	-1.7191
-1.18011	-1.72035
-1.18097	-1.72161
-1.18164	-1.72268
-1.18173	-1.72474
-1.18183	-1.72606
-1.18196	-1.72736
-1.18205	-1.72865
-1.18194	-1.73004
-1.18187	-1.73086
-1.18183	-1.73206
-1.18199	-1.73303
-1.18197	-1.73372
-1.18168	-1.73413
-1.18218	-1.7344
-1.18213	-1.73414
-1.18198	-1.7333
-1.1819	-1.73219
-1.18216	-1.73118
-1.18257	-1.72947
-1.1832	-1.72773
-1.18377	-1.72628
-1.1844	-1.72484
-1.18511	-1.72318
-1.18539	-1.72126
-1.18554	-1.71928
-1.18564	-1.71766
-1.18591	-1.71544
-1.18542	-1.71343
-1.1844	-1.71183
-1.18339	-1.7099
-1.18267	-1.70775
-1.18177	-1.7058
-1.18105	-1.70401
-1.18022	-1.70189
-1.17914	-1.69986
-1.17774	-1.69828
-1.17646	-1.69684
-1.17557	-1.69562
-1.17473	-1.69462
-1.17394	-1.69361
-1.1733	-1.69289
-1.1722	-1.69215
-1.17145	-1.69137
-1.1707	-1.69057
-1.17002	-1.68999
-1.17001	-1.68976
-1.16999	-1.68924
-1.17001	-1.68856
-1.1701	-1.68778
-1.17121	-1.68712
-1.17235	-1.68649
-1.17398	-1.68566
-1.17566	-1.68481
-1.17751	-1.68429
-1.17974	-1.68382
-1.18161	-1.68356
-1.18315	-1.68382
-1.18543	-1.68379
-1.18747	-1.68375
-1.18965	-1.68344
-1.19161	-1.68294
-1.19388	-1.68313
-1.19532	-1.684
-1.19664	-1.68491
-1.19848	-1.68557
-1.20053	-1.68617
-1.2024	-1.68673
-1.20442	-1.68695
-1.20646	-1.68744
-1.20839	-1.68781
-1.21014	-1.68804
-1.21187	-1.68828
-1.21435	-1.68793
-1.21672	-1.68756
-1.21943	-1.68744
-1.22217	-1.68773
-1.22467	-1.68801
-1.22644	-1.6878
-1.22863	-1.68769
-1.23092	-1.68769
-1.23298	-1.68752
-1.23526	-1.68719
-1.2368	-1.6867
-1.23834	-1.68622
-1.24017	-1.68641
-1.24217	-1.68685
-1.24402	-1.68729
-1.24589	-1.68766
-1.24683	-1.68851
-1.24771	-1.68951
-1.24869	-1.69084
-1.24968	-1.69215
-1.25031	-1.6927
-1.25106	-1.69368
-1.25245	-1.69419
-1.25386	-1.69532
-1.25451	-1.69643
-1.25514	-1.69757
-1.25588	-1.69845
-1.25757	-1.69884
-1.25953	-1.69879
-1.26136	-1.69925
-1.26286	-1.69915
-1.26464	-1.69909
-1.26663	-1.69886
-1.26878	-1.69936
-1.27077	-1.69979
-1.27236	-1.70024
-1.27398	-1.70044
-1.27566	-1.70013
-1.27683	-1.69964
-1.27797	-1.69951
-1.27962	-1.69892
-1.28066	-1.69872
-1.28163	-1.69807
-1.28226	-1.69704
-1.28286	-1.69588
-1.28361	-1.69486
-1.28423	-1.69405
-1.28503	-1.69253
-1.28526	-1.69126
-1.28533	-1.68998
-1.28536	-1.68882
-1.28525	-1.68808
-1.28525	-1.68707
-1.28542	-1.68569
-1.28559	-1.68402
-1.28564	-1.68242
-1.28566	-1.68085
-1.28565	-1.67937
-1.28519	-1.67733
-1.28481	-1.67537
-1.28443	-1.67332
-1.28389	-1.67159
-1.28437	-1.67042
-1.28537	-1.66905
-1.28643	-1.66737
-1.28758	-1.66618
-1.28859	-1.66516
-1.28966	-1.6642
-1.29071	-1.66302
-1.29198	-1.66171
-1.29349	-1.66015
-1.29488	-1.65874
-1.29623	-1.65702
-1.29742	-1.6554
-1.29863	-1.65392
-1.29981	-1.65223
-1.30089	-1.65046
-1.30206	-1.64807
-1.30289	-1.6463
-1.30383	-1.64486
-1.30449	-1.64391
-1.30485	-1.64304
-1.30447	-1.64243
-1.30413	-1.64184
-1.30409	-1.64082
-1.30414	-1.63971
-1.30411	-1.6388
-1.30462	-1.63788
-1.30511	-1.63639
-1.30576	-1.63511
-1.30663	-1.63399
-1.3079	-1.63262
-1.30982	-1.63138
-1.31305	-1.63093
-1.31611	-1.63059
-1.31762	-1.62985
-1.31978	-1.62916
-1.32166	-1.62864
-1.32359	-1.6282
-1.32568	-1.6277
-1.32795	-1.62698
-1.32977	-1.62631
-1.33116	-1.62571
-1.3329	-1.62483
-1.33448	-1.6239
-1.33648	-1.62285
-1.3382	-1.62256
-1.33982	-1.62229
-1.34178	-1.622
-1.34381	-1.62164
-1.34591	-1.6214
-1.34789	-1.62126
-1.34971	-1.62114
-1.35155	-1.62097
-1.3537	-1.61978
-1.3557	-1.61855
-1.35749	-1.61743
-1.35883	-1.61584
-1.36017	-1.61434
-1.36195	-1.6121
-1.3633	-1.6102
-1.36447	-1.6084
-1.36557	-1.60642
-1.36668	-1.60462
-1.36838	-1.60297
-1.36974	-1.60166
-1.37157	-1.60098
-1.37401	-1.59962
-1.3769	-1.59867
-1.37954	-1.59723
-1.38164	-1.59677
-1.38448	-1.59634
-1.38766	-1.59576
-1.39056	-1.59403
-1.39341	-1.59228
-1.39576	-1.5905
-1.39841	-1.58852
-1.40092	-1.58727
-1.40342	-1.58613
-1.40611	-1.58494
-1.40868	-1.58422
-1.41117	-1.58344
-1.41361	-1.58251
-1.41534	-1.58137
-1.41616	-1.58039
-1.41703	-1.5792
-1.41836	-1.57715
-1.4198	-1.57477
-1.42113	-1.57259
-1.42255	-1.57076
-1.42359	-1.5691
-1.4246	-1.56756
-1.4256	-1.56612
-1.42649	-1.5648
-1.42739	-1.56349
-1.42801	-1.56234
-1.4284	-1.5613
-1.42839	-1.56006
-1.42834	-1.55865
-1.42831	-1.55717
-1.42813	-1.55561
-1.42817	-1.55376
-1.42812	-1.55186
-1.42806	-1.54995
-1.42841	-1.54912
-1.42891	-1.5481
-1.42904	-1.54637
-1.42925	-1.54514
-1.42963	-1.54309
-1.43	-1.54114
-1.43045	-1.53872
-1.43116	-1.53653
-1.43246	-1.53483
-1.43352	-1.53355
-1.43469	-1.53164
-1.43547	-1.53036
-1.43631	-1.52913
-1.43778	-1.52734
-1.43909	-1.52553
-1.44038	-1.52382
-1.44171	-1.52168
-1.44274	-1.51992
-1.44409	-1.51823
-1.4464	-1.51691
-1.44883	-1.51631
-1.45131	-1.51552
-1.45376	-1.51456
-1.4559	-1.51389
-1.45792	-1.51328
-1.4597	-1.5132
-1.46179	-1.51269
-1.46426	-1.51255
-1.46665	-1.51187
-1.46912	-1.51113
-1.4711	-1.51071
-1.47319	-1.51079
-1.47556	-1.51044
-1.47781	-1.5102
-1.47965	-1.51018
-1.48165	-1.50992
-1.48281	-1.50977
-1.48278	-1.50938
-1.48259	-1.5086
-1.48198	-1.50719
-1.48084	-1.50507
-1.47992	-1.50301
-1.4797	-1.5007
-1.47962	-1.49783
-1.47959	-1.49516
-1.47874	-1.49238
-1.47794	-1.48974
-1.47706	-1.48715
-1.47627	-1.48476
-1.47576	-1.48292
-1.4757	-1.48105
-1.47563	-1.47922
-1.47588	-1.4784
-1.47618	-1.47745
-1.47648	-1.47681
-1.47664	-1.47544
-1.47669	-1.47443
-1.47668	-1.47296
-1.47684	-1.47111
-1.47762	-1.47035
-1.47807	-1.46953
-1.47854	-1.46813
-1.47905	-1.46671
-1.47948	-1.46598
-1.47975	-1.46505
-1.48006	-1.46399
-1.48037	-1.46283
-1.48104	-1.46207
-1.48163	-1.46114
-1.48219	-1.45916
-1.48273	-1.45724
-1.48321	-1.45508
-1.48348	-1.45327
-1.48369	-1.45179
-1.48332	-1.4503
-1.48297	-1.44883
-1.48312	-1.44684
-1.48366	-1.44519
-1.48326	-1.44446
-1.48268	-1.44421
-1.48196	-1.44307
-1.48065	-1.44162
-1.47957	-1.4402
-1.47854	-1.43883
-1.4772	-1.43742
-1.47604	-1.43609
-1.47479	-1.43512
-1.47319	-1.43471
-1.47192	-1.4344
-1.47016	-1.43496
-1.46844	-1.4354
-1.46675	-1.43581
-1.46436	-1.43665
-1.462	-1.4372
-1.46031	-1.43734
-1.45862	-1.43746
-1.45617	-1.43748
-1.45431	-1.43678
-1.45259	-1.43609
-1.45015	-1.43517
-1.44718	-1.43472
-1.44427	-1.43454
-1.44152	-1.43435
-1.43899	-1.4344
-1.43755	-1.43486
-1.43642	-1.43553
-1.43498	-1.43547
-1.43274	-1.43537
-1.43094	-1.43429
-1.42879	-1.4338
-1.42675	-1.43332
-1.42502	-1.43279
-1.42391	-1.43219
-1.42286	-1.43148
-1.42177	-1.43077
-1.4204	-1.43078
-1.41912	-1.43016
-1.41793	-1.42964
-1.41669	-1.42927
-1.4154	-1.42848
-1.41394	-1.42746
-1.4125	-1.42599
-1.41042	-1.42405
-1.40849	-1.42226
-1.40626	-1.42003
-1.40353	-1.41776
-1.40111	-1.41564
-1.39878	-1.41444
-1.39661	-1.41321
-1.39401	-1.41283
-1.39162	-1.4123
-1.38863	-1.41162
-1.38657	-1.4113
-1.38453	-1.41089
-1.38314	-1.41032
-1.38172	-1.40962
-1.38058	-1.40882
-1.38028	-1.40728
-1.37987	-1.40525
-1.37873	-1.40277
-1.37771	-1.40041
-1.37666	-1.39824
-1.37554	-1.39632
-1.37413	-1.39464
-1.37306	-1.39279
-1.37208	-1.39106
-1.37138	-1.38915
-1.37065	-1.38711
-1.36965	-1.38543
-1.36851	-1.38387
-1.36757	-1.38239
-1.36635	-1.38114
-1.36446	-1.37908
-1.36307	-1.37685
-1.36173	-1.37478
-1.36046	-1.37295
-1.35941	-1.37111
-1.35806	-1.36922
-1.35722	-1.36732
-1.35633	-1.36572
-1.35553	-1.36431
-1.35485	-1.36308
-1.35423	-1.36087
-1.35325	-1.35874
-1.35297	-1.35655
-1.35271	-1.35438
-1.35189	-1.35177
-1.35135	-1.34906
-1.35008	-1.34672
-1.34889	-1.34451
-1.34753	-1.34268
-1.34626	-1.34107
-1.34501	-1.33957
-1.34424	-1.33858
-1.34348	-1.33773
-1.3423	-1.33741
-1.34212	-1.33706
-1.34154	-1.33619
-1.34168	-1.33537
-1.34234	-1.33464
-1.34304	-1.33319
-1.34345	-1.3321
-1.34366	-1.33126
-1.34402	-1.33041
-1.34428	-1.32972
-1.3446	-1.32889
-1.34477	-1.32813
-1.34534	-1.32699
-1.34686	-1.32555
-1.34815	-1.3244
-1.34941	-1.32335
-1.35017	-1.32225
-1.3514	-1.32072
-1.35255	-1.31952
-1.35364	-1.31819
-1.35494	-1.3169
-1.35739	-1.31568
-1.35989	-1.31446
-1.36217	-1.31364
-1.3643	-1.31265
-1.36576	-1.31164
-1.36755	-1.31054
-1.37023	-1.30927
-1.37264	-1.30813
-1.37496	-1.3071
-1.37776	-1.30627
-1.38	-1.3057
-1.38204	-1.30526
-1.38332	-1.30458
-1.38458	-1.30368
-1.38624	-1.30316
-1.388	-1.30261
-1.38959	-1.30201
-1.39115	-1.30156
-1.39253	-1.30126
-1.39467	-1.30098
-1.39631	-1.3011
-1.39792	-1.30123
-1.39876	-1.30116
-1.39922	-1.3009
-1.39988	-1.30044
-1.40126	-1.29996
-1.40274	-1.29942
-1.40419	-1.299
-1.40591	-1.29854
-1.40762	-1.2989
-1.40937	-1.2992
-1.41251	-1.29944
-1.41562	-1.29985
-1.41824	-1.29977
-1.42133	-1.29978
-1.42384	-1.29992
-1.42606	-1.30014
-1.42801	-1.30016
-1.43056	-1.30017
-1.43306	-1.3001
-1.43527	-1.29945
-1.43735	-1.29875
-1.4396	-1.298
-1.44272	-1.29657
-1.44543	-1.2957
-1.44779	-1.29468
-1.44983	-1.29366
-1.45151	-1.29297
-1.45347	-1.29237
-1.4554	-1.29181
-1.45809	-1.2913
-1.46063	-1.29115
-1.46305	-1.29083
-1.46555	-1.29043
-1.46768	-1.28994
-1.46958	-1.28994
-1.47189	-1.29022
-1.47347	-1.28997
-1.47497	-1.28977
-1.47643	-1.28943
-1.47775	-1.28895
-1.47872	-1.2883
-1.47975	-1.28755
-1.48075	-1.28689
-1.48225	-1.28695
-1.48314	-1.28655
-1.48392	-1.28622
-1.48476	-1.2856
-1.48687	-1.28503
-1.48884	-1.28408
-1.49102	-1.2826
-1.49296	-1.28124
-1.49466	-1.28019
-1.49703	-1.27934
-1.49885	-1.27822
-1.50074	-1.27745
-1.50232	-1.27603
-1.50391	-1.2747
-1.5061	-1.27408
-1.50836	-1.27294
-1.51026	-1.27194
-1.51229	-1.27101
-1.51433	-1.27069
-1.51554	-1.27053
-1.51672	-1.27041
-1.51797	-1.27028
-1.51926	-1.27006
-1.52066	-1.26973
-1.52213	-1.26935
-1.52373	-1.26855
-1.52561	-1.26775
-1.52751	-1.26685
-1.52946	-1.26603
-1.53186	-1.26533
-1.53429	-1.26487
-1.5369	-1.26469
-1.53933	-1.26454
-1.54113	-1.264
-1.54292	-1.26337
-1.54489	-1.26292
-1.54678	-1.26235
-1.54766	-1.26132
-1.54858	-1.26025
-1.5494	-1.25896
-1.55035	-1.25736
-1.55149	-1.25511
-1.55261	-1.25302
-1.55308	-1.2508
-1.55365	-1.24862
-1.55409	-1.24718
-1.55436	-1.24533
-1.55447	-1.24355
-1.55406	-1.24192
-1.55373	-1.24108
-1.55313	-1.24089
