0.00428095	0.00460151
0.00803947	0.00852767
0.0112549	0.0122108
0.0131114	0.0158624
0.0146408	0.018925
0.0160977	0.0210972
0.0175461	0.0229661
0.0187333	0.0243729
0.0201739	0.0255941
0.021347	0.0272396
0.0222367	0.0287264
0.022632	0.029839
0.0234804	0.0310162
0.0242433	0.0329088
0.02518	0.0350684
0.0258316	0.0370552
0.0270462	0.0391404
0.0278763	0.0415874
0.0297802	0.0438661
0.0316726	0.0457436
0.0329474	0.0479233
0.0342407	0.0496054
0.0354877	0.0512005
0.0368924	0.0526931
0.0381269	0.0543548
0.0393136	0.0559263
0.0403191	0.0572472
0.041239	0.0585755
0.0421561	0.0600137
0.0430899	0.0614255
0.0444164	0.0629004
0.0462836	0.064318
0.0484976	0.0666021
0.0503287	0.0685469
0.0520421	0.0704001
0.0536575	0.0720515
0.055134	0.0736107
0.0565986	0.0749885
0.0579809	0.076289
0.0589511	0.0778121
0.0599142	0.0793157
0.0615244	0.0814688
0.0637177	0.0828532
0.0662718	0.0840987
0.0686061	0.0852981
0.0708097	0.0861764
0.0731003	0.0868463
0.0742244	0.0867538
0.076148	0.0866702
0.0776696	0.0858256
0.0788846	0.0846626
0.0796609	0.0835629
0.080922	0.0826766
0.0825908	0.0814866
0.0843047	0.0801063
0.0865012	0.0799294
0.0887472	0.0793187
0.0909276	0.0790346
0.0945603	0.0790144
0.0972339	0.0788567
0.0995748	0.0794224
0.10186	0.0796709
0.103868	0.0799214
0.105022	0.0808272
0.10635	0.0820588
0.107776	0.0833664
0.109474	0.0840155
0.110975	0.0846838
0.112521	0.0852756
0.114077	0.0860773
0.11556	0.0869223
0.116395	0.0879435
0.117154	0.0887131
0.118213	0.089492
0.119886	0.0913306
0.121458	0.0930463
0.122666	0.0942417
0.124051	0.094691
0.125516	0.0949866
0.127254	0.0939148
0.1291	0.0931821
0.130881	0.0918548
0.132074	0.0903003
0.132956	0.0894551
0.13388	0.088093
0.135696	0.0872805
0.137535	0.086742
0.139086	0.0867647
0.140937	0.0866409
0.142568	0.086672
0.144233	0.0865977
0.145764	0.08673
0.147282	0.0869857
0.148818	0.0872838
0.150733	0.0879273
0.152334	0.0885598
0.154059	0.0894377
0.155497	0.0909749
0.156867	0.0921905
0.158295	0.0934875
0.159947	0.0945718
0.161232	0.0948759
0.162927	0.0955249
0.164668	0.0962766
0.166418	0.0972114
0.168055	0.0988045
0.169514	0.0995588
0.170972	0.0999265
0.172641	0.0995053
0.174259	0.0990639
0.17566	0.0991044
0.177235	0.0991668
0.178545	0.0987235
0.180131	0.0981609
0.182431	0.0976953
0.18476	0.097096
0.187304	0.0961116
0.189793	0.0946188
0.192091	0.0932476
0.194653	0.0919322
0.197023	0.0906796
0.199331	0.0893669
0.201814	0.0883985
0.204182	0.087491
0.206511	0.0866784
0.208733	0.0859321
0.210855	0.0851007
0.213347	0.0843403
0.215668	0.0840416
0.217981	0.0847478
0.220122	0.0857838
0.222234	0.0866996
0.224417	0.0873542
0.226866	0.0877076
0.229156	0.0880344
0.231029	0.088308
0.232163	0.0888883
0.233017	0.0887189
0.233458	0.0878557
0.233313	0.0878199
0.232735	0.0873632
0.232029	0.0870693
0.2314	0.0864285
0.230669	0.0855084
0.230187	0.0845089
0.229326	0.0834092
0.228288	0.0824742
0.227132	0.0815229
0.225814	0.0809606
0.224162	0.0802788
0.221699	0.0794434
0.219385	0.078527
0.217137	0.0782837
0.215026	0.0778206
0.211082	0.0764296
0.20708	0.0752511
0.203318	0.0738793
0.20004	0.0725382
0.197596	0.071617
0.195962	0.0708894
0.194183	0.0701016
0.19252	0.0697266
0.190907	0.0693693
0.18932	0.0690102
0.18803	0.0686637
0.186221	0.0690924
0.18445	0.0695273
0.182723	0.0699578
0.18108	0.070634
0.179578	0.0713675
0.177442	0.0710728
0.175376	0.0710714
0.172773	0.0711879
0.170395	0.0713232
0.168277	0.0724348
0.165889	0.0739316
0.163656	0.0753087
0.161656	0.0764891
0.159625	0.0780399
0.157565	0.079417
0.155351	0.0802563
0.152893	0.0808424
0.150854	0.0811453
0.148857	0.0816029
0.146908	0.0828664
0.14507	0.0840794
0.143323	0.0852435
0.14151	0.0863855
0.139273	0.0875993
0.13722	0.0887065
0.135057	0.0896512
0.132928	0.0902694
0.1298	0.090699
0.127222	0.0905449
0.124884	0.0906109
0.122683	0.0907049
0.120526	0.0905694
0.119087	0.0905836
0.117582	0.0908211
0.115774	0.091133
0.11405	0.0914777
0.112247	0.0919536
0.110592	0.0925156
0.108739	0.0931502
0.107007	0.0937649
0.1056	0.0944201
0.104291	0.0949596
0.102892	0.0950714
0.10146	0.09511
0.0999623	0.0950501
0.0986836	0.0954642
0.0973786	0.095968
0.0958248	0.0965656
0.0944906	0.0977196
0.0930826	0.0985801
0.0917137	0.0994085
0.0898888	0.100176
0.0879744	0.100877
0.0861357	0.102137
0.0851716	0.103471
0.0835377	0.105236
0.0820692	0.106376
0.0808813	0.107553
0.0794242	0.108417
0.0780135	0.109273
0.0762964	0.110161
0.0747951	0.111053
0.0734599	0.112344
0.0722993	0.113918
0.0711109	0.115397
0.0704194	0.117161
0.0697451	0.119019
0.069026	0.120789
0.0683411	0.122623
0.067671	0.124112
0.0670436	0.125795
0.066449	0.127458
0.0660293	0.129075
0.0652104	0.130521
0.064712	0.13236
0.0641971	0.134136
0.0633662	0.135397
0.0622973	0.135882
0.0611689	0.136414
0.0603433	0.137103
0.0589193	0.137524
0.0573212	0.138324
0.0557062	0.138648
0.0541548	0.13895
0.0526773	0.139433
0.0509019	0.139769
0.0485369	0.140275
0.0465642	0.140429
0.0446896	0.139496
0.0430025	0.138461
0.0412512	0.13734
0.0395824	0.136107
0.0386477	0.134993
0.0375885	0.134432
0.0365227	0.133642
0.035587	0.132993
0.0342821	0.132271
0.0330891	0.131092
0.0317739	0.129323
0.0304618	0.127672
0.0288281	0.125904
0.0265544	0.124146
0.0236387	0.122198
0.0210899	0.120949
0.0191054	0.119741
0.0175076	0.118614
0.0159399	0.117785
0.0143456	0.116926
0.0126849	0.115413
0.011065	0.113982
0.00951076	0.112928
0.00806305	0.112004
0.00629951	0.111647
0.00517931	0.110943
0.00443483	0.109871
0.00360693	0.108854
0.00236134	0.107661
0.00142774	0.106372
0.000432145	0.105489
-0.000926128	0.104396
-0.0025414	0.103163
-0.0040012	0.102402
-0.00493869	0.101453
-0.00676723	0.100497
-0.00893838	0.0997852
-0.0101323	0.100455
-0.0113273	0.10079
-0.0121917	0.101017
-0.0132038	0.101209
-0.0143362	0.101764
-0.015577	0.10232
-0.0174362	0.103279
-0.0191626	0.104239
-0.0214052	0.105015
-0.0236179	0.105759
-0.0255623	0.107329
-0.0278117	0.109042
-0.0296252	0.11004
-0.0318704	0.111531
-0.0340191	0.112799
-0.0364784	0.113975
-0.0387249	0.115105
-0.0401019	0.115502
-0.0413608	0.115499
-0.0423123	0.116046
-0.0430235	0.117204
-0.0436857	0.118237
-0.0454759	0.120195
-0.0467041	0.121711
-0.0474558	0.123143
-0.048762	0.124535
-0.0501168	0.125925
-0.0519171	0.127487
-0.0543304	0.129275
-0.056545	0.130904
-0.0582776	0.13295
-0.0598288	0.134599
-0.0604338	0.136374
-0.0610797	0.138311
-0.0621972	0.139699
-0.0625074	0.140576
-0.0634679	0.142186
-0.0643437	0.14354
-0.0651916	0.144876
-0.0661061	0.146226
-0.0670676	0.147546
-0.0672635	0.148912
-0.0674568	0.149505
-0.0681125	0.150077
-0.0687612	0.150862
-0.0688924	0.151777
-0.0692499	0.152542
-0.0696499	0.15261
-0.0706913	0.15229
-0.0718121	0.151761
-0.0729489	0.150909
-0.0742257	0.149958
-0.0752141	0.1487
-0.0764755	0.147203
-0.0777106	0.145322
-0.0788533	0.143643
-0.0798314	0.142009
-0.0811817	0.140556
-0.0823812	0.139119
-0.0834467	0.137852
-0.0841888	0.136618
-0.0849756	0.134862
-0.085846	0.133138
-0.0863598	0.131191
-0.0871312	0.129316
-0.0878749	0.127621
-0.0883666	0.126596
-0.0888807	0.125544
-0.0896664	0.123616
-0.0907996	0.121881
-0.0916027	0.12002
-0.0922685	0.117927
-0.0920221	0.11624
-0.0917218	0.114512
-0.0909203	0.112667
-0.0899677	0.110996
-0.0889656	0.109316
-0.0890203	0.108291
-0.0886332	0.106905
-0.0880281	0.105735
-0.0878471	0.105068
-0.0876852	0.10476
-0.0876608	0.1043
-0.088283	0.103233
-0.0893403	0.101352
-0.090512	0.099343
-0.0916353	0.098325
-0.0927787	0.0971628
-0.0940718	0.0961692
-0.095348	0.0948282
-0.0962441	0.0938253
-0.0971101	0.0932966
-0.0976679	0.0927911
-0.0985342	0.0929583
-0.0991736	0.0935466
-0.100016	0.0942089
-0.100973	0.0952674
-0.102284	0.096985
-0.103992	0.098613
-0.105736	0.100463
-0.1072	0.101679
-0.108681	0.102846
-0.110025	0.104109
-0.112248	0.105964
-0.114447	0.107669
-0.115949	0.109494
-0.117415	0.111323
-0.118372	0.112844
-0.118981	0.114275
-0.118764	0.115729
-0.118476	0.117035
-0.117771	0.118581
-0.116524	0.120176
-0.115149	0.121639
-0.113547	0.122338
-0.111791	0.123593
-0.109935	0.125193
-0.108243	0.127066
-0.106488	0.129269
-0.104918	0.131319
-0.103507	0.133452
-0.102201	0.135405
-0.100438	0.13735
-0.0990338	0.138918
-0.0976322	0.140168
-0.0961996	0.141317
-0.0946887	0.142497
-0.0930863	0.142883
-0.0914292	0.143523
-0.0896036	0.143555
-0.0879906	0.143414
-0.0862814	0.143159
-0.0847569	0.14274
-0.0841299	0.14259
-0.083282	0.142401
-0.0826796	0.141554
-0.0819756	0.140624
-0.0812793	0.140263
-0.0800481	0.139904
-0.0787768	0.139595
-0.0775931	0.138456
-0.0764802	0.137228
-0.0749243	0.135571
-0.0733219	0.133837
-0.071357	0.13168
-0.0698385	0.129228
-0.067738	0.127434
-0.0657984	0.125724
-0.0640067	0.12386
-0.0609986	0.122051
-0.0584166	0.120245
-0.0556232	0.118532
-0.053276	0.116999
-0.0504726	0.11549
-0.0474039	0.114213
-0.0439755	0.112877
-0.0409385	0.11172
-0.0381823	0.110546
-0.0360105	0.109332
-0.0338886	0.107834
-0.0320269	0.106365
-0.030591	0.105061
-0.028269	0.104724
-0.0256811	0.104605
-0.0231692	0.10478
-0.0222001	0.104818
-0.0214896	0.105123
-0.0215552	0.104879
-0.0217973	0.104401
-0.0220748	0.103947
-0.0224917	0.102509
-0.0229793	0.100931
-0.0234667	0.099274
-0.0239961	0.0974566
-0.024521	0.0962456
-0.0249949	0.0954659
-0.0247554	0.0942034
-0.0248176	0.0929863
-0.0249101	0.0916454
-0.0252515	0.0901399
-0.0256578	0.088649
-0.0261223	0.0870906
-0.0268053	0.0852512
-0.0273015	0.0832459
-0.0278154	0.0806544
-0.0284238	0.0785741
-0.0281769	0.076802
-0.0275226	0.0756114
-0.0268227	0.0744971
-0.0265536	0.0730255
-0.0262918	0.0715784
-0.0259247	0.070211
-0.0255346	0.0689528
-0.0245462	0.0676766
-0.0232679	0.0662452
-0.0217923	0.0644433
-0.0207563	0.0628004
-0.0200465	0.0602857
-0.0189352	0.0573329
-0.0179426	0.0542931
-0.0169901	0.051288
-0.0171428	0.0495742
-0.0172507	0.0477351
-0.0178332	0.0461356
-0.0183326	0.0446661
-0.0189866	0.0430648
-0.0196793	0.0410682
-0.0204743	0.0392382
-0.0208743	0.0375679
-0.021855	0.0348793
-0.0223547	0.0322095
-0.0225575	0.0297832
-0.0228524	0.0274036
-0.0234014	0.0243631
-0.0232791	0.0211911
-0.0238814	0.0177286
-0.0232211	0.0148397
-0.0224023	0.0116594
-0.0215876	0.00829488
-0.0206853	0.00452068
-0.0196051	0.000600274
-0.0186337	-0.00337564
-0.0183122	-0.00712583
-0.0187942	-0.0116338
-0.0200259	-0.0161895
-0.0213319	-0.0208032
-0.022905	-0.0252002
-0.0251716	-0.0294614
-0.0272101	-0.0326725
-0.0283875	-0.0343344
-0.0291224	-0.0354863
-0.0298921	-0.0364427
-0.0312903	-0.0378341
-0.0333598	-0.0396194
-0.0359815	-0.0416931
-0.0391513	-0.0437295
-0.041726	-0.0455332
-0.0447997	-0.0476643
-0.0484338	-0.050264
-0.0526308	-0.0532703
-0.0571029	-0.05619
-0.0617121	-0.0592867
-0.0662915	-0.0620376
-0.0710944	-0.0637416
-0.0757954	-0.0652936
-0.080418	-0.0670879
-0.0858908	-0.0687085
-0.09152	-0.0702042
-0.0958542	-0.0716397
-0.0998103	-0.0725194
-0.102901	-0.073665
-0.105286	-0.074424
-0.107222	-0.0753714
-0.108877	-0.0765363
-0.11039	-0.0780112
-0.111815	-0.0801881
-0.113162	-0.0821907
-0.114374	-0.0844032
-0.115857	-0.0873904
-0.116095	-0.0892662
-0.115619	-0.0910598
-0.115602	-0.0932931
-0.115759	-0.0955555
-0.115662	-0.0984898
-0.115704	-0.10141
-0.115905	-0.104521
-0.115693	-0.107552
-0.115103	-0.110416
-0.114727	-0.11358
-0.114019	-0.116676
-0.113605	-0.119163
-0.113122	-0.12011
-0.112723	-0.120719
-0.11236	-0.121072
-0.112747	-0.121562
-0.113407	-0.122332
-0.113891	-0.122942
-0.11406	-0.123329
-0.114091	-0.122918
-0.114311	-0.122437
-0.114783	-0.121339
-0.115291	-0.119681
-0.116058	-0.117831
-0.116994	-0.116804
-0.118106	-0.115659
-0.119344	-0.114602
-0.119854	-0.113925
-0.120163	-0.112957
-0.120348	-0.112213
-0.120266	-0.111667
-0.119933	-0.111822
-0.119414	-0.111675
-0.118319	-0.111396
-0.116087	-0.111145
-0.113436	-0.110752
-0.111263	-0.110447
-0.109407	-0.109809
-0.107925	-0.10962
-0.106723	-0.109234
-0.105765	-0.109153
-0.105427	-0.109003
-0.105624	-0.109931
-0.106387	-0.111352
-0.107139	-0.11311
-0.107925	-0.114935
-0.108971	-0.116983
-0.109045	-0.11816
-0.108491	-0.118505
-0.10829	-0.118829
-0.107942	-0.119074
-0.108057	-0.118338
-0.108923	-0.117249
-0.109708	-0.115747
-0.11071	-0.113762
-0.112103	-0.111994
-0.113337	-0.110309
-0.115018	-0.108632
-0.117289	-0.107641
-0.11894	-0.106863
-0.120216	-0.106143
-0.120951	-0.105099
-0.121485	-0.10413
-0.12209	-0.10363
-0.122034	-0.102883
-0.122147	-0.102386
-0.12231	-0.101409
-0.122049	-0.101528
-0.120834	-0.102002
-0.119249	-0.102733
-0.11757	-0.103141
-0.116123	-0.103518
-0.114601	-0.104476
-0.113623	-0.105569
-0.112712	-0.106779
-0.112153	-0.108084
-0.112195	-0.10979
-0.113337	-0.111675
-0.116196	-0.11436
-0.118543	-0.116964
-0.120753	-0.119252
-0.124016	-0.121386
-0.12741	-0.12359
-0.130968	-0.125902
-0.134807	-0.127558
-0.138249	-0.128835
-0.141502	-0.130357
-0.14436	-0.131829
-0.147556	-0.133243
-0.149724	-0.133673
-0.151506	-0.134133
-0.152559	-0.13431
-0.153201	-0.134741
-0.153702	-0.13518
-0.154056	-0.135755
-0.154411	-0.136439
-0.154728	-0.137232
-0.154117	-0.137837
-0.153469	-0.13922
-0.153382	-0.141074
-0.153059	-0.143051
-0.152281	-0.145083
-0.151587	-0.146938
-0.151539	-0.148507
-0.151297	-0.150213
-0.150833	-0.152171
-0.150152	-0.153784
-0.149512	-0.155443
-0.149215	-0.156988
-0.14881	-0.158377
-0.148322	-0.159983
-0.147869	-0.161708
-0.147635	-0.163606
-0.147446	-0.165766
-0.147557	-0.168222
-0.147188	-0.170416
-0.146896	-0.172791
-0.146045	-0.174609
-0.145967	-0.176617
-0.145139	-0.178194
-0.144299	-0.179647
-0.144288	-0.180957
-0.144356	-0.182069
-0.144946	-0.182959
-0.145612	-0.18379
-0.146151	-0.184898
-0.146614	-0.18595
-0.147113	-0.187033
-0.147595	-0.188274
-0.148428	-0.189162
-0.149345	-0.189549
-0.150933	-0.19008
-0.153113	-0.190235
-0.155299	-0.19035
-0.157655	-0.18995
-0.159964	-0.189206
-0.162227	-0.188426
-0.164722	-0.187814
-0.166831	-0.186831
-0.16854	-0.185766
-0.170209	-0.184825
-0.17174	-0.183572
-0.172899	-0.182353
-0.174104	-0.180991
-0.175203	-0.17976
-0.176316	-0.178272
-0.177456	-0.176697
-0.178391	-0.175525
-0.17971	-0.175138
-0.181045	-0.174843
-0.182905	-0.174667
-0.184572	-0.174238
-0.186127	-0.173542
-0.187632	-0.172785
-0.18887	-0.172117
-0.189316	-0.171908
-0.189621	-0.171527
-0.189845	-0.171079
-0.189949	-0.17071
-0.189798	-0.17063
-0.189102	-0.170469
-0.187989	-0.170425
-0.186865	-0.170826
-0.185696	-0.170891
-0.184212	-0.169843
-0.182391	-0.168819
-0.179803	-0.167452
-0.177243	-0.165815
-0.174432	-0.163812
-0.17158	-0.161726
-0.168783	-0.159675
-0.166326	-0.157918
-0.164721	-0.156252
-0.164015	-0.154967
-0.163234	-0.153706
-0.16199	-0.15294
-0.160295	-0.152742
-0.158528	-0.152377
-0.15718	-0.152418
-0.15604	-0.152517
-0.154339	-0.152298
-0.152677	-0.152244
-0.150364	-0.151789
-0.148328	-0.151685
-0.146016	-0.1518
-0.143893	-0.152579
-0.142229	-0.153445
-0.140406	-0.154564
-0.138828	-0.155099
-0.137728	-0.155941
-0.137274	-0.156419
-0.137126	-0.156881
-0.138317	-0.157046
-0.139892	-0.157393
-0.141851	-0.157688
-0.143892	-0.158014
-0.146575	-0.158348
-0.149406	-0.158941
-0.152316	-0.15915
-0.154724	-0.159758
-0.157662	-0.160657
-0.160158	-0.162103
-0.163067	-0.163565
-0.166618	-0.165639
-0.169776	-0.167886
-0.17267	-0.170217
-0.175309	-0.173585
-0.177784	-0.17691
-0.181164	-0.179411
-0.18387	-0.181626
-0.185726	-0.183826
-0.187375	-0.185731
-0.188665	-0.187793
-0.190219	-0.189477
-0.192301	-0.191248
-0.194322	-0.193017
-0.195508	-0.195162
-0.197215	-0.196841
-0.198821	-0.198528
-0.200789	-0.20045
-0.202659	-0.202164
-0.204149	-0.203776
-0.205089	-0.205253
-0.20607	-0.206704
-0.207071	-0.20817
-0.208272	-0.209828
-0.21009	-0.211585
-0.211834	-0.213816
-0.213497	-0.215917
-0.214645	-0.2171
-0.2167	-0.217485
-0.217552	-0.217901
-0.219163	-0.218699
-0.220782	-0.219494
-0.223378	-0.220039
-0.225885	-0.220173
-0.228364	-0.220347
-0.230645	-0.220455
-0.232766	-0.220466
-0.23419	-0.220066
-0.234787	-0.219903
-0.235179	-0.219698
-0.23539	-0.219345
-0.235568	-0.21875
-0.235905	-0.217717
-0.236253	-0.216777
-0.236522	-0.215758
-0.236307	-0.214325
-0.235909	-0.212595
-0.235397	-0.210815
-0.235005	-0.209168
-0.234622	-0.207539
-0.234129	-0.2059
-0.234073	-0.203399
-0.234119	-0.201568
-0.235146	-0.200019
-0.23649	-0.1991
-0.23767	-0.198263
-0.239297	-0.19768
-0.240644	-0.197087
-0.241854	-0.196682
-0.242931	-0.196273
-0.243839	-0.19582
-0.244682	-0.195186
-0.24585	-0.195153
-0.247835	-0.195389
-0.248696	-0.195832
-0.249299	-0.195596
-0.249957	-0.195152
-0.250473	-0.194421
-0.25073	-0.193771
-0.250691	-0.193061
-0.250912	-0.191006
-0.251104	-0.189165
-0.251273	-0.187335
-0.251418	-0.185443
-0.251088	-0.183518
-0.250824	-0.182377
-0.250764	-0.181977
-0.250545	-0.181433
-0.249786	-0.180921
-0.248631	-0.180999
-0.247301	-0.181012
-0.245492	-0.181246
-0.243721	-0.181321
-0.241683	-0.181579
-0.239408	-0.182122
-0.236861	-0.182452
-0.234005	-0.182674
-0.231054	-0.183095
-0.227986	-0.183708
-0.22495	-0.184548
-0.221737	-0.185563
-0.218481	-0.186083
-0.215145	-0.186687
-0.211726	-0.187545
-0.208289	-0.18834
-0.204933	-0.189017
-0.20188	-0.189887
-0.198231	-0.190374
-0.194915	-0.190825
-0.192527	-0.191727
-0.190257	-0.192793
-0.187956	-0.19401
-0.18553	-0.195063
-0.183105	-0.19642
-0.180798	-0.197935
-0.179367	-0.199493
-0.178194	-0.202065
-0.17698	-0.205077
-0.176142	-0.207697
-0.175274	-0.209813
-0.174407	-0.211681
-0.174063	-0.213164
-0.173948	-0.214898
-0.173891	-0.216519
-0.173395	-0.218055
-0.172897	-0.219472
-0.172931	-0.22125
-0.172965	-0.222971
-0.17286	-0.225099
-0.172657	-0.226992
-0.173011	-0.228415
-0.173192	-0.229759
-0.174146	-0.231356
-0.174636	-0.23266
-0.175517	-0.234233
-0.176154	-0.235748
-0.177169	-0.237025
-0.178327	-0.238104
-0.179636	-0.238851
-0.181305	-0.239381
-0.183248	-0.239997
-0.185002	-0.240641
-0.186762	-0.241297
-0.188634	-0.241912
-0.190243	-0.242192
-0.191931	-0.242739
-0.193841	-0.243561
-0.195801	-0.245086
-0.197964	-0.246778
-0.200257	-0.249091
-0.202403	-0.251297
-0.203769	-0.252914
-0.203919	-0.253677
-0.20388	-0.254293
-0.203962	-0.25492
-0.203954	-0.255329
-0.203336	-0.255259
-0.202751	-0.255277
-0.200818	-0.254305
-0.199185	-0.253485
-0.19785	-0.252732
-0.195716	-0.251903
-0.194044	-0.250919
-0.192552	-0.249987
-0.191454	-0.249424
-0.190283	-0.248872
-0.189055	-0.248012
-0.187787	-0.246903
-0.186566	-0.245559
-0.185367	-0.243903
-0.184073	-0.242031
-0.182498	-0.239791
-0.180555	-0.237952
-0.178867	-0.235996
-0.177612	-0.233999
-0.176947	-0.232489
-0.17586	-0.231361
-0.175091	-0.229752
-0.174122	-0.228024
-0.173224	-0.226365
-0.172532	-0.224731
-0.171931	-0.223016
-0.171891	-0.221734
-0.171913	-0.220365
-0.172358	-0.218969
-0.172888	-0.217394
-0.173479	-0.215586
-0.174639	-0.213763
-0.175776	-0.21192
-0.176788	-0.210084
-0.177343	-0.208375
-0.178187	-0.206506
-0.17816	-0.20531
-0.178215	-0.203982
-0.177902	-0.201749
-0.177044	-0.19978
-0.176186	-0.198026
-0.175466	-0.197159
-0.174624	-0.1969
-0.173711	-0.197075
-0.172626	-0.197308
-0.171702	-0.19748
-0.170425	-0.197819
-0.169437	-0.19817
-0.168201	-0.198924
-0.167052	-0.199706
-0.16605	-0.200041
-0.16457	-0.199894
-0.163445	-0.200043
-0.162669	-0.199992
-0.161976	-0.200335
-0.161563	-0.200829
-0.161476	-0.201614
-0.161697	-0.202577
-0.162464	-0.203204
-0.163801	-0.203921
-0.165405	-0.204742
-0.167715	-0.206646
-0.169944	-0.208685
-0.172815	-0.210925
-0.175607	-0.212828
-0.178255	-0.215037
-0.181335	-0.216613
-0.184063	-0.218817
-0.187296	-0.221131
-0.189788	-0.223894
-0.192718	-0.226255
-0.195789	-0.228397
-0.198515	-0.230459
-0.201727	-0.232702
-0.204933	-0.234514
-0.207601	-0.235359
-0.20952	-0.235088
-0.211042	-0.234558
-0.212306	-0.234131
-0.213383	-0.23332
-0.214072	-0.23208
-0.214573	-0.230532
-0.214863	-0.22949
-0.214762	-0.229059
-0.214403	-0.229241
-0.21346	-0.229932
-0.212563	-0.231011
-0.211592	-0.232688
-0.210084	-0.233576
-0.208374	-0.234079
-0.206581	-0.234141
-0.204544	-0.234128
-0.202493	-0.233944
-0.20173	-0.233114
-0.201406	-0.232394
-0.201212	-0.231272
-0.201613	-0.23018
-0.201687	-0.229531
-0.202003	-0.228892
-0.202625	-0.227307
-0.203068	-0.226006
-0.203707	-0.225148
-0.203524	-0.225335
-0.203586	-0.225949
-0.203533	-0.227342
-0.203403	-0.229437
-0.203243	-0.232108
-0.203278	-0.235232
-0.203355	-0.237357
-0.203428	-0.239597
-0.202822	-0.241345
-0.20325	-0.242953
-0.203665	-0.244256
-0.204056	-0.245073
-0.205162	-0.245162
-0.206196	-0.245603
-0.206135	-0.246968
-0.206683	-0.248332
-0.207529	-0.2495
-0.208186	-0.250204
-0.209027	-0.250901
-0.210087	-0.251741
-0.211547	-0.252444
-0.213554	-0.25301
-0.215711	-0.253523
-0.218501	-0.254047
-0.220672	-0.254573
-0.222884	-0.255124
-0.225055	-0.255575
-0.227278	-0.256013
-0.231087	-0.256982
-0.234991	-0.257886
-0.236623	-0.258988
-0.237421	-0.259876
-0.237569	-0.260598
-0.237844	-0.261232
-0.237792	-0.261567
-0.23795	-0.26201
-0.238473	-0.262036
-0.239243	-0.261864
-0.240602	-0.262246
-0.241459	-0.26215
-0.241915	-0.261014
-0.242397	-0.25958
-0.24231	-0.25844
-0.242031	-0.257032
-0.241274	-0.255578
-0.239708	-0.254128
-0.237629	-0.2525
-0.234919	-0.250635
-0.232288	-0.248669
-0.228654	-0.247749
-0.226203	-0.246981
-0.224752	-0.246207
-0.22367	-0.24656
-0.223154	-0.246593
-0.222637	-0.246556
-0.222527	-0.247173
-0.223002	-0.247718
-0.223996	-0.248678
-0.225653	-0.249378
-0.227889	-0.250282
-0.230754	-0.250819
-0.23402	-0.251465
-0.236039	-0.252302
-0.236769	-0.25277
-0.236787	-0.253657
-0.236313	-0.254895
-0.235329	-0.256515
-0.233877	-0.258073
-0.231626	-0.259307
-0.229162	-0.260592
-0.227382	-0.261401
-0.225962	-0.26135
-0.224349	-0.260737
-0.222174	-0.259589
-0.22088	-0.258803
-0.220114	-0.258455
-0.220348	-0.258407
-0.220833	-0.258206
-0.222861	-0.257977
-0.224965	-0.257784
-0.228172	-0.257354
-0.231645	-0.257399
-0.233669	-0.257452
-0.233813	-0.257336
-0.232694	-0.258132
-0.231108	-0.259589
-0.229598	-0.260959
-0.228695	-0.261262
-0.227995	-0.260638
-0.227343	-0.259606
-0.227475	-0.259033
-0.228469	-0.258775
-0.229999	-0.258306
-0.232629	-0.257946
-0.23376	-0.258191
-0.234295	-0.258771
-0.233536	-0.259915
-0.232143	-0.261653
-0.230251	-0.262554
-0.228958	-0.262416
-0.227071	-0.261331
-0.225072	-0.259682
-0.223917	-0.258535
-0.224032	-0.258092
-0.224713	-0.257743
-0.227015	-0.257422
-0.229108	-0.256234
-0.232298	-0.255316
-0.234676	-0.254429
-0.235114	-0.254383
-0.234532	-0.254508
-0.232486	-0.254798
-0.229661	-0.25512
-0.22864	-0.256064
-0.228091	-0.257352
-0.227835	-0.258612
-0.228159	-0.260462
-0.228421	-0.260524
-0.228724	-0.259847
-0.229829	-0.259461
-0.232246	-0.259497
-0.233031	-0.259652
-0.233978	-0.259946
-0.23359	-0.259849
-0.232133	-0.259764
-0.230131	-0.259495
-0.22881	-0.260291
-0.228319	-0.259006
-0.228935	-0.259005
-0.230559	-0.26029
-0.231837	-0.260351
-0.232952	-0.260298
-0.234545	-0.259439
-0.235742	-0.259138
-0.235822	-0.259118
-0.235373	-0.259465
-0.233817	-0.260008
-0.231469	-0.260971
-0.229009	-0.261655
-0.227391	-0.261256
-0.225696	-0.259684
-0.22607	-0.25954
-0.226954	-0.258563
-0.228895	-0.257897
-0.231398	-0.257058
-0.232334	-0.257095
-0.231443	-0.257182
-0.229812	-0.257322
-0.229595	-0.256644
-0.230507	-0.256747
-0.231496	-0.256972
-0.231484	-0.257477
-0.231487	-0.258911
-0.230342	-0.261126
-0.229726	-0.261451
-0.229702	-0.260541
-0.229804	-0.258367
-0.230578	-0.257506
-0.232362	-0.256569
-0.232352	-0.256093
-0.230933	-0.257189
-0.230689	-0.258386
-0.230868	-0.260877
-0.230731	-0.261647
-0.230888	-0.260958
-0.231116	-0.258516
-0.232821	-0.257318
-0.23332	-0.256394
-0.232042	-0.256349
-0.230222	-0.256663
-0.229873	-0.257396
-0.230051	-0.259171
-0.231143	-0.261498
-0.232111	-0.261327
-0.232917	-0.260871
-0.233779	-0.259266
-0.233964	-0.259264
-0.233073	-0.259644
-0.231716	-0.260118
-0.230343	-0.260188
-0.22934	-0.259507
-0.230217	-0.26036
-0.23074	-0.259725
-0.232309	-0.25921
-0.232458	-0.259349
-0.232825	-0.260434
-0.233077	-0.260834
-0.233848	-0.260537
-0.234836	-0.259938
-0.235327	-0.260206
-0.236317	-0.26001
-0.236068	-0.260772
-0.235746	-0.260923
-0.235127	-0.260712
-0.234792	-0.259167
-0.23381	-0.257715
-0.232094	-0.257249
-0.229238	-0.257314
-0.228103	-0.257843
-0.228339	-0.259147
-0.228928	-0.261399
-0.229192	-0.262172
-0.229412	-0.26124
-0.229474	-0.259382
-0.230358	-0.258808
-0.232702	-0.258063
-0.234423	-0.258481
-0.235208	-0.259304
-0.235825	-0.261078
-0.235947	-0.261783
-0.235835	-0.262089
-0.235985	-0.261674
-0.235315	-0.261213
-0.234152	-0.260494
-0.233542	-0.259048
-0.232754	-0.258872
-0.230586	-0.259174
-0.229655	-0.259715
-0.229887	-0.260838
-0.230154	-0.260303
-0.231287	-0.258348
-0.231209	-0.257838
-0.231867	-0.258439
-0.232198	-0.26015
-0.232895	-0.261304
-0.234016	-0.263094
-0.235169	-0.26441
-0.236404	-0.26564
-0.23791	-0.266616
-0.239785	-0.267341
-0.241722	-0.268164
-0.24367	-0.26886
-0.245878	-0.26957
-0.248395	-0.270303
-0.250989	-0.271302
-0.254101	-0.272505
-0.257728	-0.273695
-0.261657	-0.274685
-0.263644	-0.275176
-0.264677	-0.275406
-0.264592	-0.275523
-0.263541	-0.276229
-0.261672	-0.277212
-0.259196	-0.277781
-0.257396	-0.277936
-0.25582	-0.277883
-0.254822	-0.277686
-0.254485	-0.277246
-0.254766	-0.27534
-0.255556	-0.273177
-0.256405	-0.270393
-0.257373	-0.267647
-0.258536	-0.26528
-0.26013	-0.263235
-0.259955	-0.261933
-0.260197	-0.260546
-0.258903	-0.258939
-0.257844	-0.258327
-0.256599	-0.257895
-0.254962	-0.257985
-0.252812	-0.258955
-0.250082	-0.260525
-0.248626	-0.261327
-0.247414	-0.261822
-0.247542	-0.261888
-0.249218	-0.262725
-0.251679	-0.263788
-0.254651	-0.264938
-0.258059	-0.266131
-0.261931	-0.267381
-0.263889	-0.268343
-0.264506	-0.269108
-0.263939	-0.269706
-0.262445	-0.27084
-0.260532	-0.272059
-0.258252	-0.273966
-0.256983	-0.275646
-0.25651	-0.277067
-0.256621	-0.278781
-0.256726	-0.281183
-0.257701	-0.28398
-0.259402	-0.286751
-0.261388	-0.289854
-0.263302	-0.292478
-0.264841	-0.2941
-0.266167	-0.295536
-0.267365	-0.29598
-0.268722	-0.296356
-0.270253	-0.296196
-0.271979	-0.296303
-0.273789	-0.296276
-0.275039	-0.296153
-0.276247	-0.295825
-0.277254	-0.295177
-0.278741	-0.293377
-0.280339	-0.291328
-0.282184	-0.289079
-0.284104	-0.286685
-0.285184	-0.285249
-0.285423	-0.285104
-0.284127	-0.285687
-0.281843	-0.287013
-0.278963	-0.289123
-0.276526	-0.290948
-0.274421	-0.292384
-0.272546	-0.293376
-0.270958	-0.29412
-0.269259	-0.295458
-0.268748	-0.296041
-0.268248	-0.296865
-0.26774	-0.296685
-0.26666	-0.295557
-0.2661	-0.294502
-0.265531	-0.292827
-0.265117	-0.290922
-0.2651	-0.288392
-0.264062	-0.28619
-0.261727	-0.284254
-0.258214	-0.282059
-0.256807	-0.28087
-0.256202	-0.280276
-0.257729	-0.279714
-0.260505	-0.278932
-0.260627	-0.278256
-0.25915	-0.277884
-0.25844	-0.278236
-0.258875	-0.27927
-0.260008	-0.281068
-0.262013	-0.283026
-0.262613	-0.28513
-0.262399	-0.287616
-0.261658	-0.290326
-0.261329	-0.2931
-0.261498	-0.295153
-0.261744	-0.296795
-0.261738	-0.297338
-0.262232	-0.298676
-0.262563	-0.300014
-0.263683	-0.301704
-0.26446	-0.303855
-0.265309	-0.305929
-0.26662	-0.30815
-0.268106	-0.310205
-0.269244	-0.31124
-0.270885	-0.31217
-0.272814	-0.313092
-0.27545	-0.313208
-0.278643	-0.313545
-0.281905	-0.313852
-0.285726	-0.314439
-0.289421	-0.315333
-0.292087	-0.31583
-0.294054	-0.31629
-0.295391	-0.316817
-0.296085	-0.317586
-0.296927	-0.318768
-0.297476	-0.320183
-0.298648	-0.322361
-0.299707	-0.324323
-0.300757	-0.326303
-0.301657	-0.328232
-0.302443	-0.329828
-0.302824	-0.330612
-0.303265	-0.331332
-0.303736	-0.332113
-0.304252	-0.33256
-0.305204	-0.333039
-0.306253	-0.33385
-0.307321	-0.334718
-0.308441	-0.335579
-0.309594	-0.336393
-0.310863	-0.337659
-0.312617	-0.338646
-0.314613	-0.33996
-0.316497	-0.341062
-0.318172	-0.342452
-0.319541	-0.344346
-0.320823	-0.345612
-0.321844	-0.347048
-0.322634	-0.348307
-0.323564	-0.349008
-0.324816	-0.349809
-0.326573	-0.350811
-0.327881	-0.351395
-0.329299	-0.352036
-0.331219	-0.353459
-0.333059	-0.354841
-0.334333	-0.356584
-0.335574	-0.357857
-0.336987	-0.359248
-0.338338	-0.360273
-0.339798	-0.361277
-0.341381	-0.362256
-0.34322	-0.363042
-0.345517	-0.363502
-0.347945	-0.363957
-0.350497	-0.364206
-0.35224	-0.364614
-0.353753	-0.364789
-0.354993	-0.364658
-0.356032	-0.364949
-0.357205	-0.365661
-0.358312	-0.36634
-0.359864	-0.36706
-0.361243	-0.367691
-0.362742	-0.367993
-0.36414	-0.368466
-0.365575	-0.36896
-0.366818	-0.369571
-0.368701	-0.369799
-0.371142	-0.370427
-0.373357	-0.370932
-0.375585	-0.370815
-0.377579	-0.370759
-0.379596	-0.370755
-0.381072	-0.370393
-0.382474	-0.370171
-0.384286	-0.369914
-0.385832	-0.369281
-0.387237	-0.368659
-0.388099	-0.368127
-0.389378	-0.367341
-0.390685	-0.366432
-0.39211	-0.365871
-0.393285	-0.36536
-0.393899	-0.365582
-0.394761	-0.366694
-0.395548	-0.366798
-0.39626	-0.36682
-0.397247	-0.366859
-0.39887	-0.367244
-0.400661	-0.367812
-0.402554	-0.369028
-0.404515	-0.37
-0.406295	-0.371286
-0.407896	-0.372508
-0.409258	-0.373757
-0.410727	-0.375031
-0.412354	-0.376697
-0.413593	-0.378108
-0.414534	-0.379678
-0.415525	-0.381574
-0.416243	-0.382634
-0.416861	-0.383836
-0.417467	-0.384306
-0.418229	-0.384882
-0.419507	-0.386158
-0.420567	-0.387718
-0.420835	-0.389851
-0.421088	-0.392108
-0.420968	-0.394295
-0.421133	-0.396326
-0.42219	-0.398679
-0.423609	-0.399978
-0.424963	-0.401384
-0.426071	-0.401499
-0.427302	-0.401605
-0.428636	-0.401736
-0.429968	-0.401931
-0.431431	-0.402101
-0.433139	-0.402547
-0.435068	-0.402616
-0.436711	-0.402852
-0.43824	-0.403265
-0.439732	-0.40368
-0.440981	-0.404066
-0.442123	-0.404343
-0.44384	-0.404792
-0.445729	-0.405406
-0.44751	-0.406143
-0.449341	-0.406835
-0.45168	-0.407506
-0.453966	-0.408448
-0.456118	-0.409376
-0.458221	-0.410673
-0.460347	-0.412348
-0.462136	-0.413755
-0.464066	-0.415402
-0.465557	-0.416691
-0.466947	-0.417818
-0.468355	-0.418931
-0.469983	-0.420008
-0.47156	-0.421069
-0.47348	-0.421078
-0.475333	-0.421301
-0.477384	-0.421496
-0.479715	-0.422085
-0.481568	-0.423067
-0.483731	-0.423375
-0.486389	-0.424321
-0.489286	-0.424809
-0.491375	-0.425575
-0.493384	-0.426334
-0.494425	-0.4266
-0.495063	-0.427042
-0.495561	-0.427549
-0.496676	-0.427738
-0.497958	-0.427912
-0.499648	-0.428261
-0.501194	-0.428848
-0.502651	-0.429101
-0.504357	-0.428773
-0.506134	-0.426964
-0.508297	-0.426107
-0.510383	-0.425295
-0.512223	-0.424358
-0.514391	-0.423392
-0.516293	-0.422455
-0.518438	-0.42113
-0.52085	-0.420005
-0.523136	-0.418858
-0.525068	-0.417602
-0.526938	-0.416568
-0.528526	-0.415424
-0.530196	-0.414296
-0.531781	-0.413121
-0.533818	-0.412063
-0.535798	-0.411474
-0.537762	-0.410876
-0.539626	-0.41015
-0.541141	-0.409961
-0.543016	-0.409768
-0.544726	-0.409529
-0.546602	-0.409605
-0.548264	-0.409155
-0.549643	-0.408932
-0.551161	-0.408705
-0.552741	-0.408655
-0.554113	-0.408517
-0.555837	-0.408313
-0.55737	-0.408418
-0.559139	-0.408643
-0.560634	-0.408978
-0.562489	-0.408774
-0.564263	-0.408684
-0.566737	-0.408646
-0.569313	-0.409667
-0.571306	-0.4101
-0.57337	-0.410572
-0.575264	-0.411116
-0.576981	-0.412102
-0.578853	-0.413282
-0.580055	-0.414347
-0.581194	-0.41555
-0.582633	-0.41694
-0.583302	-0.418153
-0.584118	-0.419367
-0.584639	-0.420492
-0.585036	-0.421411
-0.585499	-0.422398
-0.586161	-0.423689
-0.586537	-0.424124
-0.587028	-0.424706
-0.587324	-0.425159
-0.587469	-0.42543
-0.58764	-0.426156
-0.588014	-0.427401
-0.5882	-0.428977
-0.588166	-0.430952
-0.588736	-0.432897
-0.589895	-0.434844
-0.590577	-0.436983
-0.591199	-0.438946
-0.591594	-0.441169
-0.592007	-0.443239
-0.593019	-0.445084
-0.594101	-0.446771
-0.595375	-0.447767
-0.596743	-0.448745
-0.597808	-0.450276
-0.598605	-0.451699
-0.599381	-0.453161
-0.600155	-0.454503
-0.601259	-0.456381
-0.60256	-0.457969
-0.603894	-0.460329
-0.605213	-0.462605
-0.606415	-0.464708
-0.607388	-0.466483
-0.608404	-0.468277
-0.609522	-0.470107
-0.610851	-0.472368
-0.612179	-0.474583
-0.613451	-0.476597
-0.614896	-0.478741
-0.616837	-0.479911
-0.61881	-0.48035
-0.62111	-0.48074
-0.62313	-0.481137
-0.625196	-0.482355
-0.627142	-0.483214
-0.629577	-0.483802
-0.631581	-0.4839
-0.634368	-0.484044
-0.636651	-0.48416
-0.638738	-0.484249
-0.640766	-0.484275
-0.642562	-0.484162
-0.64459	-0.483492
-0.647335	-0.483193
-0.649991	-0.4828
-0.652523	-0.482309
-0.654536	-0.48168
-0.656803	-0.480582
-0.658995	-0.479396
-0.661109	-0.478183
-0.662978	-0.47727
-0.664956	-0.47627
-0.66659	-0.474822
-0.668076	-0.473367
-0.669467	-0.471993
-0.670716	-0.470816
-0.672332	-0.469814
-0.673688	-0.468785
-0.674785	-0.467652
-0.6759	-0.466675
-0.676842	-0.465794
-0.677633	-0.464806
-0.678081	-0.464565
-0.678598	-0.46446
-0.679672	-0.464645
-0.681015	-0.464615
-0.682411	-0.464672
-0.683702	-0.464868
-0.68499	-0.464951
-0.687619	-0.465127
-0.689695	-0.465369
-0.692826	-0.465772
-0.695306	-0.46565
-0.69785	-0.465416
-0.700148	-0.465221
-0.702491	-0.464309
-0.704635	-0.463359
-0.706627	-0.462456
-0.708506	-0.461673
-0.710352	-0.460845
-0.712081	-0.459863
-0.713764	-0.458906
-0.714901	-0.457672
-0.716343	-0.456591
-0.717687	-0.454901
-0.71984	-0.453526
-0.721895	-0.45222
-0.724142	-0.45133
-0.72623	-0.450426
-0.728982	-0.449467
-0.7315	-0.448938
-0.733838	-0.448433
-0.737192	-0.447744
-0.740069	-0.447816
-0.74262	-0.447891
-0.745175	-0.447852
-0.747765	-0.448274
-0.750287	-0.448716
-0.753391	-0.449297
-0.756369	-0.449883
-0.759657	-0.449961
-0.762854	-0.450001
-0.766111	-0.450317
-0.769514	-0.450396
-0.772408	-0.450663
-0.775706	-0.450993
-0.778717	-0.451327
-0.781341	-0.451903
-0.783727	-0.452463
-0.785701	-0.452898
-0.787883	-0.452902
-0.789759	-0.453064
-0.79104	-0.45349
-0.792576	-0.454291
-0.794001	-0.455442
-0.795845	-0.455792
-0.797168	-0.45634
-0.798456	-0.456483
-0.800064	-0.457004
-0.802418	-0.457884
-0.804635	-0.458641
-0.806661	-0.459405
-0.808682	-0.460184
-0.81056	-0.461205
-0.812113	-0.461951
-0.813589	-0.46272
-0.815036	-0.463448
-0.816445	-0.464189
-0.81846	-0.465702
-0.820049	-0.467059
-0.821226	-0.468648
-0.822127	-0.470173
-0.823685	-0.471841
-0.824421	-0.473286
-0.82525	-0.474777
-0.82599	-0.475877
-0.827105	-0.47718
-0.82757	-0.479022
-0.828156	-0.480776
-0.828388	-0.482483
-0.828746	-0.484503
-0.829147	-0.487306
-0.829853	-0.489625
-0.831016	-0.492212
-0.831575	-0.494315
-0.832065	-0.496275
-0.832355	-0.498067
-0.832961	-0.499519
-0.834804	-0.500346
-0.836586	-0.501014
-0.838931	-0.501713
-0.841789	-0.502726
-0.844708	-0.503872
-0.847325	-0.505167
-0.849689	-0.506675
-0.85123	-0.50798
-0.85304	-0.509563
-0.854287	-0.511399
-0.855402	-0.513181
-0.855602	-0.514536
-0.855256	-0.516414
-0.855755	-0.516759
-0.856481	-0.517495
-0.857348	-0.518506
-0.858081	-0.519567
-0.858959	-0.520942
-0.860209	-0.522367
-0.861491	-0.523832
-0.862609	-0.525293
-0.863681	-0.526764
-0.864656	-0.528226
-0.866095	-0.529518
-0.867458	-0.530729
-0.868889	-0.532044
-0.870165	-0.533095
-0.8712	-0.534132
-0.871967	-0.535908
-0.872803	-0.537849
-0.873715	-0.539785
-0.875016	-0.542016
-0.875741	-0.544057
-0.876839	-0.546067
-0.87794	-0.548421
-0.878649	-0.550883
-0.879333	-0.553565
-0.878868	-0.555159
-0.87813	-0.555675
-0.877391	-0.556477
-0.876585	-0.557344
-0.876644	-0.558009
-0.876838	-0.558545
-0.87693	-0.559081
-0.877439	-0.559907
-0.877726	-0.56048
-0.878075	-0.561238
-0.878254	-0.562348
-0.878556	-0.5633
-0.878368	-0.563969
-0.878002	-0.56471
-0.877656	-0.565449
-0.87712	-0.567172
-0.876502	-0.568854
-0.876091	-0.57072
-0.875703	-0.572576
-0.875324	-0.574543
-0.874815	-0.576834
-0.873986	-0.5796
-0.87368	-0.582203
-0.873598	-0.584324
-0.873374	-0.586275
-0.873383	-0.588147
-0.873505	-0.590885
-0.873912	-0.593003
-0.87406	-0.594899
-0.87416	-0.596698
-0.874282	-0.598717
-0.874324	-0.601004
-0.875321	-0.602803
-0.876457	-0.604442
-0.877742	-0.606537
-0.878808	-0.608541
-0.879367	-0.610254
-0.879854	-0.611864
-0.880544	-0.613096
-0.880943	-0.614232
-0.881339	-0.61546
-0.882842	-0.617407
-0.884306	-0.619136
-0.885642	-0.620851
-0.886938	-0.62249
-0.888171	-0.624011
-0.889609	-0.625007
-0.891238	-0.625476
-0.892801	-0.625889
-0.89446	-0.626278
-0.896531	-0.62695
-0.898707	-0.627576
-0.901	-0.628684
-0.903513	-0.629328
-0.90564	-0.630104
-0.907769	-0.630039
-0.90968	-0.629606
-0.911489	-0.62915
-0.913397	-0.628086
-0.914921	-0.627584
-0.916359	-0.627279
-0.91723	-0.62688
-0.918132	-0.626419
-0.919425	-0.625503
-0.92062	-0.624852
-0.921581	-0.624024
-0.922771	-0.623626
-0.923948	-0.623795
-0.925226	-0.623962
-0.926257	-0.624057
-0.92838	-0.624341
-0.930741	-0.624727
-0.932625	-0.624867
-0.934715	-0.625378
-0.936741	-0.625978
-0.938546	-0.626759
-0.939753	-0.627496
-0.941774	-0.627908
-0.942824	-0.627727
-0.94384	-0.627376
-0.944817	-0.626864
-0.945776	-0.626314
-0.946638	-0.625316
-0.947576	-0.62494
-0.948697	-0.624691
-0.949778	-0.625111
-0.951242	-0.62559
-0.952444	-0.626075
-0.953553	-0.62694
-0.954473	-0.62772
-0.954937	-0.629366
-0.955682	-0.630115
-0.956269	-0.63085
-0.956512	-0.63152
-0.95681	-0.63234
-0.957169	-0.633285
-0.957263	-0.634092
-0.957291	-0.635264
-0.958393	-0.635622
-0.959545	-0.636124
-0.960766	-0.636608
-0.962056	-0.63711
-0.963356	-0.637727
-0.965327	-0.638077
-0.96724	-0.638706
-0.968986	-0.639467
-0.970416	-0.640513
-0.971911	-0.641655
-0.97335	-0.642246
-0.974848	-0.642867
-0.976052	-0.643541
-0.976988	-0.644948
-0.977166	-0.646251
-0.977405	-0.648089
-0.977556	-0.650051
-0.97776	-0.652042
-0.978241	-0.65379
-0.978761	-0.65554
-0.979697	-0.657171
-0.981295	-0.658477
-0.982517	-0.659991
-0.982874	-0.661564
-0.983248	-0.663157
-0.983726	-0.664841
-0.983478	-0.665087
-0.982627	-0.665796
-0.981727	-0.666527
-0.980514	-0.667292
-0.97919	-0.667447
-0.977449	-0.666872
-0.974817	-0.667092
-0.97234	-0.667152
-0.970119	-0.66712
-0.968323	-0.666484
-0.966801	-0.665473
-0.965336	-0.66443
-0.964652	-0.663701
-0.964335	-0.663041
-0.964843	-0.662751
-0.96588	-0.662267
-0.966984	-0.661476
-0.968045	-0.661279
-0.968805	-0.66078
-0.970243	-0.659863
-0.972007	-0.659438
-0.973915	-0.659031
-0.975873	-0.658679
-0.977872	-0.658354
-0.979898	-0.658056
-0.982341	-0.657836
-0.983975	-0.657399
-0.985284	-0.657079
-0.986024	-0.656734
-0.986882	-0.656428
-0.987684	-0.655954
-0.988466	-0.655466
-0.989457	-0.654309
-0.990405	-0.653175
-0.991136	-0.65149
-0.991948	-0.649733
-0.992768	-0.648078
-0.993482	-0.646762
-0.994426	-0.645863
-0.995355	-0.644993
-0.996194	-0.643974
-0.996948	-0.643372
-0.997756	-0.642652
-0.998575	-0.641908
-0.999686	-0.641103
-1.00118	-0.639601
-1.0022	-0.638916
-1.00349	-0.637512
-1.00474	-0.636659
-1.00602	-0.635878
-1.00727	-0.635086
-1.00857	-0.634114
-1.00984	-0.633184
-1.01099	-0.632075
-1.01169	-0.630979
-1.01292	-0.629806
-1.01452	-0.628823
-1.01596	-0.628464
-1.01747	-0.628912
-1.0189	-0.629783
-1.02033	-0.630831
-1.02179	-0.631574
-1.02305	-0.631898
-1.02468	-0.632138
-1.02591	-0.631896
-1.02677	-0.630751
-1.02766	-0.629685
-1.0283	-0.628441
-1.02963	-0.627468
-1.03056	-0.627225
-1.03178	-0.627034
-1.03311	-0.626768
-1.03427	-0.626051
-1.03601	-0.625192
-1.03808	-0.625159
-1.04033	-0.624564
-1.04244	-0.623999
-1.04435	-0.623426
-1.04592	-0.623292
-1.04799	-0.623879
-1.04964	-0.6243
-1.05125	-0.625023
-1.05236	-0.625983
-1.05357	-0.626981
-1.05516	-0.628099
-1.05648	-0.629244
-1.05791	-0.630753
-1.05949	-0.632214
-1.06053	-0.633381
-1.06163	-0.635131
-1.0624	-0.636597
-1.06315	-0.637918
-1.06341	-0.639249
-1.06291	-0.640969
-1.06217	-0.643012
-1.06218	-0.645669
-1.06212	-0.648339
-1.06165	-0.651018
-1.06123	-0.653478
-1.06095	-0.656042
-1.06103	-0.658784
-1.06118	-0.661156
-1.06215	-0.664513
-1.06334	-0.66746
-1.06512	-0.670082
-1.06677	-0.672492
-1.06875	-0.6749
-1.07054	-0.677083
-1.07237	-0.679292
-1.07394	-0.681301
-1.07562	-0.683267
-1.07725	-0.684883
-1.0784	-0.687291
-1.07932	-0.689394
-1.0805	-0.691555
-1.08167	-0.693807
-1.08257	-0.695861
-1.0827	-0.697839
-1.08283	-0.699835
-1.0827	-0.701779
-1.08264	-0.703581
-1.08206	-0.704938
-1.08157	-0.706431
-1.08101	-0.707755
-1.08024	-0.708772
-1.07974	-0.710266
-1.07924	-0.711801
-1.07843	-0.713311
-1.07793	-0.714369
-1.07754	-0.71548
-1.07715	-0.716933
-1.07662	-0.718589
-1.07613	-0.72031
-1.07556	-0.722065
-1.07527	-0.723574
-1.07513	-0.725081
-1.0748	-0.726577
-1.07449	-0.728108
-1.07399	-0.730087
-1.07393	-0.731547
-1.07362	-0.733413
-1.07323	-0.735114
-1.07285	-0.736047
-1.07252	-0.736666
-1.07193	-0.737337
-1.07129	-0.738125
-1.07061	-0.739022
-1.07044	-0.740669
-1.07026	-0.742295
-1.07	-0.743488
-1.0701	-0.744403
-1.07008	-0.745416
-1.07016	-0.746429
-1.07119	-0.746795
-1.07239	-0.747173
-1.07364	-0.747384
-1.07438	-0.74699
-1.07484	-0.746064
-1.07519	-0.744861
-1.07559	-0.743574
-1.07633	-0.742259
-1.07765	-0.740637
-1.07812	-0.73946
-1.07913	-0.738015
-1.08025	-0.735881
-1.08092	-0.733877
-1.08174	-0.731569
-1.08254	-0.729095
-1.08335	-0.726968
-1.08476	-0.724886
-1.08585	-0.722671
-1.08672	-0.720276
-1.08805	-0.717909
-1.08963	-0.715529
-1.0908	-0.713305
-1.09175	-0.711211
-1.09264	-0.709215
-1.09361	-0.707644
-1.09451	-0.706592
-1.0953	-0.705668
-1.09627	-0.704769
-1.09748	-0.703877
-1.09982	-0.704063
-1.10213	-0.703965
-1.10374	-0.704165
-1.10599	-0.704317
-1.10708	-0.704634
-1.10818	-0.704996
-1.1092	-0.705716
-1.1102	-0.706462
-1.11132	-0.707107
-1.1125	-0.707758
-1.11385	-0.708964
-1.11561	-0.710119
-1.11735	-0.711806
-1.11901	-0.713159
-1.12051	-0.714548
-1.1218	-0.71605
-1.12282	-0.717621
-1.12375	-0.719662
-1.12429	-0.721425
-1.12472	-0.722756
-1.12516	-0.724011
-1.12566	-0.725004
-1.12578	-0.726021
-1.12571	-0.727145
-1.12543	-0.728225
-1.12481	-0.729387
-1.12427	-0.730743
-1.1237	-0.732366
-1.12367	-0.734241
-1.12321	-0.736683
-1.12321	-0.739322
-1.12328	-0.741434
-1.12333	-0.743503
-1.12319	-0.745257
-1.12304	-0.746928
-1.12299	-0.748916
-1.12292	-0.750605
-1.12288	-0.75242
-1.12285	-0.754415
-1.12271	-0.755957
-1.12183	-0.756598
-1.12109	-0.757074
-1.1202	-0.757592
-1.11959	-0.758047
-1.11855	-0.75849
-1.11744	-0.758918
-1.11686	-0.759549
-1.11626	-0.760533
-1.11591	-0.761282
-1.11556	-0.762064
-1.11464	-0.762972
-1.11339	-0.763452
-1.112	-0.764292
-1.11106	-0.765301
-1.1097	-0.767237
-1.10847	-0.769011
-1.10759	-0.770321
-1.10673	-0.771687
-1.10585	-0.772573
-1.10494	-0.773576
-1.10393	-0.77479
-1.10283	-0.776618
-1.10154	-0.77821
-1.10016	-0.779584
-1.09929	-0.78061
-1.09818	-0.782132
-1.09752	-0.783671
-1.09694	-0.78513
-1.09612	-0.786235
-1.09522	-0.787487
-1.09361	-0.788124
-1.09172	-0.788424
-1.08959	-0.788865
-1.08702	-0.790821
-1.08469	-0.792612
-1.08249	-0.794336
-1.08009	-0.796227
-1.07759	-0.798043
-1.07562	-0.799644
-1.07383	-0.800917
-1.07258	-0.802386
-1.07141	-0.803881
-1.07036	-0.805325
-1.06916	-0.806809
-1.06812	-0.808553
-1.06672	-0.810586
-1.06528	-0.81266
-1.06439	-0.814496
-1.06342	-0.816571
-1.06218	-0.818609
-1.06122	-0.819838
-1.06082	-0.821162
-1.06039	-0.822548
-1.05934	-0.823896
-1.0588	-0.824755
-1.05822	-0.825785
-1.05721	-0.825817
-1.05567	-0.825584
-1.05424	-0.82546
-1.05288	-0.825433
-1.051	-0.825334
-1.04952	-0.825245
-1.04832	-0.825204
-1.04662	-0.826086
-1.04599	-0.827426
-1.04495	-0.828434
-1.04339	-0.829261
-1.04214	-0.830185
-1.04107	-0.831126
-1.04001	-0.832113
-1.03946	-0.832767
-1.03901	-0.833584
-1.03874	-0.834498
-1.03792	-0.83556
-1.03649	-0.837403
-1.03442	-0.83951
-1.03253	-0.841412
-1.02999	-0.843112
-1.02765	-0.844926
-1.02563	-0.846784
-1.02345	-0.847636
-1.02142	-0.848748
-1.0195	-0.849933
-1.01765	-0.852417
-1.01596	-0.854615
-1.01482	-0.857517
-1.01371	-0.860434
-1.01286	-0.864094
-1.012	-0.867419
-1.01128	-0.870295
-1.01074	-0.873293
-1.01074	-0.876082
-1.01095	-0.87872
-1.01102	-0.881548
-1.01079	-0.884831
-1.01041	-0.887694
-1.0101	-0.89044
-1.00936	-0.893219
-1.00861	-0.895886
-1.00868	-0.898593
-1.0086	-0.901273
-1.00852	-0.903822
-1.00819	-0.906273
-1.0078	-0.909079
-1.00743	-0.911447
-1.00709	-0.913654
-1.0069	-0.91623
-1.00635	-0.918765
-1.00583	-0.921273
-1.00562	-0.923658
-1.00543	-0.925976
-1.00532	-0.928264
-1.00518	-0.930382
-1.00582	-0.932372
-1.00645	-0.934339
-1.00696	-0.935743
-1.00758	-0.938183
-1.00812	-0.940384
-1.009	-0.94238
-1.00987	-0.944263
-1.0107	-0.946095
-1.01099	-0.94723
-1.01102	-0.948515
-1.01063	-0.950189
-1.01022	-0.951864
-1.00953	-0.953498
-1.00886	-0.954847
-1.00789	-0.95621
-1.00642	-0.957367
-1.00498	-0.958234
-1.00313	-0.959412
-1.00132	-0.960471
-0.999985	-0.961388
-0.998591	-0.962302
-0.997709	-0.963487
-0.996182	-0.965338
-0.994661	-0.96713
-0.993692	-0.968669
-0.99269	-0.970154
-0.991682	-0.971624
-0.990929	-0.972856
-0.990286	-0.974495
-0.989595	-0.976199
-0.988972	-0.977912
-0.98803	-0.979896
-0.987283	-0.981412
-0.986066	-0.982854
-0.984889	-0.98422
-0.983742	-0.985517
-0.982987	-0.986834
-0.982762	-0.988284
-0.982173	-0.989987
-0.98116	-0.991549
-0.980191	-0.992577
-0.978673	-0.99367
-0.976746	-0.99511
-0.974088	-0.996856
-0.971872	-0.998719
-0.969882	-1.0006
-0.967684	-1.00247
-0.965519	-1.0039
-0.963773	-1.00529
-0.961607	-1.00721
-0.959518	-1.00896
-0.957966	-1.01024
-0.956537	-1.0115
-0.955428	-1.01242
-0.953785	-1.01305
-0.952152	-1.01368
-0.949759	-1.01464
-0.948089	-1.01612
-0.946359	-1.0171
-0.944385	-1.01814
-0.942361	-1.01895
-0.940739	-1.01966
-0.938787	-1.02039
-0.936836	-1.02122
-0.934961	-1.02201
-0.933795	-1.02193
-0.933171	-1.02312
-0.932539	-1.02472
-0.931916	-1.02638
-0.931474	-1.02824
-0.931141	-1.03043
-0.930991	-1.03271
-0.93139	-1.03478
-0.931033	-1.03689
-0.930711	-1.03887
-0.930159	-1.0411
-0.929915	-1.04361
-0.929465	-1.04546
-0.929259	-1.04709
-0.929669	-1.04982
-0.930248	-1.05219
-0.930604	-1.05457
-0.930844	-1.0569
-0.931077	-1.05908
-0.931124	-1.061
-0.930945	-1.06283
-0.930095	-1.06521
-0.929707	-1.068
-0.92946	-1.07062
-0.928867	-1.07289
-0.928331	-1.07428
-0.927901	-1.07548
-0.927144	-1.07676
-0.925892	-1.07681
-0.925024	-1.07675
-0.924004	-1.0765
-0.922498	-1.07662
-0.92094	-1.0768
-0.919053	-1.07704
-0.917187	-1.07746
-0.915173	-1.0782
-0.91316	-1.07909
-0.911811	-1.07901
-0.910668	-1.0785
-0.909186	-1.07858
-0.906862	-1.07879
-0.904729	-1.07889
-0.90267	-1.07837
-0.901019	-1.07817
-0.899581	-1.07809
-0.897691	-1.07773
-0.895556	-1.07749
-0.893506	-1.07726
-0.891073	-1.0773
-0.888511	-1.07755
-0.886122	-1.07797
-0.883912	-1.07842
-0.881409	-1.07823
-0.879493	-1.07756
-0.877652	-1.07717
-0.875666	-1.07568
-0.873646	-1.07442
-0.87182	-1.07366
-0.870178	-1.07288
-0.868608	-1.07241
-0.866921	-1.07142
-0.865185	-1.07042
-0.863478	-1.06892
-0.861376	-1.06749
-0.859418	-1.06616
-0.857682	-1.06503
-0.856042	-1.06393
-0.854462	-1.06287
-0.852772	-1.06173
-0.850492	-1.06081
-0.84841	-1.05993
-0.845638	-1.05969
-0.84304	-1.0597
-0.83988	-1.05971
-0.837056	-1.05973
-0.83452	-1.05991
-0.832486	-1.06015
-0.830102	-1.06046
-0.828045	-1.06076
-0.826126	-1.06122
-0.824442	-1.06271
-0.822802	-1.06422
-0.821004	-1.0652
-0.819255	-1.06628
-0.817962	-1.06762
-0.816702	-1.06894
-0.816433	-1.07067
-0.816615	-1.07198
-0.817074	-1.07264
-0.817776	-1.07351
-0.819062	-1.07528
-0.82043	-1.07711
-0.821911	-1.07889
-0.823508	-1.08097
-0.825346	-1.08285
-0.826095	-1.08538
-0.82687	-1.08785
-0.828049	-1.09073
-0.829142	-1.09336
-0.829899	-1.09527
-0.830996	-1.09671
-0.831991	-1.0986
-0.832728	-1.10041
-0.833826	-1.10229
-0.834909	-1.10407
-0.836188	-1.10569
-0.837465	-1.10726
-0.838473	-1.10892
-0.839529	-1.11058
-0.840629	-1.11265
-0.842076	-1.11474
-0.843871	-1.11632
-0.845454	-1.11833
-0.846942	-1.12023
-0.848867	-1.12259
-0.850927	-1.12476
-0.852325	-1.12685
-0.854119	-1.12894
-0.855742	-1.13084
-0.857094	-1.13261
-0.858505	-1.13427
-0.860053	-1.13549
-0.861813	-1.13709
-0.863479	-1.13863
-0.864632	-1.13961
-0.865724	-1.14033
-0.866721	-1.14098
-0.867797	-1.14173
-0.868435	-1.14214
-0.86921	-1.14266
-0.870287	-1.14323
-0.871478	-1.1439
-0.872756	-1.14471
-0.87449	-1.14631
-0.875843	-1.14771
-0.877768	-1.149
-0.879814	-1.14971
-0.881216	-1.14942
-0.882542	-1.14913
-0.884153	-1.14917
-0.885888	-1.14883
-0.887436	-1.14848
-0.889236	-1.1484
-0.890469	-1.14859
-0.892348	-1.14823
-0.894966	-1.14917
-0.896996	-1.15002
-0.899023	-1.15121
-0.901355	-1.15241
-0.903171	-1.15315
-0.905487	-1.15344
-0.907734	-1.15309
-0.90897	-1.15258
-0.909339	-1.15187
-0.909738	-1.15102
-0.910313	-1.15024
-0.910664	-1.1491
-0.911083	-1.14782
-0.911167	-1.14682
-0.911429	-1.14585
-0.911681	-1.14528
-0.912175	-1.14524
-0.913206	-1.1454
-0.914335	-1.14559
-0.916211	-1.14614
-0.918387	-1.1465
-0.920562	-1.14676
-0.923161	-1.14673
-0.925705	-1.1473
-0.9285	-1.14788
-0.931407	-1.14807
-0.933789	-1.14849
-0.935873	-1.1495
-0.937467	-1.15033
-0.939032	-1.15142
-0.940196	-1.15284
-0.941179	-1.15432
-0.942634	-1.15592
-0.944026	-1.15739
-0.94541	-1.15828
-0.94678	-1.15928
-0.948371	-1.16047
-0.949603	-1.16169
-0.950808	-1.16315
-0.952166	-1.16439
-0.954134	-1.1658
-0.955923	-1.16712
-0.95733	-1.16831
-0.95921	-1.1698
-0.96103	-1.17225
-0.962758	-1.17444
-0.964434	-1.17586
-0.965877	-1.1772
-0.968051	-1.17897
-0.970317	-1.1804
-0.97251	-1.18143
-0.9742	-1.18201
-0.976109	-1.18251
-0.978012	-1.18302
-0.979982	-1.18406
-0.982228	-1.18583
-0.984894	-1.18691
-0.987868	-1.18804
-0.990083	-1.18906
-0.992385	-1.19048
-0.994293	-1.19144
-0.995598	-1.19285
-0.996593	-1.19384
-0.997527	-1.19495
-0.99894	-1.19603
-0.999969	-1.19724
-1.00089	-1.19807
-1.00077	-1.19958
-1.00001	-1.20104
-0.999247	-1.20245
-0.99815	-1.20385
-0.997068	-1.20523
-0.996181	-1.20648
-0.995355	-1.20759
-0.995178	-1.20892
-0.995209	-1.21049
-0.995086	-1.21224
-0.994884	-1.21446
-0.994685	-1.21635
-0.99507	-1.21849
-0.996444	-1.22154
-0.997375	-1.22444
-0.998255	-1.22694
-0.999263	-1.22904
-1.00047	-1.23064
-1.00142	-1.23291
-1.00245	-1.23484
-1.00287	-1.23588
-1.00376	-1.23765
-1.0044	-1.23912
-1.0047	-1.24033
-1.00436	-1.24151
-1.00406	-1.24276
-1.00335	-1.24449
-1.00235	-1.24601
-1.00139	-1.24728
-1.00085	-1.24839
-0.999993	-1.24961
-0.999153	-1.25066
-0.998255	-1.25178
-0.997295	-1.25336
-0.996756	-1.25471
-0.996233	-1.25613
-0.99554	-1.2581
-0.995275	-1.25959
-0.995784	-1.26094
-0.995858	-1.26261
-0.996272	-1.26472
-0.996707	-1.26621
-0.997106	-1.26703
-0.997804	-1.26733
-0.998341	-1.26768
-0.999565	-1.26795
-1.00134	-1.26804
-1.00327	-1.26812
-1.00488	-1.26795
-1.00671	-1.26809
-1.0074	-1.26743
-1.00858	-1.26639
-1.01017	-1.26524
-1.01182	-1.26414
-1.01308	-1.26225
-1.01427	-1.26054
-1.01534	-1.25893
-1.01646	-1.25739
-1.01774	-1.25595
-1.0191	-1.25419
-1.01999	-1.25324
-1.02089	-1.25226
-1.02183	-1.25157
-1.02279	-1.25085
-1.02384	-1.25023
-1.0245	-1.24977
-1.02525	-1.24952
-1.02606	-1.24951
-1.02675	-1.24878
-1.02699	-1.24785
-1.02731	-1.24683
-1.02769	-1.24551
-1.02801	-1.24452
-1.0287	-1.24307
-1.0294	-1.2416
-1.03025	-1.24003
-1.03102	-1.23841
-1.03125	-1.23693
-1.03146	-1.23585
-1.03188	-1.23425
-1.03271	-1.23297
-1.0334	-1.23213
-1.03449	-1.231
-1.03581	-1.22931
-1.03718	-1.22798
-1.03865	-1.22629
-1.0398	-1.22479
-1.04075	-1.22309
-1.04168	-1.22143
-1.0429	-1.21959
-1.04408	-1.21778
-1.04461	-1.21524
-1.0455	-1.21292
-1.04639	-1.2099
-1.04715	-1.20775
-1.04763	-1.20614
-1.04836	-1.20461
-1.04903	-1.20336
-1.04972	-1.202
-1.05029	-1.20066
-1.05095	-1.19913
-1.05155	-1.19774
-1.05192	-1.19632
-1.05215	-1.19501
-1.05237	-1.1937
-1.05263	-1.19254
-1.05343	-1.19116
-1.05512	-1.18857
-1.0568	-1.18617
-1.05843	-1.18423
-1.05977	-1.18308
-1.06062	-1.18209
-1.06114	-1.18053
-1.06201	-1.17918
-1.06416	-1.17784
-1.06622	-1.17707
-1.06846	-1.17711
-1.07102	-1.17635
-1.07397	-1.17549
-1.07571	-1.17437
-1.077	-1.17331
-1.0784	-1.17209
-1.08016	-1.171
-1.08182	-1.16947
-1.08337	-1.16808
-1.08487	-1.16679
-1.08608	-1.16517
-1.08756	-1.16392
-1.08931	-1.16299
-1.09061	-1.16128
-1.09187	-1.15982
-1.09382	-1.15832
-1.09566	-1.15644
-1.09755	-1.15473
-1.09841	-1.15327
-1.09914	-1.15163
-1.10025	-1.14969
-1.10143	-1.14791
-1.10229	-1.14635
-1.1032	-1.14473
-1.10401	-1.14321
-1.10479	-1.14169
-1.10527	-1.14038
-1.10535	-1.13958
-1.10525	-1.13862
-1.10483	-1.138
-1.10365	-1.13666
-1.10234	-1.13585
-1.10077	-1.13476
-1.09864	-1.13367
-1.09703	-1.13277
-1.09568	-1.13207
-1.09487	-1.13039
-1.09369	-1.12909
-1.09165	-1.12828
-1.08964	-1.12782
-1.08754	-1.12733
-1.0859	-1.12691
-1.08413	-1.12604
-1.08262	-1.12535
-1.08125	-1.12428
-1.07992	-1.12327
-1.07876	-1.12218
-1.07768	-1.1216
-1.07648	-1.12098
-1.07525	-1.12036
-1.07349	-1.11991
-1.07179	-1.11962
-1.07013	-1.11927
-1.0687	-1.11904
-1.06705	-1.1189
-1.0654	-1.11881
-1.06357	-1.1187
-1.06188	-1.11847
-1.05964	-1.11782
-1.05665	-1.117
-1.05392	-1.11635
-1.05132	-1.11619
-1.04951	-1.11576
-1.04799	-1.11492
-1.04658	-1.11414
-1.04523	-1.11332
-1.0444	-1.11233
-1.04389	-1.11175
-1.04294	-1.11074
-1.04215	-1.10959
-1.04127	-1.10853
-1.04006	-1.10772
-1.03882	-1.10687
-1.03773	-1.10585
-1.03667	-1.1049
-1.03504	-1.10446
-1.03442	-1.10486
-1.03376	-1.10561
-1.03302	-1.10649
-1.03207	-1.10724
-1.03143	-1.10788
-1.03071	-1.10862
-1.02989	-1.10935
-1.02937	-1.11064
-1.02912	-1.11187
-1.02891	-1.11318
-1.02891	-1.11514
-1.02891	-1.11707
-1.0294	-1.11952
-1.02987	-1.12159
-1.03041	-1.12372
-1.03092	-1.12588
-1.03144	-1.12801
-1.03278	-1.13019
-1.03368	-1.13232
-1.03487	-1.13471
-1.036	-1.13687
-1.03712	-1.1401
-1.03864	-1.14231
-1.04007	-1.14398
-1.0417	-1.14534
-1.04322	-1.14656
-1.04438	-1.1476
-1.04619	-1.14874
-1.04733	-1.1497
-1.04891	-1.15072
-1.05024	-1.15177
-1.0513	-1.15265
-1.05219	-1.15334
-1.05355	-1.1544
-1.05531	-1.15546
-1.05757	-1.15716
-1.05985	-1.15922
-1.062	-1.16113
-1.06399	-1.1629
-1.06601	-1.16436
-1.06752	-1.1652
-1.06901	-1.16592
-1.07059	-1.16654
-1.0722	-1.16681
-1.07417	-1.16734
-1.0759	-1.16728
-1.07777	-1.16725
-1.07972	-1.16731
-1.08194	-1.16739
-1.08406	-1.16747
-1.08609	-1.16792
-1.08801	-1.16819
-1.08999	-1.1685
-1.0921	-1.16899
-1.09423	-1.16954
-1.09621	-1.16924
-1.09839	-1.16887
-1.09985	-1.1686
-1.10104	-1.16882
-1.10213	-1.16919
-1.10251	-1.169
-1.10344	-1.16894
-1.10425	-1.16871
-1.10515	-1.16842
-1.10632	-1.16826
-1.10714	-1.16797
-1.10764	-1.16715
-1.10812	-1.16623
-1.10866	-1.16522
-1.10843	-1.16356
-1.10796	-1.16207
-1.10759	-1.16159
-1.10651	-1.16123
-1.10563	-1.16065
-1.10461	-1.16009
-1.10324	-1.15961
-1.10209	-1.1594
-1.10093	-1.1592
-1.10012	-1.15877
-1.09901	-1.15811
-1.09791	-1.15742
-1.09649	-1.15695
-1.09456	-1.15655
-1.09255	-1.15573
-1.0906	-1.15548
-1.0892	-1.15539
-1.08796	-1.15561
-1.08654	-1.15599
-1.08555	-1.15652
-1.08362	-1.15754
-1.08212	-1.15855
-1.08069	-1.15954
-1.07919	-1.16051
-1.07844	-1.16188
-1.07774	-1.1633
-1.07717	-1.16586
-1.07673	-1.16876
-1.07669	-1.17156
-1.07712	-1.17467
-1.07728	-1.17732
-1.07706	-1.17986
-1.07685	-1.18264
-1.07668	-1.18517
-1.07638	-1.18648
-1.07574	-1.18746
-1.07493	-1.1888
-1.07462	-1.19014
-1.07404	-1.19153
-1.07335	-1.19252
-1.07234	-1.19381
-1.07041	-1.19482
-1.06856	-1.19575
-1.06664	-1.19703
-1.06495	-1.19786
-1.06311	-1.19837
-1.06152	-1.19902
-1.05993	-1.19968
-1.05783	-1.20084
-1.05575	-1.2023
-1.05431	-1.20391
-1.05301	-1.20537
-1.05195	-1.20709
-1.05071	-1.20878
-1.05021	-1.21027
-1.04959	-1.21198
-1.04928	-1.2137
-1.04881	-1.21486
-1.04851	-1.21595
-1.04855	-1.2172
-1.04846	-1.21849
-1.04726	-1.21998
-1.0461	-1.22141
-1.04506	-1.22257
-1.04424	-1.22288
-1.04335	-1.22319
-1.04233	-1.22316
-1.04066	-1.22384
-1.03984	-1.22553
-1.03914	-1.22728
-1.03858	-1.22924
-1.03818	-1.23133
-1.03725	-1.23293
-1.03613	-1.23436
-1.03475	-1.23557
-1.03369	-1.23672
-1.03335	-1.23753
-1.03285	-1.23869
-1.03233	-1.23974
-1.03036	-1.24092
-1.02841	-1.24232
-1.0269	-1.24432
-1.02537	-1.24616
-1.02316	-1.24778
-1.02092	-1.24979
-1.01936	-1.25123
-1.01815	-1.25261
-1.01678	-1.25423
-1.01528	-1.25545
-1.01383	-1.25659
-1.01245	-1.25733
-1.01172	-1.25846
-1.01097	-1.25967
-1.01021	-1.26127
-1.00868	-1.26295
-1.00761	-1.26498
-1.00612	-1.2665
-1.00426	-1.26793
-1.00329	-1.26964
-1.00215	-1.27115
-1.00107	-1.27308
-0.999926	-1.27505
-0.998607	-1.27704
-0.99651	-1.27959
-0.993949	-1.28178
-0.99168	-1.28387
-0.990204	-1.28636
-0.988797	-1.28846
-0.987515	-1.2904
-0.986345	-1.29233
-0.984767	-1.2936
-0.983038	-1.2952
-0.981556	-1.29673
-0.980074	-1.29839
-0.978697	-1.30002
-0.977252	-1.30091
-0.975951	-1.30223
-0.974757	-1.30337
-0.972575	-1.30489
-0.970626	-1.30574
-0.96883	-1.3067
-0.967063	-1.30734
-0.965325	-1.30796
-0.963486	-1.30834
-0.961393	-1.30799
-0.96006	-1.30758
-0.958626	-1.30703
-0.957168	-1.30639
-0.955379	-1.30587
-0.953615	-1.30537
-0.952179	-1.30495
-0.950456	-1.30427
-0.948741	-1.30365
-0.947054	-1.3027
-0.945722	-1.30243
-0.945319	-1.30134
-0.944328	-1.30035
-0.943438	-1.29879
-0.942457	-1.29725
-0.941626	-1.29562
-0.941256	-1.29393
-0.940975	-1.29216
-0.94085	-1.29014
-0.940738	-1.28821
-0.940455	-1.28655
-0.9402	-1.28419
-0.940005	-1.28195
-0.939617	-1.28009
-0.939418	-1.27856
-0.938734	-1.27658
-0.93762	-1.27487
-0.936181	-1.2736
-0.935306	-1.27249
-0.934431	-1.27138
-0.933594	-1.27012
-0.932492	-1.26875
-0.930622	-1.26732
-0.927975	-1.26534
-0.925803	-1.26369
-0.924867	-1.26255
-0.923347	-1.26101
-0.92153	-1.25978
-0.920175	-1.25924
-0.918503	-1.25925
-0.916626	-1.2584
-0.914482	-1.25753
-0.912594	-1.25648
-0.911719	-1.25605
-0.910418	-1.2559
-0.908985	-1.25597
-0.907669	-1.25637
-0.906548	-1.25652
-0.904494	-1.25659
-0.902575	-1.25663
-0.900734	-1.25667
-0.898828	-1.25665
-0.897022	-1.25659
-0.895201	-1.25648
-0.89314	-1.25629
-0.891513	-1.25569
-0.8899	-1.25509
-0.888703	-1.25462
-0.886724	-1.2544
-0.884755	-1.25424
-0.882874	-1.25404
-0.881006	-1.25389
-0.879556	-1.25383
-0.8788	-1.2538
-0.877837	-1.2538
-0.876637	-1.25395
-0.875438	-1.25417
-0.874145	-1.25429
-0.872315	-1.25457
-0.870081	-1.25521
-0.867714	-1.25506
-0.865894	-1.25526
-0.864088	-1.2564
-0.862313	-1.25643
-0.860546	-1.25636
-0.859034	-1.25592
-0.85753	-1.25543
-0.856188	-1.25502
-0.855103	-1.25494
-0.853408	-1.25484
-0.851173	-1.25531
-0.848154	-1.25689
-0.845943	-1.2584
-0.84389	-1.25946
-0.841976	-1.26052
-0.841947	-1.262
-0.842105	-1.26375
-0.842374	-1.26576
-0.842975	-1.26782
-0.843573	-1.27013
-0.844072	-1.27249
-0.844441	-1.27451
-0.844773	-1.27643
-0.84494	-1.2784
-0.845278	-1.27976
-0.845613	-1.28021
-0.846066	-1.2809
-0.846637	-1.28154
-0.84748	-1.28242
-0.847965	-1.28278
-0.848576	-1.28337
-0.848788	-1.28375
-0.849239	-1.28392
-0.849714	-1.28393
-0.850229	-1.28409
-0.850986	-1.28429
-0.85199	-1.28484
-0.853136	-1.28555
-0.854513	-1.28652
-0.856192	-1.28761
-0.858215	-1.2888
-0.860129	-1.28996
-0.861864	-1.29086
-0.863482	-1.29168
-0.865275	-1.29257
-0.867057	-1.29358
-0.868811	-1.29443
-0.870352	-1.29511
-0.872076	-1.2961
-0.87368	-1.29714
-0.874974	-1.29749
-0.876327	-1.29788
-0.876895	-1.29822
-0.877677	-1.29816
-0.878934	-1.29815
-0.880412	-1.29795
-0.881899	-1.29812
-0.882912	-1.29824
-0.884029	-1.29797
-0.885325	-1.29771
-0.886103	-1.29757
-0.887037	-1.29738
-0.888264	-1.29717
-0.88916	-1.29761
-0.889991	-1.29831
-0.890787	-1.29935
-0.89163	-1.30021
-0.892699	-1.30114
-0.893689	-1.30181
-0.894711	-1.30213
-0.89568	-1.30205
-0.897488	-1.30173
-0.898276	-1.30131
-0.899255	-1.30111
-0.900346	-1.30049
-0.901616	-1.29971
-0.902846	-1.29901
-0.903522	-1.2985
-0.904099	-1.2978
-0.904499	-1.29714
-0.904921	-1.29629
-0.906435	-1.29493
-0.906668	-1.2934
-0.9067	-1.29157
-0.905384	-1.29026
-0.90432	-1.28894
-0.903164	-1.28683
-0.902456	-1.28462
-0.901894	-1.28232
-0.901152	-1.28089
-0.900267	-1.27917
-0.899234	-1.27769
-0.89861	-1.27664
-0.898304	-1.27568
-0.899029	-1.27472
-0.899742	-1.27366
-0.90028	-1.27282
-0.900743	-1.27155
-0.901218	-1.27027
-0.901696	-1.26888
-0.901633	-1.26755
-0.901491	-1.26629
-0.900466	-1.26518
-0.899701	-1.26408
-0.8987	-1.26309
-0.897575	-1.26203
-0.895686	-1.26122
-0.893971	-1.26068
-0.892915	-1.25965
-0.892256	-1.25829
-0.891812	-1.25717
-0.891341	-1.25604
-0.891079	-1.25401
-0.89086	-1.25206
-0.890574	-1.25053
-0.889986	-1.24852
-0.889556	-1.24642
-0.8897	-1.24459
-0.889632	-1.24265
-0.889738	-1.24038
-0.890397	-1.23785
-0.890578	-1.23538
-0.890238	-1.23305
-0.889956	-1.23068
-0.889883	-1.22851
-0.889492	-1.22624
-0.889109	-1.22421
-0.889084	-1.2222
-0.889716	-1.22014
-0.89067	-1.21824
-0.89177	-1.21634
-0.892739	-1.21458
-0.893996	-1.21327
-0.895369	-1.21185
-0.896756	-1.21034
-0.898181	-1.20906
-0.899389	-1.2074
-0.900327	-1.20628
-0.901944	-1.20573
-0.903372	-1.20554
-0.904956	-1.20521
-0.90656	-1.20489
-0.908216	-1.20454
-0.909802	-1.20422
-0.911673	-1.20326
-0.913466	-1.20233
-0.914739	-1.202
-0.916033	-1.20171
-0.917445	-1.20112
-0.91898	-1.20059
-0.920857	-1.19934
-0.922834	-1.19826
-0.924597	-1.19789
-0.92575	-1.19755
-0.926828	-1.19694
-0.927699	-1.19629
-0.928181	-1.19546
-0.928265	-1.19429
-0.928433	-1.19231
-0.92839	-1.19027
-0.926947	-1.18842
-0.925422	-1.18688
-0.924001	-1.18538
-0.922445	-1.18404
-0.921423	-1.18224
-0.91962	-1.17991
-0.918027	-1.17734
-0.916953	-1.17491
-0.916259	-1.17326
-0.915157	-1.17208
-0.914033	-1.17089
-0.912819	-1.16957
-0.912101	-1.16832
-0.910884	-1.16714
-0.909409	-1.16586
-0.907969	-1.16485
-0.906321	-1.16396
-0.904002	-1.16282
-0.902289	-1.16204
-0.900658	-1.16107
-0.898395	-1.15979
-0.896579	-1.15807
-0.895477	-1.15624
-0.894834	-1.15466
-0.894233	-1.15305
-0.89368	-1.15142
-0.893126	-1.1496
-0.892514	-1.14789
-0.891456	-1.14701
-0.890056	-1.14608
-0.888566	-1.14506
-0.887334	-1.14382
-0.886131	-1.14217
-0.885486	-1.14009
-0.884978	-1.13807
-0.884517	-1.13625
-0.884	-1.13454
-0.88387	-1.13265
-0.88386	-1.1302
-0.883903	-1.128
-0.883062	-1.12607
-0.881712	-1.12439
-0.880275	-1.12339
-0.878774	-1.1222
-0.877135	-1.12179
-0.875435	-1.12138
-0.873771	-1.12078
-0.872365	-1.12012
-0.8709	-1.11936
-0.869359	-1.11873
-0.867749	-1.11798
-0.865373	-1.11712
-0.863775	-1.11686
-0.862875	-1.11696
-0.860758	-1.11744
-0.859644	-1.11727
-0.858369	-1.11713
-0.857245	-1.1171
-0.856057	-1.11708
-0.854501	-1.11711
-0.852056	-1.11727
-0.850042	-1.11737
-0.848951	-1.11815
-0.848148	-1.11955
-0.847346	-1.12008
-0.846599	-1.1206
-0.845572	-1.12142
-0.844639	-1.12242
-0.843629	-1.12358
-0.842677	-1.1251
-0.841653	-1.12682
-0.840316	-1.12841
-0.839203	-1.12981
-0.838222	-1.13115
-0.836848	-1.13219
-0.836105	-1.13324
-0.835385	-1.13423
-0.834935	-1.13491
-0.833881	-1.13578
-0.832156	-1.13635
-0.83056	-1.13679
-0.829094	-1.13684
-0.827642	-1.13687
-0.826393	-1.13699
-0.825078	-1.13695
-0.823418	-1.13731
-0.821129	-1.13757
-0.819112	-1.13744
-0.817148	-1.13693
-0.815941	-1.13677
-0.814567	-1.13678
-0.812707	-1.13684
-0.811014	-1.13694
-0.810086	-1.13676
-0.808901	-1.13629
-0.806702	-1.13522
-0.804755	-1.13405
-0.803445	-1.13321
-0.802252	-1.13301
-0.800885	-1.13294
-0.799434	-1.13283
-0.797961	-1.13248
-0.797231	-1.13181
-0.796285	-1.13123
-0.795273	-1.13023
-0.794458	-1.12953
-0.793703	-1.12864
-0.793007	-1.12763
-0.791828	-1.12638
-0.789935	-1.12477
-0.787969	-1.12374
-0.786823	-1.12299
-0.785519	-1.12249
-0.783677	-1.12181
-0.782306	-1.12131
-0.780976	-1.12079
-0.779926	-1.11991
-0.778696	-1.11919
-0.777105	-1.11858
-0.7754	-1.11796
-0.773627	-1.11748
-0.771762	-1.11696
-0.770046	-1.11543
-0.768638	-1.11413
-0.767171	-1.11248
-0.765814	-1.11094
-0.764405	-1.1094
-0.763776	-1.10794
-0.763064	-1.10646
-0.762048	-1.10511
-0.761127	-1.10394
-0.760307	-1.10272
-0.759415	-1.10204
-0.758364	-1.10121
-0.757876	-1.09989
-0.757155	-1.09836
-0.756139	-1.09662
-0.754987	-1.094
-0.754099	-1.09162
-0.753615	-1.08948
-0.752719	-1.08788
-0.75151	-1.08588
-0.750682	-1.08393
-0.749439	-1.08207
-0.747985	-1.08046
-0.74671	-1.07903
-0.74573	-1.07715
-0.745662	-1.07532
-0.745198	-1.07368
-0.744762	-1.07232
-0.744378	-1.07104
-0.744051	-1.06989
-0.744034	-1.0687
-0.743734	-1.06752
-0.74329	-1.06609
-0.743221	-1.06481
-0.744134	-1.06325
-0.745404	-1.06023
-0.746246	-1.05675
-0.746867	-1.05386
-0.747434	-1.05111
-0.747774	-1.04851
-0.748373	-1.04639
-0.748684	-1.04426
-0.749463	-1.0416
-0.750121	-1.038
-0.750541	-1.03507
-0.750474	-1.03185
-0.74995	-1.02918
-0.74948	-1.02715
-0.749365	-1.02465
-0.749622	-1.02255
-0.750317	-1.02022
-0.751061	-1.01808
-0.751921	-1.01602
-0.752615	-1.01402
-0.753594	-1.01247
-0.754574	-1.01102
-0.755606	-1.00972
-0.756872	-1.00901
-0.758175	-1.00908
-0.759522	-1.0098
-0.760868	-1.0103
-0.762377	-1.01071
-0.764054	-1.01125
-0.7667	-1.01102
-0.768793	-1.01091
-0.770732	-1.01015
-0.772344	-1.00966
-0.774258	-1.00939
-0.776165	-1.00913
-0.779197	-1.008
-0.781733	-1.00742
-0.783783	-1.00695
-0.785638	-1.00703
-0.787422	-1.00711
-0.789323	-1.00686
-0.791265	-1.00661
-0.792717	-1.00683
-0.793819	-1.00688
-0.794993	-1.00746
-0.79613	-1.0082
-0.797005	-1.00894
-0.798005	-1.00989
-0.798897	-1.01123
-0.800087	-1.01307
-0.801252	-1.01471
-0.802406	-1.01688
-0.802967	-1.01897
-0.80358	-1.021
-0.804821	-1.02359
-0.805627	-1.02651
-0.806242	-1.02919
-0.806894	-1.03149
-0.807605	-1.03351
-0.808366	-1.03567
-0.809146	-1.03724
-0.809843	-1.03953
-0.81104	-1.0423
-0.812458	-1.04466
-0.813609	-1.04721
-0.81571	-1.04911
-0.81795	-1.0506
-0.819998	-1.05199
-0.821835	-1.05325
-0.824462	-1.05434
-0.826883	-1.05576
-0.829261	-1.05677
-0.831526	-1.05774
-0.834265	-1.05871
-0.836596	-1.05944
-0.839227	-1.06015
-0.841564	-1.0604
-0.843726	-1.06003
-0.845443	-1.05946
-0.847746	-1.05909
-0.849886	-1.05852
-0.851636	-1.05825
-0.853285	-1.05803
-0.855313	-1.05737
-0.857501	-1.05694
-0.858731	-1.0563
-0.859991	-1.05567
-0.861211	-1.05464
-0.8626	-1.05367
-0.863483	-1.05317
-0.864571	-1.0528
-0.865722	-1.05245
-0.866997	-1.052
-0.868115	-1.05185
-0.869219	-1.05158
-0.869962	-1.05152
-0.870795	-1.0515
-0.871091	-1.0509
-0.87142	-1.05024
-0.871982	-1.04927
-0.87255	-1.04834
-0.873191	-1.04721
-0.873784	-1.04606
-0.874442	-1.04476
-0.874435	-1.04292
-0.874312	-1.04109
-0.874216	-1.03931
-0.873967	-1.03814
-0.87365	-1.03677
-0.873185	-1.03551
-0.872657	-1.03426
-0.87222	-1.0331
-0.871616	-1.03146
-0.871227	-1.02992
-0.870292	-1.02851
-0.869324	-1.02754
-0.868328	-1.02691
-0.867353	-1.02628
-0.866314	-1.02529
-0.86567	-1.02396
-0.865011	-1.0228
-0.86431	-1.02152
-0.862887	-1.01989
-0.861421	-1.01834
-0.86005	-1.01682
-0.85875	-1.01592
-0.857486	-1.01502
-0.856968	-1.0136
-0.856384	-1.01197
-0.855848	-1.0107
-0.855247	-1.00948
-0.854756	-1.00767
-0.854065	-1.00586
-0.853143	-1.0043
-0.85224	-1.00269
-0.851193	-1.00034
-0.850329	-0.997613
-0.849066	-0.995521
-0.847844	-0.993529
-0.847338	-0.991144
-0.847143	-0.988675
-0.846901	-0.98639
-0.846921	-0.984311
-0.847128	-0.982462
-0.847533	-0.981454
-0.84765	-0.980221
-0.848011	-0.978851
-0.848331	-0.977496
-0.848833	-0.976989
-0.849459	-0.976303
-0.849458	-0.975141
-0.84881	-0.974239
-0.848175	-0.973136
-0.847846	-0.971543
-0.8475	-0.970232
-0.846916	-0.969106
-0.846298	-0.967813
-0.845897	-0.966392
-0.845364	-0.9649
-0.845028	-0.963516
-0.8448	-0.962321
-0.84466	-0.961016
-0.844477	-0.95985
-0.844755	-0.958989
-0.845423	-0.957944
-0.845898	-0.957413
-0.846032	-0.956447
-0.845476	-0.954959
-0.845876	-0.954695
-0.84613	-0.954505
-0.846644	-0.954404
-0.847297	-0.954491
-0.848201	-0.954306
-0.849134	-0.954296
-0.850392	-0.954215
-0.852131	-0.953923
-0.853479	-0.95371
-0.855316	-0.954067
-0.856447	-0.954919
-0.857119	-0.9559
-0.858115	-0.957165
-0.85967	-0.95855
-0.861565	-0.95943
-0.862928	-0.961126
-0.864795	-0.963391
-0.866719	-0.965764
-0.868223	-0.968204
-0.869407	-0.97036
-0.87066	-0.972389
-0.871726	-0.974306
-0.872777	-0.976116
-0.873599	-0.978148
-0.87406	-0.980221
-0.874688	-0.981866
-0.875654	-0.983353
-0.876442	-0.984683
-0.876787	-0.986374
-0.877038	-0.988474
-0.876949	-0.990694
-0.877097	-0.992955
-0.877451	-0.995106
-0.877347	-0.997315
-0.87723	-0.999293
-0.876701	-1.00112
-0.876259	-1.0031
-0.876022	-1.00441
-0.875839	-1.00571
-0.875624	-1.00705
-0.875128	-1.00845
-0.874862	-1.0102
-0.87442	-1.01211
-0.873426	-1.01396
-0.872297	-1.01673
-0.871205	-1.01926
-0.86971	-1.02158
-0.868261	-1.02387
-0.866765	-1.02621
-0.865686	-1.02859
-0.865448	-1.03054
-0.865941	-1.03205
-0.86646	-1.03363
-0.867674	-1.03551
-0.869167	-1.03705
-0.870521	-1.03878
-0.872079	-1.04071
-0.873561	-1.04201
-0.875404	-1.04362
-0.876921	-1.04533
-0.878428	-1.04691
-0.879481	-1.048
-0.880473	-1.0497
-0.88143	-1.05024
-0.88273	-1.05071
-0.882957	-1.05189
-0.883598	-1.05267
-0.884277	-1.05343
-0.885036	-1.05434
-0.886383	-1.05547
-0.888018	-1.05671
-0.889507	-1.05778
-0.890816	-1.05925
-0.891662	-1.0614
-0.892356	-1.06361
-0.892985	-1.06576
-0.892957	-1.06926
-0.893176	-1.07251
-0.892805	-1.07544
-0.892806	-1.07784
-0.892829	-1.08011
-0.892835	-1.082
-0.892652	-1.08377
-0.892681	-1.08548
-0.89293	-1.08724
-0.893407	-1.0889
-0.893775	-1.09071
-0.894016	-1.09261
-0.894609	-1.09444
-0.895217	-1.09625
-0.895842	-1.09792
-0.896897	-1.0997
-0.897663	-1.10084
-0.899249	-1.10179
-0.90114	-1.10212
-0.902418	-1.10243
-0.903857	-1.10374
-0.904871	-1.10455
-0.905877	-1.10538
-0.907446	-1.10662
-0.909066	-1.10756
-0.910372	-1.10793
-0.911657	-1.10816
-0.912363	-1.10805
-0.913203	-1.10776
-0.914298	-1.10787
-0.915441	-1.1082
-0.916861	-1.10849
-0.917991	-1.10897
-0.919029	-1.10961
-0.920244	-1.10981
-0.921883	-1.11001
-0.92352	-1.11028
-0.925526	-1.11059
-0.927391	-1.11094
-0.928797	-1.11063
-0.930205	-1.11034
-0.932208	-1.11048
-0.934244	-1.10962
-0.936326	-1.10905
-0.938004	-1.10852
-0.939532	-1.10805
-0.94113	-1.10824
-0.942494	-1.10841
-0.943858	-1.10842
-0.945255	-1.10847
-0.946879	-1.10879
-0.948388	-1.10908
-0.950164	-1.10938
-0.952121	-1.10968
-0.953134	-1.11094
-0.954142	-1.1122
-0.955183	-1.11338
-0.956425	-1.11428
-0.957693	-1.11505
-0.959026	-1.11597
-0.960611	-1.1169
-0.961522	-1.11839
-0.96237	-1.12093
-0.963072	-1.12305
-0.963548	-1.12518
-0.964043	-1.12738
-0.964243	-1.12906
-0.96439	-1.13049
-0.964638	-1.13297
-0.965241	-1.13519
-0.965817	-1.13733
-0.966619	-1.13946
-0.967778	-1.14173
-0.968875	-1.14389
-0.969659	-1.1454
-0.970184	-1.14657
-0.971007	-1.14795
-0.971919	-1.1492
-0.973496	-1.15091
-0.975224	-1.15282
-0.976901	-1.15523
-0.978539	-1.15776
-0.980057	-1.15938
-0.981932	-1.16084
-0.983774	-1.16204
-0.98531	-1.16347
-0.987147	-1.16459
-0.988788	-1.16594
-0.990238	-1.16714
-0.991537	-1.168
-0.992338	-1.16867
-0.992937	-1.16902
-0.993727	-1.16965
-0.994849	-1.17039
-0.996574	-1.17086
-0.998493	-1.17163
-1.00038	-1.1725
-1.00179	-1.17249
-1.00377	-1.17217
-1.00549	-1.17094
-1.00713	-1.16979
-1.0088	-1.16879
-1.00984	-1.16799
-1.01133	-1.16711
-1.01279	-1.16676
-1.01357	-1.16599
-1.01439	-1.16517
-1.01506	-1.1643
-1.01554	-1.16349
-1.01532	-1.16124
-1.01457	-1.15945
-1.0138	-1.15803
-1.01303	-1.15663
-1.01181	-1.15485
-1.01024	-1.15301
-1.00888	-1.15114
-1.00776	-1.14999
-1.00634	-1.14877
-1.0049	-1.14785
-1.00336	-1.14685
-1.00174	-1.14665
-1.00012	-1.14635
-0.998123	-1.14597
-0.996137	-1.14563
-0.994138	-1.14529
-0.99204	-1.14485
-0.989882	-1.14464
-0.987299	-1.14439
-0.984878	-1.144
-0.982488	-1.1439
-0.980142	-1.14412
-0.977916	-1.145
-0.976046	-1.14589
-0.974147	-1.14668
-0.972057	-1.14816
-0.97004	-1.14958
-0.968212	-1.15091
-0.966069	-1.15204
-0.964551	-1.15275
-0.96382	-1.15324
-0.963014	-1.1539
-0.961539	-1.15459
-0.960507	-1.15612
-0.959365	-1.15754
-0.958373	-1.15883
-0.957468	-1.16061
-0.956304	-1.16186
-0.955268	-1.16255
-0.953634	-1.16348
-0.952826	-1.16419
-0.952412	-1.16506
-0.952128	-1.16643
-0.951473	-1.16754
-0.950641	-1.16834
-0.949678	-1.16932
-0.949124	-1.16978
-0.948425	-1.17045
-0.947415	-1.17133
-0.946222	-1.17229
-0.945026	-1.17346
-0.94326	-1.1745
-0.94143	-1.17607
-0.940349	-1.1769
-0.940306	-1.17772
-0.940131	-1.17869
-0.940209	-1.17975
-0.940189	-1.18074
-0.940223	-1.1819
-0.940439	-1.1833
-0.94072	-1.18499
-0.940449	-1.18642
-0.940291	-1.18833
-0.940359	-1.19025
-0.940477	-1.19225
-0.94052	-1.1942
-0.940236	-1.19701
-0.940952	-1.20025
-0.941627	-1.20298
-0.942117	-1.20527
-0.942238	-1.20726
-0.942256	-1.20968
-0.942055	-1.21155
-0.941901	-1.2134
-0.941435	-1.21418
-0.941159	-1.21488
-0.940964	-1.21563
-0.940735	-1.21648
-0.940678	-1.21734
-0.940653	-1.21792
-0.940781	-1.21869
-0.941001	-1.2193
-0.940919	-1.22017
-0.94093	-1.22114
-0.941194	-1.22278
-0.941188	-1.22444
-0.941368	-1.22576
-0.942022	-1.22682
-0.942951	-1.22715
-0.944621	-1.22699
-0.946239	-1.22688
-0.948424	-1.22639
-0.950572	-1.22585
-0.952926	-1.22525
-0.955819	-1.22434
-0.958543	-1.223
-0.961001	-1.22129
-0.962647	-1.2196
-0.964189	-1.21795
-0.965663	-1.21639
-0.967106	-1.21454
-0.968577	-1.21323
-0.969428	-1.21196
-0.970573	-1.21094
-0.971246	-1.21056
-0.972099	-1.21009
-0.973375	-1.20974
-0.975503	-1.20855
-0.977716	-1.20826
-0.979423	-1.20802
-0.980876	-1.20808
-0.982393	-1.20822
-0.983573	-1.2088
-0.984696	-1.20927
-0.985764	-1.20976
-0.987169	-1.21002
-0.987707	-1.20991
-0.988762	-1.21089
-0.989912	-1.212
-0.990964	-1.21327
-0.992015	-1.21494
-0.992974	-1.21661
-0.994345	-1.21892
-0.995311	-1.22104
-0.996337	-1.22306
-0.9973	-1.22448
-0.99813	-1.22629
-0.998874	-1.22788
-0.999554	-1.2297
-1.00022	-1.23118
-1.00104	-1.23402
-1.00136	-1.2363
-1.00171	-1.23807
-1.00212	-1.23972
-1.0029	-1.24065
-1.00377	-1.24161
-1.00499	-1.24272
-1.0059	-1.24313
-1.00721	-1.24355
-1.00916	-1.24362
-1.01153	-1.24394
-1.01345	-1.24526
-1.01497	-1.24799
-1.01619	-1.25061
-1.01655	-1.25358
-1.01684	-1.2563
-1.01856	-1.25838
-1.02029	-1.26024
-1.02239	-1.26248
-1.02338	-1.2652
-1.02376	-1.26749
-1.02366	-1.2698
-1.02444	-1.27309
-1.0251	-1.27591
-1.02525	-1.2785
-1.02494	-1.28148
-1.02451	-1.28404
-1.02465	-1.28647
-1.02471	-1.28764
-1.02479	-1.28899
-1.02484	-1.29025
-1.02506	-1.29148
-1.02538	-1.29342
-1.0249	-1.29508
-1.02479	-1.29681
-1.02472	-1.29826
-1.02462	-1.29978
-1.02456	-1.30205
-1.02484	-1.30456
-1.02464	-1.30658
-1.02398	-1.30869
-1.02318	-1.31095
-1.02237	-1.31285
-1.02182	-1.31484
-1.02085	-1.31712
-1.01941	-1.31759
-1.01785	-1.31811
-1.01631	-1.31871
-1.01483	-1.31968
-1.01319	-1.32082
-1.01114	-1.32192
-1.00952	-1.32317
-1.00834	-1.3237
-1.00731	-1.3243
-1.00608	-1.32503
-1.00502	-1.32494
-1.00374	-1.32492
-1.00197	-1.32476
-1.0006	-1.32427
-0.999374	-1.32338
-0.997359	-1.32164
-0.99484	-1.32008
-0.992572	-1.31857
-0.990042	-1.31749
-0.98778	-1.31699
-0.98564	-1.31652
-0.983422	-1.31675
-0.981893	-1.31661
-0.980883	-1.31687
-0.979896	-1.31697
-0.978657	-1.31708
-0.977373	-1.31715
-0.976374	-1.3169
-0.975384	-1.31696
-0.974172	-1.31747
-0.973014	-1.31726
-0.971796	-1.31695
-0.970157	-1.3164
-0.968733	-1.31567
-0.96734	-1.31494
-0.966736	-1.31485
-0.966015	-1.31474
-0.965057	-1.31425
-0.964083	-1.31374
-0.962809	-1.31367
-0.961511	-1.31364
-0.960339	-1.31417
-0.958558	-1.31488
-0.956936	-1.31548
-0.955013	-1.31613
-0.954134	-1.31664
-0.953705	-1.31696
-0.953083	-1.31739
-0.952229	-1.31792
-0.951983	-1.31877
-0.951341	-1.3197
-0.95054	-1.32074
-0.949583	-1.32158
-0.948552	-1.32284
-0.94647	-1.3239
-0.943979	-1.32553
-0.94168	-1.32755
-0.940045	-1.32999
-0.938689	-1.33235
-0.937398	-1.33459
-0.936283	-1.33723
-0.935229	-1.33995
-0.934504	-1.34267
-0.933363	-1.34521
-0.932603	-1.3483
-0.931687	-1.35107
-0.930948	-1.3535
-0.930258	-1.35556
-0.929982	-1.35765
-0.929628	-1.35955
-0.929342	-1.36158
-0.929315	-1.36371
-0.930063	-1.36526
-0.93093	-1.36699
-0.931789	-1.36866
-0.932552	-1.3703
-0.933114	-1.37133
-0.933491	-1.37277
-0.934211	-1.37426
-0.934199	-1.37584
-0.934001	-1.37778
-0.933796	-1.37969
-0.933074	-1.38138
-0.932847	-1.38271
-0.93277	-1.38427
-0.932367	-1.38563
-0.93187	-1.38671
-0.931651	-1.3879
-0.932113	-1.38903
-0.93326	-1.39023
-0.934014	-1.39066
-0.935211	-1.39166
-0.936362	-1.39244
-0.9375	-1.39319
-0.939758	-1.39351
-0.941494	-1.3944
-0.943177	-1.39528
-0.945073	-1.39627
-0.946982	-1.3973
-0.948469	-1.39864
-0.949989	-1.39954
-0.952196	-1.40054
-0.954986	-1.40075
-0.95774	-1.40145
-0.960305	-1.40189
-0.962686	-1.40225
-0.964993	-1.4027
-0.96718	-1.40319
-0.969437	-1.40332
-0.971806	-1.40354
-0.97389	-1.40268
-0.975905	-1.40182
-0.977853	-1.40149
-0.97978	-1.40136
-0.980353	-1.40051
-0.981674	-1.39961
-0.983314	-1.39952
-0.985144	-1.3987
-0.986728	-1.39733
-0.988	-1.396
-0.989267	-1.39468
-0.990651	-1.39225
-0.991998	-1.38995
-0.993247	-1.38731
-0.994113	-1.38477
-0.994965	-1.38243
-0.995799	-1.38049
-0.996859	-1.37895
-0.997976	-1.37738
-0.99929	-1.37707
-1.00112	-1.37669
-1.00271	-1.37621
-1.00467	-1.37446
-1.00605	-1.37245
-1.00751	-1.37015
-1.00944	-1.36819
-1.01092	-1.36627
-1.01246	-1.365
-1.01381	-1.36359
-1.01552	-1.36221
-1.01712	-1.36066
-1.0187	-1.35913
-1.02013	-1.35773
-1.02149	-1.35645
-1.02294	-1.3552
-1.02354	-1.35434
-1.02429	-1.35331
-1.0251	-1.35208
-1.02595	-1.35088
-1.02691	-1.34964
-1.02762	-1.34838
-1.02893	-1.34652
-1.03011	-1.34431
-1.0312	-1.34228
-1.03221	-1.34097
-1.03338	-1.34048
-1.03567	-1.33973
-1.0369	-1.33827
-1.03806	-1.33679
-1.03921	-1.33549
-1.04024	-1.3341
-1.04162	-1.33191
-1.04299	-1.3303
-1.04317	-1.32894
-1.04351	-1.32692
-1.04418	-1.32484
-1.04466	-1.32324
-1.04547	-1.32223
-1.0459	-1.32111
-1.04639	-1.31994
-1.04674	-1.31859
-1.04679	-1.31677
-1.04646	-1.31488
-1.04582	-1.31309
-1.04478	-1.31097
-1.04476	-1.30882
-1.04475	-1.3068
-1.04518	-1.30566
-1.04556	-1.30433
-1.04644	-1.30316
-1.04649	-1.30141
-1.04697	-1.29965
-1.04768	-1.29782
-1.04805	-1.29616
-1.04831	-1.2937
-1.04895	-1.29136
-1.04908	-1.28976
-1.04981	-1.28807
-1.05022	-1.28646
-1.05068	-1.28448
-1.05053	-1.28316
-1.05061	-1.28171
-1.05054	-1.28055
-1.05047	-1.27936
-1.05056	-1.27806
-1.05113	-1.27688
-1.05175	-1.27525
-1.05245	-1.27353
-1.05329	-1.27209
-1.05409	-1.27141
-1.05489	-1.27058
-1.05578	-1.26974
-1.05605	-1.26828
-1.05638	-1.26682
-1.05618	-1.26514
-1.0562	-1.26367
-1.05594	-1.26224
-1.05626	-1.2607
-1.05653	-1.25919
-1.05661	-1.25752
-1.05692	-1.25508
-1.05735	-1.25272
-1.05744	-1.25045
-1.0575	-1.24885
-1.05713	-1.24702
-1.05669	-1.24539
-1.05628	-1.24377
-1.05585	-1.24211
-1.05527	-1.24014
-1.05491	-1.23852
-1.05494	-1.23691
-1.05558	-1.23537
-1.0561	-1.2338
-1.05694	-1.23198
-1.05732	-1.2301
-1.05849	-1.22801
-1.06009	-1.22551
-1.0616	-1.22317
-1.06295	-1.22128
-1.06428	-1.21949
-1.06518	-1.21798
-1.06654	-1.2172
-1.06753	-1.21652
-1.06877	-1.21532
-1.06888	-1.21363
-1.06899	-1.21185
-1.06987	-1.21051
-1.07077	-1.20907
-1.07166	-1.20751
-1.07255	-1.20599
-1.07315	-1.20453
-1.07375	-1.20293
-1.07437	-1.20121
-1.07549	-1.20012
-1.07624	-1.19942
-1.07707	-1.19837
-1.07801	-1.19707
-1.0796	-1.19526
-1.08114	-1.19347
-1.08254	-1.19155
-1.08355	-1.18975
-1.08439	-1.18815
-1.08534	-1.18644
-1.08594	-1.1847
-1.08659	-1.18253
-1.08702	-1.18014
-1.08757	-1.17886
-1.08809	-1.17802
-1.08917	-1.17685
-1.09013	-1.17578
-1.09073	-1.17461
-1.09134	-1.17341
-1.09221	-1.17199
-1.09347	-1.17026
-1.09467	-1.16871
-1.09612	-1.1669
-1.09779	-1.16518
-1.09934	-1.16383
-1.10082	-1.16286
-1.10218	-1.162
-1.10366	-1.16108
-1.10514	-1.16046
-1.10623	-1.15967
-1.10689	-1.15879
-1.107	-1.15764
-1.1073	-1.15614
-1.10757	-1.15469
-1.10787	-1.15313
-1.10789	-1.15125
-1.1073	-1.14874
-1.10709	-1.14692
-1.10693	-1.14581
-1.10731	-1.14425
-1.10741	-1.14262
-1.10809	-1.14151
-1.10852	-1.14022
-1.10919	-1.13893
-1.10985	-1.13789
-1.11032	-1.13689
-1.11022	-1.13551
-1.1103	-1.13396
-1.11014	-1.1324
-1.10975	-1.13048
-1.11	-1.12826
-1.11123	-1.1262
-1.11259	-1.12426
-1.11389	-1.12162
-1.11456	-1.11945
-1.11508	-1.11698
-1.11503	-1.11442
-1.11488	-1.11177
-1.11421	-1.10872
-1.1135	-1.10601
-1.11297	-1.10443
-1.11269	-1.10273
-1.11183	-1.1011
-1.11089	-1.09908
-1.11032	-1.09701
-1.10966	-1.09535
-1.10894	-1.09418
-1.10783	-1.09289
-1.10632	-1.09175
-1.1047	-1.09039
-1.10309	-1.0891
-1.10212	-1.08717
-1.10104	-1.08495
-1.10002	-1.08293
-1.09921	-1.08135
-1.09861	-1.07968
-1.098	-1.07741
-1.09714	-1.07514
-1.09637	-1.0729
-1.0954	-1.07035
-1.09453	-1.06801
-1.09383	-1.06563
-1.09318	-1.06334
-1.09244	-1.06115
-1.09178	-1.05901
-1.09123	-1.057
-1.09129	-1.05457
-1.09086	-1.05165
-1.09061	-1.04882
-1.09032	-1.04691
-1.08988	-1.04452
-1.08937	-1.04245
-1.08897	-1.04021
-1.08898	-1.038
-1.08936	-1.0358
-1.08994	-1.03336
-1.09053	-1.03132
-1.09126	-1.02958
-1.09295	-1.02826
-1.09484	-1.02595
-1.09678	-1.02445
-1.09873	-1.02273
-1.10032	-1.02064
-1.10141	-1.01898
-1.10222	-1.01727
-1.10309	-1.0156
-1.10403	-1.01404
-1.10493	-1.01241
-1.10579	-1.01074
-1.1065	-1.00887
-1.10742	-1.00711
-1.10832	-1.00544
-1.10953	-1.00299
-1.11088	-1.00114
-1.11182	-0.999016
-1.11272	-0.997089
-1.11357	-0.995643
-1.11424	-0.99426
-1.11465	-0.993146
-1.115	-0.992109
-1.11543	-0.991654
-1.11603	-0.991155
-1.1165	-0.991161
-1.11707	-0.991576
-1.11804	-0.992147
-1.1192	-0.993195
-1.1208	-0.99417
-1.12232	-0.995541
-1.12321	-0.997245
-1.12419	-0.999109
-1.12483	-1.00145
-1.12553	-1.00406
-1.12652	-1.0064
-1.12743	-1.00867
-1.12795	-1.01115
-1.12854	-1.01332
-1.12926	-1.01546
-1.13057	-1.01798
-1.13193	-1.02031
-1.13311	-1.02273
-1.13376	-1.02457
-1.13444	-1.02659
-1.13537	-1.02915
-1.13639	-1.03133
-1.13741	-1.03338
-1.13832	-1.03525
-1.13801	-1.03736
-1.13687	-1.03914
-1.13532	-1.04048
-1.1336	-1.04177
-1.13204	-1.04302
-1.13044	-1.04404
-1.12942	-1.04523
-1.1282	-1.04667
-1.12701	-1.04813
-1.12584	-1.04952
-1.12448	-1.04986
-1.12294	-1.04984
-1.12117	-1.04937
-1.11923	-1.04864
-1.11746	-1.04799
-1.11537	-1.04685
-1.11302	-1.04633
-1.11105	-1.04635
-1.10937	-1.04713
-1.10772	-1.04786
-1.10593	-1.04859
-1.10409	-1.04959
-1.10264	-1.05006
-1.10128	-1.05053
-1.10011	-1.05108
-1.09932	-1.05112
-1.0992	-1.0514
-1.09904	-1.05125
-1.09896	-1.05103
-1.09877	-1.05035
-1.09908	-1.05039
-1.09979	-1.05057
-1.10025	-1.05071
-1.10099	-1.05088
-1.10113	-1.05051
-1.10147	-1.04994
-1.10052	-1.04896
-1.09986	-1.04773
-1.09943	-1.04556
-1.09962	-1.04351
-1.09971	-1.04191
-1.10007	-1.03997
-1.09981	-1.0374
-1.09992	-1.0352
-1.09983	-1.03317
-1.1	-1.03031
-1.10007	-1.02721
-1.10019	-1.02517
-1.1006	-1.02288
-1.10108	-1.02087
-1.10129	-1.01889
-1.10179	-1.01673
-1.10182	-1.01453
-1.10158	-1.0126
-1.10107	-1.01209
-1.10028	-1.01141
-1.09951	-1.0108
-1.09959	-1.01029
-1.09998	-1.00957
-1.10051	-1.00883
-1.10116	-1.00762
-1.1019	-1.00645
-1.10271	-1.00536
-1.10289	-1.00414
-1.10326	-1.00301
-1.10313	-1.00211
-1.1034	-1.00088
-1.10407	-0.999563
-1.10515	-0.998564
-1.10638	-0.997685
-1.10757	-0.996835
-1.10937	-0.996009
-1.11101	-0.995187
-1.11269	-0.994571
-1.11438	-0.994089
-1.11619	-0.993691
-1.11831	-0.993004
-1.12003	-0.992653
-1.1226	-0.992241
-1.12517	-0.991974
-1.12822	-0.991918
-1.13098	-0.992141
-1.1336	-0.992066
-1.13684	-0.992599
-1.1394	-0.992881
-1.14146	-0.992909
-1.14344	-0.992987
-1.14531	-0.993274
-1.14731	-0.993301
-1.14934	-0.993272
-1.15118	-0.993569
-1.15298	-0.993995
-1.15461	-0.99434
-1.15599	-0.994652
-1.15758	-0.993927
-1.15911	-0.993248
-1.16055	-0.9925
-1.16147	-0.991468
-1.16212	-0.990452
-1.16308	-0.989426
-1.16416	-0.988969
-1.16526	-0.988181
-1.16615	-0.987261
-1.16726	-0.985641
-1.16825	-0.98485
-1.16923	-0.984056
-1.17021	-0.983322
-1.17173	-0.982378
-1.17331	-0.981398
-1.17445	-0.979914
-1.1757	-0.978534
-1.17642	-0.977304
-1.17681	-0.976076
-1.17771	-0.974184
-1.17855	-0.97288
-1.18053	-0.971599
-1.18236	-0.970515
-1.18384	-0.969732
-1.18548	-0.969226
-1.18679	-0.96876
-1.188	-0.967699
-1.18936	-0.966802
-1.1909	-0.965896
-1.19179	-0.964789
-1.1925	-0.963802
-1.1932	-0.963596
-1.19406	-0.963416
-1.19541	-0.96376
-1.19692	-0.964773
-1.19859	-0.965837
-1.19989	-0.966846
-1.20089	-0.967548
-1.20199	-0.968348
-1.20309	-0.969367
-1.20441	-0.970593
-1.20575	-0.971869
-1.20778	-0.972918
-1.20977	-0.97379
-1.21195	-0.975213
-1.21405	-0.976566
-1.21597	-0.97779
-1.21805	-0.978219
-1.21959	-0.97958
-1.22062	-0.980437
-1.22157	-0.981291
-1.22261	-0.982264
-1.22369	-0.983219
-1.22473	-0.984005
-1.22545	-0.985162
-1.22642	-0.986588
-1.22742	-0.987985
-1.2288	-0.989971
-1.23088	-0.992098
-1.23227	-0.995154
-1.23328	-0.996942
-1.23471	-0.998731
-1.23572	-0.999891
-1.23663	-1.00103
-1.23774	-1.00256
-1.23863	-1.00378
-1.23895	-1.00474
-1.23941	-1.00524
-1.24005	-1.00558
-1.24081	-1.00605
-1.24203	-1.00666
-1.24323	-1.00735
-1.24427	-1.00786
-1.24598	-1.00862
-1.248	-1.00978
-1.24978	-1.01075
-1.25122	-1.01175
-1.25274	-1.01275
-1.25424	-1.01375
-1.2557	-1.01394
-1.25651	-1.01382
-1.25832	-1.0137
-1.25973	-1.01307
-1.26157	-1.01288
-1.26301	-1.01281
-1.26453	-1.01276
-1.26611	-1.01273
-1.26777	-1.01271
-1.27017	-1.01303
-1.27251	-1.01321
-1.27525	-1.01268
-1.27768	-1.01246
-1.28016	-1.01189
-1.28245	-1.0113
-1.28499	-1.00993
-1.28728	-1.009
-1.28947	-1.00793
-1.29176	-1.00691
-1.2941	-1.00597
-1.29553	-1.00479
-1.29725	-1.00384
-1.29925	-1.00269
-1.30158	-1.0012
-1.30313	-0.9992
-1.30452	-0.997327
-1.30537	-0.995257
-1.3063	-0.993928
-1.30638	-0.991791
-1.30668	-0.989993
-1.30698	-0.988284
-1.30727	-0.986601
-1.3076	-0.985275
-1.3088	-0.9833
-1.30976	-0.981518
-1.31088	-0.979665
-1.31276	-0.978675
-1.31441	-0.978155
-1.31616	-0.977696
-1.31708	-0.977172
-1.31833	-0.976588
-1.31974	-0.975922
-1.32093	-0.974031
-1.32187	-0.971924
-1.32313	-0.969575
-1.32371	-0.967777
-1.32461	-0.966701
-1.32558	-0.965423
-1.32694	-0.964374
-1.32851	-0.963151
-1.33006	-0.961963
-1.3321	-0.960753
-1.33428	-0.959317
-1.33604	-0.958128
-1.33892	-0.956801
-1.34176	-0.955376
-1.34426	-0.954058
-1.3464	-0.952946
-1.34884	-0.951724
-1.35157	-0.950938
-1.35458	-0.950324
-1.35747	-0.949749
-1.36078	-0.949241
-1.36382	-0.948463
-1.36641	-0.948534
-1.36908	-0.948427
-1.37141	-0.948247
-1.37397	-0.947986
-1.37573	-0.948062
-1.37794	-0.948031
-1.37984	-0.947913
-1.38127	-0.947969
-1.38252	-0.947807
-1.38359	-0.947455
-1.38464	-0.947194
-1.38646	-0.946974
-1.38807	-0.947435
-1.38963	-0.947795
-1.39074	-0.948168
-1.39214	-0.94866
-1.39334	-0.949781
-1.39411	-0.951184
-1.39487	-0.952666
-1.3958	-0.954679
-1.39675	-0.956487
-1.39744	-0.958272
-1.39817	-0.959879
-1.39898	-0.961451
-1.39978	-0.962963
-1.4009	-0.964114
-1.40181	-0.965021
-1.4028	-0.965983
-1.4041	-0.967102
-1.40537	-0.968769
-1.40697	-0.97064
-1.40838	-0.97241
-1.40928	-0.974415
-1.41001	-0.976757
-1.41115	-0.978921
-1.41271	-0.980853
-1.41422	-0.982582
-1.41585	-0.98387
-1.41731	-0.984939
-1.41867	-0.986033
-1.41961	-0.987441
-1.42006	-0.988688
-1.42067	-0.989769
-1.42146	-0.990951
-1.42222	-0.991626
-1.42249	-0.992816
-1.42287	-0.99425
-1.42291	-0.99552
-1.4233	-0.997259
-1.42406	-0.999814
-1.42512	-1.0027
-1.42616	-1.00542
-1.42685	-1.00787
-1.42729	-1.00999
-1.42851	-1.01135
-1.42969	-1.01292
-1.4305	-1.01462
-1.43146	-1.01602
-1.43242	-1.01739
-1.43314	-1.01819
-1.43437	-1.01909
-1.43647	-1.02004
-1.43857	-1.02096
-1.44063	-1.02177
-1.44255	-1.02269
-1.44444	-1.02357
-1.44643	-1.02444
-1.44759	-1.02523
-1.44886	-1.02602
-1.45009	-1.02637
-1.45134	-1.02682
-1.45233	-1.02753
-1.45315	-1.02804
-1.45412	-1.02933
-1.45659	-1.03031
-1.45886	-1.03127
-1.46055	-1.03259
-1.46216	-1.03361
-1.46379	-1.03461
-1.46529	-1.03577
-1.46685	-1.03696
-1.46873	-1.03847
-1.47071	-1.03998
-1.47221	-1.04169
-1.47387	-1.0438
-1.47533	-1.04568
-1.47617	-1.0474
-1.477	-1.04898
-1.47775	-1.05063
-1.47829	-1.05198
-1.47907	-1.05316
-1.47952	-1.05451
-1.47987	-1.05611
-1.48016	-1.05768
-1.48069	-1.05952
-1.48121	-1.06138
-1.48139	-1.06343
-1.48206	-1.06571
-1.48286	-1.06754
-1.4841	-1.0692
-1.48541	-1.07062
-1.48692	-1.07167
-1.488	-1.07249
-1.48913	-1.0743
-1.49149	-1.07661
-1.49366	-1.07828
-1.49577	-1.08032
-1.498	-1.08192
-1.50018	-1.08338
-1.50234	-1.08558
-1.5049	-1.08771
-1.50717	-1.08933
-1.50899	-1.09056
-1.51074	-1.09182
-1.5125	-1.09285
-1.51365	-1.09387
-1.51482	-1.09518
-1.51567	-1.0962
-1.51672	-1.09737
-1.51781	-1.09867
-1.51911	-1.1003
-1.52029	-1.10174
-1.52116	-1.10376
-1.52167	-1.10523
-1.5221	-1.10816
-1.52284	-1.11071
-1.52322	-1.11382
-1.52415	-1.11713
-1.52492	-1.12021
-1.52582	-1.12329
-1.5265	-1.12673
-1.52681	-1.12963
-1.52715	-1.13216
-1.5271	-1.13536
-1.52784	-1.13825
-1.5275	-1.14138
-1.52789	-1.14477
-1.52815	-1.1477
-1.52847	-1.15013
-1.52842	-1.15177
-1.52827	-1.15377
-1.52848	-1.15558
-1.52894	-1.15813
-1.52951	-1.16035
-1.52998	-1.16236
-1.53032	-1.16426
-1.52997	-1.16581
-1.52894	-1.16765
-1.52786	-1.16901
-1.52682	-1.16928
-1.52534	-1.17002
-1.52358	-1.17049
-1.52193	-1.17106
-1.51949	-1.17147
-1.51726	-1.1721
-1.51521	-1.17267
-1.51328	-1.17322
-1.51116	-1.17377
-1.50921	-1.17416
-1.50734	-1.17452
-1.50557	-1.17488
-1.50343	-1.17601
-1.50139	-1.17651
-1.49989	-1.17713
-1.49869	-1.17801
-1.4972	-1.17881
-1.49545	-1.18046
-1.49376	-1.18198
-1.49266	-1.18322
-1.49155	-1.18449
-1.49017	-1.18592
-1.48867	-1.18739
-1.48724	-1.18875
-1.48579	-1.19023
-1.48439	-1.19161
-1.48311	-1.19284
-1.48183	-1.19416
-1.48049	-1.19556
-1.47903	-1.19686
-1.47843	-1.19873
-1.47798	-1.20011
-1.47793	-1.20163
-1.47745	-1.20296
-1.47666	-1.2051
-1.47616	-1.20754
-1.47496	-1.21065
-1.47391	-1.21348
-1.47291	-1.21603
-1.47199	-1.21823
-1.47142	-1.21924
-1.47025	-1.21997
-1.46903	-1.22059
-1.46685	-1.22097
-1.46487	-1.22108
-1.46294	-1.22098
-1.4608	-1.22079
-1.45884	-1.22055
-1.45741	-1.22055
-1.45591	-1.22067
-1.45441	-1.22082
-1.45283	-1.22148
-1.45092	-1.22215
-1.4489	-1.22237
-1.44654	-1.22209
-1.44472	-1.22204
-1.44304	-1.22172
-1.44161	-1.22181
-1.43971	-1.22218
-1.43775	-1.22229
-1.4359	-1.2224
-1.43493	-1.22266
-1.43386	-1.22274
-1.43254	-1.22265
-1.43108	-1.22234
-1.4302	-1.22193
-1.42993	-1.22149
-1.42966	-1.22108
-1.42924	-1.2208
-1.42864	-1.22028
-1.42829	-1.21963
-1.42762	-1.21826
-1.42561	-1.21634
-1.42336	-1.21432
-1.42117	-1.21237
-1.41911	-1.21035
-1.41722	-1.20847
-1.41583	-1.20683
-1.4142	-1.20539
-1.41195	-1.20467
-1.41007	-1.20443
-1.40819	-1.20419
-1.40649	-1.20372
-1.40354	-1.20325
-1.40076	-1.20281
-1.39797	-1.20221
-1.39602	-1.20077
-1.3945	-1.20026
-1.39323	-1.20005
-1.39193	-1.1999
-1.39121	-1.20009
-1.39013	-1.20066
-1.38847	-1.2008
-1.3866	-1.20086
-1.38476	-1.20057
-1.38325	-1.2002
-1.38198	-1.1993
-1.38075	-1.19824
-1.37993	-1.1977
-1.37952	-1.19692
-1.37924	-1.19523
-1.37908	-1.19352
-1.3801	-1.19259
-1.38101	-1.19149
-1.38192	-1.18982
-1.38294	-1.18833
-1.3841	-1.18695
-1.38623	-1.18529
-1.38857	-1.18254
-1.39099	-1.17974
-1.39313	-1.17711
-1.39501	-1.17481
-1.39718	-1.17288
-1.39883	-1.17074
-1.40037	-1.16868
-1.40181	-1.16675
-1.4031	-1.16516
-1.40434	-1.16352
-1.40533	-1.16149
-1.40595	-1.1592
-1.40552	-1.15752
-1.40466	-1.1554
-1.4039	-1.15335
-1.40317	-1.15138
-1.4024	-1.14899
-1.40216	-1.14632
-1.40237	-1.1441
-1.40272	-1.1423
-1.40336	-1.14065
-1.40382	-1.13896
-1.40423	-1.13728
-1.40503	-1.13566
-1.40615	-1.13289
-1.4072	-1.13037
-1.40842	-1.12833
-1.41007	-1.12724
-1.41221	-1.12622
-1.41388	-1.12583
-1.41565	-1.12539
-1.41761	-1.12492
-1.41922	-1.12488
-1.42016	-1.12507
-1.42126	-1.12517
-1.42192	-1.12487
-1.42282	-1.12532
-1.42411	-1.12577
-1.42508	-1.12714
-1.4261	-1.12856
-1.42781	-1.13007
-1.42954	-1.13148
-1.43097	-1.13301
-1.43223	-1.13479
-1.43356	-1.13641
-1.43518	-1.13807
-1.43712	-1.13978
-1.43928	-1.14183
-1.44134	-1.14376
-1.44285	-1.14507
-1.44417	-1.14646
-1.44515	-1.14746
-1.44631	-1.14865
-1.44774	-1.15021
-1.4492	-1.15176
-1.45038	-1.15317
-1.45158	-1.15462
-1.45277	-1.15639
-1.45344	-1.15764
-1.45385	-1.15725
-1.45547	-1.15692
-1.45737	-1.15685
-1.45879	-1.15656
-1.45997	-1.1567
-1.46141	-1.15719
-1.46252	-1.15757
-1.46309	-1.15808
-1.46385	-1.15911
-1.46512	-1.16004
-1.46574	-1.1614
-1.46635	-1.16299
-1.46719	-1.16416
-1.46783	-1.16522
-1.46835	-1.16646
-1.469	-1.16818
-1.46968	-1.16992
-1.47038	-1.17172
-1.47092	-1.17357
-1.47078	-1.17531
-1.47065	-1.17711
-1.4707	-1.17895
-1.47083	-1.1807
-1.47073	-1.18268
-1.47068	-1.18536
-1.47064	-1.1879
-1.471	-1.19005
-1.47102	-1.19295
-1.47134	-1.1958
-1.47178	-1.19773
-1.47226	-1.19955
-1.47251	-1.20123
-1.47303	-1.2031
-1.4735	-1.20476
-1.47353	-1.2061
-1.47358	-1.20734
-1.47353	-1.2085
-1.47349	-1.20972
-1.47309	-1.21134
-1.47257	-1.21294
-1.4716	-1.21396
-1.47073	-1.21516
-1.47037	-1.21595
-1.4696	-1.21642
-1.46873	-1.21676
-1.46767	-1.21724
-1.46594	-1.21755
-1.46445	-1.21769
-1.46359	-1.21777
-1.46229	-1.21812
-1.46077	-1.21833
-1.45968	-1.2186
-1.45876	-1.21828
-1.45757	-1.21733
-1.45715	-1.21679
-1.45656	-1.21612
-1.45574	-1.21561
-1.4539	-1.21551
-1.4524	-1.21592
-1.45111	-1.21636
-1.44889	-1.21705
-1.44677	-1.21769
-1.44459	-1.21893
-1.44308	-1.21971
-1.44086	-1.22078
-1.43853	-1.22208
-1.43657	-1.2238
-1.43432	-1.22535
-1.43253	-1.22685
-1.43083	-1.22831
-1.42897	-1.22984
-1.42783	-1.23162
-1.42716	-1.23328
-1.42624	-1.23501
-1.42499	-1.23588
-1.42399	-1.23668
-1.42298	-1.2376
-1.42221	-1.23862
-1.42078	-1.2403
-1.41942	-1.24198
-1.41701	-1.24419
-1.41504	-1.24615
-1.4133	-1.24788
-1.41181	-1.24976
-1.41077	-1.25156
-1.40978	-1.25324
-1.40864	-1.25469
-1.40718	-1.25652
-1.40569	-1.25809
-1.40392	-1.25924
-1.40228	-1.26017
-1.40116	-1.26102
-1.4	-1.26235
-1.39878	-1.26425
-1.3978	-1.26553
-1.39657	-1.26652
-1.39465	-1.26717
-1.39285	-1.26778
-1.39098	-1.26812
-1.38866	-1.26845
-1.38597	-1.26875
-1.3834	-1.26899
-1.38097	-1.26921
-1.37847	-1.26923
-1.37606	-1.26956
-1.37366	-1.27032
-1.37107	-1.27141
-1.36818	-1.27168
-1.36545	-1.2722
-1.36285	-1.2726
-1.36043	-1.27293
-1.3588	-1.27324
-1.35686	-1.27268
-1.35515	-1.2714
-1.35381	-1.26969
-1.35258	-1.26803
-1.35125	-1.26606
-1.34981	-1.26367
-1.34842	-1.26169
-1.34767	-1.25976
-1.34693	-1.25837
-1.34605	-1.25721
-1.34486	-1.25653
-1.3436	-1.25566
-1.34201	-1.25495
-1.34091	-1.25451
-1.33985	-1.25409
-1.33865	-1.25374
-1.33728	-1.25413
-1.33599	-1.25462
-1.33458	-1.25511
-1.33268	-1.25609
-1.33172	-1.25773
-1.33104	-1.25938
-1.3292	-1.26139
-1.32764	-1.26351
-1.326	-1.26543
-1.32439	-1.26754
-1.32251	-1.26972
-1.32083	-1.27183
-1.31902	-1.2734
-1.31734	-1.27478
-1.31576	-1.27607
-1.31431	-1.27758
-1.31297	-1.27878
-1.31161	-1.27985
-1.3107	-1.28153
-1.31049	-1.28353
-1.31027	-1.28532
-1.30992	-1.28723
-1.30947	-1.28916
-1.30912	-1.2911
-1.30869	-1.29356
-1.30837	-1.29591
-1.30769	-1.29885
-1.30731	-1.30148
-1.30748	-1.3049
-1.30755	-1.3081
-1.30724	-1.31172
-1.30678	-1.31519
-1.30597	-1.31895
-1.30521	-1.32194
-1.30387	-1.32401
-1.30283	-1.32506
-1.30222	-1.32613
-1.3017	-1.32719
-1.30099	-1.32805
-1.29973	-1.32889
-1.29748	-1.3301
-1.29543	-1.33133
-1.29456	-1.33341
-1.29375	-1.33553
-1.29352	-1.33697
-1.29333	-1.33807
-1.2931	-1.33925
-1.29291	-1.34064
-1.29252	-1.34222
-1.29227	-1.34396
-1.29218	-1.34585
-1.29178	-1.34783
-1.29108	-1.34967
-1.29054	-1.35104
-1.28996	-1.35246
-1.28938	-1.35382
-1.28919	-1.35549
-1.28919	-1.35706
-1.28926	-1.35875
-1.28888	-1.3597
-1.2883	-1.36007
-1.28769	-1.36057
-1.28751	-1.36088
-1.28717	-1.36125
-1.28672	-1.36249
-1.28628	-1.36373
-1.28584	-1.36502
-1.28547	-1.36603
-1.28523	-1.36748
-1.28493	-1.36951
-1.28369	-1.37158
-1.28245	-1.37304
-1.28165	-1.37456
-1.281	-1.37639
-1.2803	-1.37808
-1.27984	-1.37891
-1.27943	-1.37991
-1.27922	-1.3814
-1.279	-1.38408
-1.2791	-1.3863
-1.27909	-1.38913
-1.27895	-1.39173
-1.27941	-1.39458
-1.27983	-1.39739
-1.28117	-1.39937
-1.28221	-1.4005
-1.28344	-1.40183
-1.28503	-1.40292
-1.28654	-1.40316
-1.28875	-1.40358
-1.29099	-1.40378
-1.29305	-1.40357
-1.29513	-1.40333
-1.29683	-1.40333
-1.29842	-1.40394
-1.29991	-1.40488
-1.30145	-1.40531
-1.30295	-1.40595
-1.30478	-1.40687
-1.3068	-1.40794
-1.3083	-1.40851
-1.31014	-1.40783
-1.31204	-1.40723
-1.31385	-1.40659
-1.31582	-1.40615
-1.31958	-1.40568
-1.3229	-1.40554
-1.32596	-1.40541
-1.32804	-1.40513
-1.33018	-1.40523
-1.33248	-1.40528
-1.33514	-1.40487
-1.33779	-1.40401
-1.34	-1.40336
-1.34203	-1.40273
-1.34395	-1.40235
-1.34523	-1.40196
-1.34611	-1.40138
-1.34714	-1.40097
-1.34828	-1.40072
-1.34941	-1.39999
-1.35014	-1.39908
-1.35088	-1.39823
-1.35206	-1.3969
-1.3526	-1.39575
-1.35325	-1.39432
-1.35391	-1.39262
-1.3548	-1.39108
-1.35618	-1.3898
-1.35739	-1.38837
-1.35844	-1.38678
-1.3595	-1.3853
-1.3605	-1.38394
-1.36207	-1.38263
-1.36358	-1.38178
-1.36503	-1.38171
-1.3665	-1.38171
-1.36814	-1.38168
-1.36975	-1.38185
-1.37133	-1.38197
-1.37266	-1.38247
-1.37462	-1.38335
-1.37666	-1.38421
-1.379	-1.38456
-1.38112	-1.38525
-1.38267	-1.38583
-1.38456	-1.38716
-1.38591	-1.38842
-1.38716	-1.38956
-1.38822	-1.39057
-1.38917	-1.39256
-1.39085	-1.39373
-1.39229	-1.39519
-1.39371	-1.39681
-1.39502	-1.39835
-1.39711	-1.40037
