0.00421793	0.0038006
0.00771853	0.00662276
0.00976327	0.00893108
0.0117376	0.01036
0.0129455	0.0114865
0.0143118	0.0122284
0.0149242	0.0132661
0.015684	0.0145566
0.0162644	0.0154382
0.016457	0.016352
0.0165167	0.0171325
0.0163669	0.0175423
0.0164373	0.0177118
0.0165057	0.0178692
0.0166879	0.0180507
0.0175852	0.0178797
0.0183892	0.0182171
0.0190732	0.0182755
0.0192016	0.0182806
0.0193246	0.0176613
0.0191609	0.0162945
0.0181571	0.0145738
0.0174446	0.0119421
0.0157757	0.00979932
0.0142141	0.00686035
0.0130364	0.00406651
0.0106314	0.00022474
0.00779096	-0.00310298
0.00552416	-0.00573834
0.00378132	-0.00752122
0.00280252	-0.008883
0.00195367	-0.00980676
0.000834564	-0.0106131
0.000285786	-0.0112963
-0.000250849	-0.0119099
-0.000995345	-0.0126297
-0.00179919	-0.0130416
-0.00292207	-0.0135704
-0.00409841	-0.0145844
-0.00520926	-0.0158708
-0.00717621	-0.0173323
-0.00910138	-0.0189744
-0.00996884	-0.0203294
-0.0105332	-0.0224415
-0.0113145	-0.025611
-0.0122254	-0.0287442
-0.0136544	-0.0317528
-0.0157262	-0.033457
-0.0174074	-0.0344824
-0.0189356	-0.0354752
-0.0192564	-0.0369367
-0.0194471	-0.038254
-0.019544	-0.0395172
-0.019979	-0.0408485
-0.0204222	-0.0421285
-0.0207366	-0.0433312
-0.0212054	-0.0443538
-0.0210215	-0.0453777
-0.0209491	-0.0467208
-0.0217714	-0.0470977
-0.0225562	-0.0475677
-0.0240342	-0.0480588
-0.0255931	-0.0485536
-0.027522	-0.0489207
-0.0298003	-0.049213
-0.0321152	-0.0495534
-0.0345578	-0.0495823
-0.0365792	-0.0499383
-0.0385947	-0.050294
-0.0405796	-0.0506438
-0.0432641	-0.0518277
-0.0458119	-0.052335
-0.0483862	-0.0529525
-0.0500734	-0.0531973
-0.0523405	-0.0529645
-0.0545383	-0.0527595
-0.0565306	-0.0527945
-0.0584865	-0.0526138
-0.059705	-0.0528812
-0.0614903	-0.0537322
-0.0629354	-0.0546354
-0.0640881	-0.0554315
-0.0647364	-0.0561121
-0.0657749	-0.0562076
-0.0667289	-0.0569585
-0.0675131	-0.0574294
-0.0687342	-0.0582186
-0.070177	-0.0591634
-0.0717039	-0.0600703
-0.0737152	-0.0609708
-0.0758371	-0.0621336
-0.0779368	-0.0636445
-0.0799794	-0.0649139
-0.0818717	-0.0660905
-0.083419	-0.0671843
-0.0850089	-0.067878
-0.0874214	-0.0683481
-0.0895242	-0.0684192
-0.0913168	-0.0687336
-0.0932364	-0.0690241
-0.0950074	-0.0689031
-0.0967604	-0.0688117
-0.0984947	-0.0686737
-0.100266	-0.0685664
-0.102237	-0.0683642
-0.104314	-0.0675687
-0.107109	-0.0666656
-0.109666	-0.0658495
-0.112079	-0.0651309
-0.114145	-0.0644239
-0.116634	-0.0641985
-0.118886	-0.0642304
-0.120946	-0.06432
-0.123001	-0.0645989
-0.12478	-0.0651358
-0.126571	-0.0661062
-0.128262	-0.0669402
-0.129742	-0.068478
-0.130979	-0.0700777
-0.132097	-0.071546
-0.133218	-0.0733354
-0.134131	-0.0748837
-0.135225	-0.076449
-0.136659	-0.0777326
-0.137869	-0.0795864
-0.138953	-0.0818375
-0.14004	-0.0838939
-0.140881	-0.0861865
-0.141839	-0.0881512
-0.142617	-0.0898163
-0.142972	-0.0907973
-0.143473	-0.0916087
-0.143873	-0.0924679
-0.144379	-0.0934192
-0.144602	-0.0946927
-0.144673	-0.0959465
-0.144786	-0.0979055
-0.144722	-0.0997535
-0.144931	-0.101188
-0.145251	-0.102956
-0.144866	-0.104577
-0.144275	-0.106166
-0.143578	-0.106741
-0.142834	-0.107515
-0.142043	-0.10837
-0.141118	-0.109196
-0.140377	-0.109847
-0.139566	-0.1109
-0.139037	-0.112499
-0.138751	-0.113955
-0.138522	-0.114871
-0.138329	-0.11536
-0.138057	-0.116036
-0.138177	-0.116813
-0.138218	-0.117714
-0.13798	-0.119404
-0.137841	-0.121043
-0.137411	-0.122095
-0.136904	-0.123224
-0.136259	-0.124358
-0.13569	-0.125955
-0.134174	-0.127895
-0.13304	-0.129554
-0.13154	-0.131833
-0.130211	-0.134455
-0.12845	-0.136923
-0.127237	-0.139659
-0.126265	-0.142141
-0.125042	-0.144144
-0.123683	-0.146005
-0.122821	-0.147456
-0.121324	-0.149196
-0.120183	-0.150607
-0.119171	-0.151527
-0.11813	-0.152455
-0.117313	-0.15387
-0.116025	-0.155419
-0.115118	-0.156985
-0.114241	-0.158479
-0.113654	-0.160491
-0.113072	-0.161924
-0.112867	-0.163819
-0.11263	-0.165999
-0.112728	-0.168977
-0.11277	-0.1724
-0.113378	-0.175296
-0.114085	-0.177227
-0.114782	-0.178587
-0.115303	-0.179661
-0.115968	-0.180898
-0.116716	-0.182288
-0.116697	-0.183705
-0.116021	-0.185352
-0.115591	-0.186699
-0.115141	-0.188185
-0.114574	-0.189808
-0.11341	-0.191767
-0.112382	-0.193508
-0.111273	-0.19523
-0.110511	-0.197128
-0.109789	-0.198965
-0.109045	-0.200773
-0.10842	-0.202796
-0.107774	-0.205214
-0.107263	-0.207211
-0.106694	-0.208139
-0.106231	-0.209293
-0.105921	-0.210455
-0.105532	-0.211297
-0.105092	-0.2125
-0.104597	-0.213792
-0.104053	-0.214762
-0.102779	-0.216068
-0.101559	-0.21695
-0.100538	-0.218221
-0.0990254	-0.219181
-0.0976103	-0.220112
-0.0963458	-0.220679
-0.09483	-0.221258
-0.0922697	-0.221131
-0.0899206	-0.22099
-0.0877829	-0.220806
-0.0864993	-0.22111
-0.0851769	-0.221486
-0.0841082	-0.22171
-0.0830944	-0.222205
-0.0819597	-0.222705
-0.0807998	-0.223202
-0.0797981	-0.222975
-0.0780529	-0.222393
-0.0766112	-0.221754
-0.0749329	-0.221326
-0.0732163	-0.220937
-0.0712651	-0.220687
-0.0690558	-0.22062
-0.0678052	-0.220573
-0.066653	-0.221417
-0.0654768	-0.222328
-0.0641927	-0.223352
-0.0632746	-0.225582
-0.0628104	-0.227789
-0.0629434	-0.229648
-0.0631611	-0.231606
-0.0628151	-0.234662
-0.0625178	-0.237372
-0.062035	-0.239581
-0.0614787	-0.241741
-0.0611357	-0.243736
-0.0598135	-0.245345
-0.0587067	-0.247334
-0.0578045	-0.249075
-0.0567916	-0.250869
-0.0557706	-0.252539
-0.0548997	-0.253656
-0.0539688	-0.254766
-0.0533537	-0.256039
-0.052496	-0.257395
-0.0518513	-0.258789
-0.0511384	-0.260292
-0.0499561	-0.261642
-0.048507	-0.262378
-0.0468671	-0.262881
-0.0451397	-0.26322
-0.0434989	-0.263182
-0.0416304	-0.26289
-0.039737	-0.262418
-0.037927	-0.26222
-0.0361908	-0.26224
-0.0345691	-0.261628
-0.0330167	-0.26109
-0.0314115	-0.260416
-0.0296944	-0.260418
-0.0282405	-0.260501
-0.0262353	-0.26084
-0.0244405	-0.261753
-0.0221643	-0.262976
-0.0201506	-0.263865
-0.0182211	-0.264724
-0.0159519	-0.265555
-0.0138605	-0.266477
-0.011838	-0.267323
-0.00915067	-0.26792
-0.00738004	-0.268189
-0.00685754	-0.267736
-0.00634665	-0.267855
-0.00618194	-0.268988
-0.00622666	-0.270528
-0.00638123	-0.272293
-0.0066777	-0.274468
-0.00709568	-0.277144
-0.00811819	-0.279718
-0.00853627	-0.282318
-0.00899223	-0.284386
-0.0101619	-0.286356
-0.0113238	-0.288292
-0.0123984	-0.290327
-0.0142866	-0.291629
-0.015816	-0.293522
-0.0170213	-0.295552
-0.0182435	-0.29733
-0.0192342	-0.298904
-0.0200364	-0.30045
-0.0205968	-0.301393
-0.0212378	-0.302117
-0.021728	-0.302302
-0.0223869	-0.302741
-0.0223395	-0.303198
-0.022212	-0.303907
-0.0219245	-0.304954
-0.0215236	-0.306059
-0.0208983	-0.307487
-0.0202452	-0.309334
-0.0196934	-0.31035
-0.0191503	-0.311216
-0.0178272	-0.312235
-0.0168037	-0.312299
-0.0161068	-0.312252
-0.0151757	-0.311817
-0.0147198	-0.310475
-0.0147951	-0.309664
-0.0147295	-0.308697
-0.0145964	-0.307753
-0.0153673	-0.307179
-0.016235	-0.306494
-0.0173406	-0.305611
-0.0190418	-0.305057
-0.0209555	-0.304354
-0.0227636	-0.303928
-0.0248662	-0.302434
-0.0265658	-0.301078
-0.0282278	-0.299777
-0.0297796	-0.298496
-0.0315042	-0.297056
-0.0332291	-0.295684
-0.0344579	-0.294444
-0.0355019	-0.292849
-0.0363619	-0.291262
-0.0370084	-0.289631
-0.0373713	-0.287752
-0.0376279	-0.28583
-0.037284	-0.284591
-0.0369748	-0.282789
-0.0363573	-0.280686
-0.0361435	-0.277958
-0.0359666	-0.27551
-0.0356259	-0.272874
-0.0353502	-0.270808
-0.0350893	-0.268892
-0.035178	-0.266674
-0.0354914	-0.264204
-0.0359379	-0.262287
-0.0367717	-0.260499
-0.0378701	-0.258302
-0.0389853	-0.256233
-0.039757	-0.255467
-0.0406201	-0.25458
-0.0416653	-0.254049
-0.0426713	-0.252988
-0.0438043	-0.251975
-0.0449653	-0.25095
-0.0463023	-0.249991
-0.0473336	-0.248893
-0.0486229	-0.24809
-0.0506254	-0.247134
-0.053111	-0.246122
-0.055787	-0.245457
-0.0586048	-0.244885
-0.061286	-0.243966
-0.0635988	-0.243073
-0.0650186	-0.241494
-0.0655757	-0.240551
-0.0662693	-0.239778
-0.0669148	-0.239098
-0.0677934	-0.238081
-0.0687346	-0.23701
-0.0691073	-0.235991
-0.0694962	-0.234946
-0.0710035	-0.233197
-0.0726203	-0.23157
-0.0743003	-0.229769
-0.0764573	-0.228287
-0.0784592	-0.226593
-0.0799768	-0.225139
-0.0814674	-0.223015
-0.0830752	-0.221168
-0.0844705	-0.219419
-0.0858244	-0.217781
-0.0865291	-0.216385
-0.0879739	-0.214982
-0.0889552	-0.213912
-0.0894759	-0.213009
-0.0894955	-0.211845
-0.0894872	-0.210592
-0.089892	-0.20865
-0.0903224	-0.206941
-0.0904226	-0.20535
-0.0903926	-0.204111
-0.090739	-0.202512
-0.0906378	-0.200768
-0.0895951	-0.199371
-0.0886282	-0.198285
-0.087721	-0.197402
-0.0871455	-0.196145
-0.0866759	-0.19471
-0.0863136	-0.1932
-0.0863531	-0.191716
-0.0859826	-0.189902
-0.0864469	-0.188205
-0.0865552	-0.186884
-0.0872342	-0.186715
-0.0881771	-0.186311
-0.0897714	-0.186016
-0.0916661	-0.185445
-0.0939246	-0.184863
-0.0960044	-0.184314
-0.0979125	-0.183621
-0.0993396	-0.183187
-0.100802	-0.183211
-0.102816	-0.182385
-0.103477	-0.181646
-0.104215	-0.180463
-0.104985	-0.179663
-0.106328	-0.178987
-0.107593	-0.178327
-0.108911	-0.177742
-0.110802	-0.17701
-0.112433	-0.176417
-0.113779	-0.176411
-0.115017	-0.17669
-0.116731	-0.177851
-0.118484	-0.179089
-0.1201	-0.180236
-0.121884	-0.181362
-0.123567	-0.182665
-0.125095	-0.184954
-0.126378	-0.187038
-0.127737	-0.189316
-0.129851	-0.190689
-0.131719	-0.192107
-0.132518	-0.193727
-0.133189	-0.195115
-0.134524	-0.196819
-0.136006	-0.198749
-0.137554	-0.200193
-0.139465	-0.202101
-0.141107	-0.2039
-0.142288	-0.205292
-0.143617	-0.206333
-0.144129	-0.206723
-0.145149	-0.206947
-0.146009	-0.207011
-0.147412	-0.206978
-0.148899	-0.207078
-0.150394	-0.207187
-0.152048	-0.207238
-0.153861	-0.206751
-0.156911	-0.206623
-0.159723	-0.206498
-0.162048	-0.206973
-0.164532	-0.207493
-0.167051	-0.207842
-0.169414	-0.207902
-0.171486	-0.20805
-0.173508	-0.208266
-0.175349	-0.208479
-0.176997	-0.207915
-0.178893	-0.207226
-0.180917	-0.206527
-0.183012	-0.206029
-0.185457	-0.20575
-0.188136	-0.205219
-0.190465	-0.204736
-0.192615	-0.20427
-0.195104	-0.203622
-0.197474	-0.203632
-0.199746	-0.203649
-0.201684	-0.203982
-0.203694	-0.203943
-0.206013	-0.203615
-0.208261	-0.203194
-0.210349	-0.202491
-0.211962	-0.2027
-0.213139	-0.202839
-0.214404	-0.202959
-0.215352	-0.203791
-0.217087	-0.204367
-0.219196	-0.20501
-0.221166	-0.20561
-0.223153	-0.206076
-0.22527	-0.206815
-0.227089	-0.208062
-0.228381	-0.209229
-0.229849	-0.210524
-0.231068	-0.212186
-0.232212	-0.213651
-0.233072	-0.21524
-0.233265	-0.216965
-0.232477	-0.21863
-0.231683	-0.220242
-0.230607	-0.221845
-0.230632	-0.223341
-0.230524	-0.224943
-0.230778	-0.227039
-0.23108	-0.229359
-0.231359	-0.231583
-0.231494	-0.233848
-0.2322	-0.236951
-0.233084	-0.239808
-0.23367	-0.242543
-0.234033	-0.24538
-0.234376	-0.247984
-0.234675	-0.250458
-0.234818	-0.253027
-0.234802	-0.255521
-0.234718	-0.257852
-0.234762	-0.259953
-0.234576	-0.262078
-0.234317	-0.264031
-0.234294	-0.266362
-0.234238	-0.26844
-0.234125	-0.270481
-0.233399	-0.272883
-0.232951	-0.27503
-0.231452	-0.276954
-0.230318	-0.279528
-0.229161	-0.281911
-0.227997	-0.284108
-0.225956	-0.285484
-0.223708	-0.28628
-0.221629	-0.287136
-0.22061	-0.288061
-0.219783	-0.289376
-0.218624	-0.290869
-0.21698	-0.292496
-0.215194	-0.294134
-0.213534	-0.295303
-0.212035	-0.296477
-0.210448	-0.297492
-0.208285	-0.297648
-0.206005	-0.298058
-0.20406	-0.298244
-0.203437	-0.297591
-0.202605	-0.296886
-0.201711	-0.296118
-0.200501	-0.295043
-0.199153	-0.293826
-0.198574	-0.292255
-0.198037	-0.290904
-0.197481	-0.289631
-0.197349	-0.287839
-0.196777	-0.285006
-0.196291	-0.282462
-0.195825	-0.280001
-0.195315	-0.277277
-0.194826	-0.274852
-0.194598	-0.27194
-0.194629	-0.269437
-0.194966	-0.267067
-0.195557	-0.265031
-0.196296	-0.263326
-0.196815	-0.262082
-0.197577	-0.260662
-0.198365	-0.259556
-0.20002	-0.25868
-0.201499	-0.257795
-0.202815	-0.257128
-0.204171	-0.256529
-0.205682	-0.25579
-0.207136	-0.255025
-0.208409	-0.254214
-0.209916	-0.253266
-0.211497	-0.252446
-0.213452	-0.251978
-0.215036	-0.251474
-0.216678	-0.25099
-0.218201	-0.250232
-0.219617	-0.248851
-0.220966	-0.247314
-0.222541	-0.246511
-0.224025	-0.245714
-0.226001	-0.244958
-0.227823	-0.244064
-0.229444	-0.24374
-0.231101	-0.242796
-0.232685	-0.241703
-0.234255	-0.240489
-0.23562	-0.239194
-0.236896	-0.237981
-0.238111	-0.236681
-0.239275	-0.235771
-0.240394	-0.234833
-0.240886	-0.233802
-0.241291	-0.23264
-0.242513	-0.231915
-0.24343	-0.230945
-0.244259	-0.230312
-0.245443	-0.229496
-0.246107	-0.228595
-0.246906	-0.227338
-0.247971	-0.225881
-0.249012	-0.224468
-0.250393	-0.223133
-0.251572	-0.221637
-0.252158	-0.219633
-0.252461	-0.218324
-0.253826	-0.217181
-0.25514	-0.215809
-0.256699	-0.215039
-0.258099	-0.214433
-0.259609	-0.214468
-0.260785	-0.214488
-0.261031	-0.214515
-0.261359	-0.214338
-0.261501	-0.214348
-0.262237	-0.21499
-0.263635	-0.215738
-0.26588	-0.217372
-0.267781	-0.218389
-0.270205	-0.219159
-0.271694	-0.21898
-0.273297	-0.218601
-0.274267	-0.218118
-0.275652	-0.217759
-0.277059	-0.217199
-0.278194	-0.216129
-0.279379	-0.214949
-0.280557	-0.213641
-0.280558	-0.212664
-0.280622	-0.211904
-0.281675	-0.211205
-0.282595	-0.210092
-0.283369	-0.209721
-0.28399	-0.209767
-0.284875	-0.209644
-0.285991	-0.208868
-0.287413	-0.2086
-0.288983	-0.20814
-0.290563	-0.207724
-0.29207	-0.207348
-0.293318	-0.207434
-0.294541	-0.20757
-0.295819	-0.207699
-0.296822	-0.208167
-0.297732	-0.208709
-0.298462	-0.208959
-0.299201	-0.209609
-0.299523	-0.210436
-0.299965	-0.211364
-0.300381	-0.212613
-0.301055	-0.214286
-0.301438	-0.216525
-0.301961	-0.218607
-0.302072	-0.22033
-0.302141	-0.222433
-0.302309	-0.224582
-0.303001	-0.227259
-0.303639	-0.229773
-0.304011	-0.232206
-0.304624	-0.234347
-0.30496	-0.236592
-0.305361	-0.237962
-0.306579	-0.240051
-0.308344	-0.242107
-0.310005	-0.243982
-0.312471	-0.245342
-0.314935	-0.246589
-0.31705	-0.247864
-0.319095	-0.249213
-0.321642	-0.250524
-0.323851	-0.251269
-0.325494	-0.252306
-0.327645	-0.252926
-0.329852	-0.25328
-0.331853	-0.253536
-0.333795	-0.253808
-0.33571	-0.253506
-0.337114	-0.253287
-0.339018	-0.252964
-0.341064	-0.25279
-0.343014	-0.253082
-0.345627	-0.253718
-0.347928	-0.254134
-0.350367	-0.254388
-0.352115	-0.254651
-0.353475	-0.254592
-0.355346	-0.254778
-0.357329	-0.254909
-0.358695	-0.255835
-0.361002	-0.256378
-0.363939	-0.256767
-0.366813	-0.257301
-0.369529	-0.257741
-0.372092	-0.258126
-0.37443	-0.258343
-0.376402	-0.259209
-0.378359	-0.260532
-0.380106	-0.261789
-0.382014	-0.263348
-0.383529	-0.264351
-0.385021	-0.265379
-0.386718	-0.266505
-0.38853	-0.267433
-0.390334	-0.268403
-0.392524	-0.269222
-0.394326	-0.269868
-0.395783	-0.270105
-0.397198	-0.270064
-0.398921	-0.27022
-0.399801	-0.270635
-0.401827	-0.271182
-0.403625	-0.272133
-0.404918	-0.27317
-0.406365	-0.273698
-0.408516	-0.274651
-0.41054	-0.275827
-0.412247	-0.275535
-0.413871	-0.274611
-0.415463	-0.273592
-0.417374	-0.272388
-0.418419	-0.270605
-0.41949	-0.269127
-0.420195	-0.268567
-0.420736	-0.268021
-0.421409	-0.267359
-0.421903	-0.26625
-0.422433	-0.265203
-0.422816	-0.264451
-0.423462	-0.263563
-0.42421	-0.262609
-0.425321	-0.261416
-0.42676	-0.260306
-0.427961	-0.259205
-0.429561	-0.257131
-0.431271	-0.255266
-0.43282	-0.253409
-0.434368	-0.25145
-0.435912	-0.249919
-0.436589	-0.248455
-0.437423	-0.246655
-0.43823	-0.244914
-0.439164	-0.243132
-0.440334	-0.240905
-0.441506	-0.238599
-0.442504	-0.2366
-0.443857	-0.234422
-0.445528	-0.232497
-0.447005	-0.23078
-0.448339	-0.22916
-0.449635	-0.227613
-0.450629	-0.225785
-0.45165	-0.223949
-0.452998	-0.223168
-0.45491	-0.221541
-0.457543	-0.219792
-0.460205	-0.218575
-0.462845	-0.217824
-0.465142	-0.217596
-0.467258	-0.217414
-0.469541	-0.217159
-0.471479	-0.216794
-0.473891	-0.215771
-0.476359	-0.213345
-0.478976	-0.21121
-0.481179	-0.209156
-0.483125	-0.207385
-0.484821	-0.205612
-0.486418	-0.203563
-0.487469	-0.201793
-0.488567	-0.200208
-0.489545	-0.198711
-0.490462	-0.197262
-0.490971	-0.195397
-0.491357	-0.193494
-0.492119	-0.191863
-0.493451	-0.19045
-0.495184	-0.189262
-0.496961	-0.188136
-0.498602	-0.187038
-0.499977	-0.185899
-0.501599	-0.184341
-0.502653	-0.182738
-0.50461	-0.180877
-0.506133	-0.179614
-0.507533	-0.178137
-0.50838	-0.176699
-0.509224	-0.175275
-0.510231	-0.174447
-0.5106	-0.174032
-0.511046	-0.173846
-0.51222	-0.173732
-0.513288	-0.173433
-0.514575	-0.173553
-0.515975	-0.173511
-0.517203	-0.173339
-0.518315	-0.174009
-0.519976	-0.174287
-0.521708	-0.174599
-0.523904	-0.174655
-0.525886	-0.174526
-0.527521	-0.174479
-0.528741	-0.175188
-0.52981	-0.175764
-0.530961	-0.177313
-0.531789	-0.179031
-0.532492	-0.180915
-0.53315	-0.1822
-0.534975	-0.183401
-0.537078	-0.184019
-0.539431	-0.185294
-0.541212	-0.185804
-0.543124	-0.186067
-0.544835	-0.18593
-0.546581	-0.185471
-0.548419	-0.184845
-0.549639	-0.184261
-0.55088	-0.183673
-0.552261	-0.183088
-0.553194	-0.182771
-0.554123	-0.182017
-0.555286	-0.181022
-0.556459	-0.179978
-0.557613	-0.17915
-0.558467	-0.178338
-0.559435	-0.177361
-0.560447	-0.17715
-0.561737	-0.176827
-0.562706	-0.176371
-0.563864	-0.175937
-0.564878	-0.175908
-0.565108	-0.176304
-0.565904	-0.176061
-0.566882	-0.175893
-0.568165	-0.174964
-0.569367	-0.17396
-0.57036	-0.173095
-0.571511	-0.172453
-0.57289	-0.17271
-0.574482	-0.172856
-0.576041	-0.173001
-0.577563	-0.172112
-0.579391	-0.171048
-0.581244	-0.169942
-0.582812	-0.168828
-0.584602	-0.167508
-0.586442	-0.166149
-0.588193	-0.165315
-0.58992	-0.1651
-0.591656	-0.164938
-0.593128	-0.163655
-0.594371	-0.162632
-0.59546	-0.16136
-0.59685	-0.160132
-0.598501	-0.15872
-0.599618	-0.157205
-0.600449	-0.155516
-0.601504	-0.153808
-0.60306	-0.151831
-0.604259	-0.150522
-0.605521	-0.149357
-0.606789	-0.148213
-0.609374	-0.147097
-0.612343	-0.146703
-0.615329	-0.146399
-0.617866	-0.146611
-0.620137	-0.146715
-0.622471	-0.147212
-0.623703	-0.148136
-0.62485	-0.149118
-0.625798	-0.15009
-0.62675	-0.151185
-0.627588	-0.15294
-0.628199	-0.154617
-0.628325	-0.156387
-0.628719	-0.157321
-0.628812	-0.15833
-0.628921	-0.159609
-0.628908	-0.161524
-0.62892	-0.163403
-0.629862	-0.164918
-0.630893	-0.166514
-0.631929	-0.167435
-0.633029	-0.168479
-0.634462	-0.169389
-0.636601	-0.170027
-0.638259	-0.170524
-0.639796	-0.171069
-0.641317	-0.171527
-0.643075	-0.171841
-0.644069	-0.172185
-0.645156	-0.172223
-0.646095	-0.172319
-0.647324	-0.172664
-0.648468	-0.172612
-0.64998	-0.173332
-0.652049	-0.173935
-0.654043	-0.174493
-0.655961	-0.174959
-0.657923	-0.175597
-0.659847	-0.176526
-0.661678	-0.177406
-0.663494	-0.178225
-0.665333	-0.178977
-0.666977	-0.179637
-0.667781	-0.180164
-0.668526	-0.180167
-0.669548	-0.17943
-0.670423	-0.17831
-0.67135	-0.177014
-0.671986	-0.175405
-0.672432	-0.173901
-0.672981	-0.172406
-0.673198	-0.170809
-0.673281	-0.169214
-0.672819	-0.167791
-0.672238	-0.166387
-0.672027	-0.165052
-0.670946	-0.164578
-0.670149	-0.163525
-0.668969	-0.161962
-0.667928	-0.160662
-0.666743	-0.159413
-0.666017	-0.157902
-0.666043	-0.155892
-0.665419	-0.154145
-0.664392	-0.152216
-0.663634	-0.150839
-0.662796	-0.149566
-0.661955	-0.14822
-0.661207	-0.146992
-0.6605	-0.145617
-0.659882	-0.143974
-0.659698	-0.142558
-0.65936	-0.14107
-0.659166	-0.139505
-0.658853	-0.137822
-0.658369	-0.136186
-0.658116	-0.134994
-0.657424	-0.133983
-0.656631	-0.133614
-0.655806	-0.133166
-0.654906	-0.132674
-0.653863	-0.132062
-0.652789	-0.131211
-0.651493	-0.130502
-0.650178	-0.129865
-0.64884	-0.128647
-0.647417	-0.127409
-0.645984	-0.125494
-0.644665	-0.125023
-0.644429	-0.124234
-0.644101	-0.123499
-0.64352	-0.122731
-0.642971	-0.121294
-0.642259	-0.11989
-0.641239	-0.117511
-0.640265	-0.11564
-0.639756	-0.113947
-0.639349	-0.112497
-0.638933	-0.111525
-0.638701	-0.110198
-0.638415	-0.10877
-0.638378	-0.107009
-0.638239	-0.10524
-0.638155	-0.103499
-0.638218	-0.101661
-0.638371	-0.0997719
-0.638536	-0.0979515
-0.638448	-0.096692
-0.63834	-0.0954472
-0.638502	-0.0943366
-0.638743	-0.0936875
-0.638468	-0.0932381
-0.637069	-0.0924104
-0.635479	-0.0916687
-0.633887	-0.0909722
-0.632331	-0.090252
-0.630543	-0.0892971
-0.628733	-0.0883708
-0.62707	-0.0874915
-0.625526	-0.086791
-0.623774	-0.0866538
-0.622362	-0.0865578
-0.620921	-0.0870739
-0.619522	-0.0882655
-0.61819	-0.0894847
-0.616947	-0.0905642
-0.61568	-0.09154
-0.614542	-0.0925409
-0.614036	-0.0935589
-0.613674	-0.0946261
-0.613337	-0.0955518
-0.613169	-0.0968465
-0.612978	-0.098163
-0.613066	-0.0990708
-0.613079	-0.0999214
-0.613397	-0.100812
-0.613143	-0.101481
-0.613604	-0.102635
-0.614494	-0.104517
-0.615871	-0.106896
-0.617435	-0.108976
-0.619661	-0.111538
-0.62157	-0.113105
-0.623463	-0.114794
-0.625251	-0.116637
-0.626739	-0.117807
-0.62871	-0.119259
-0.630787	-0.120227
-0.632924	-0.121673
-0.63494	-0.122409
-0.636962	-0.122961
-0.63981	-0.124603
-0.6427	-0.126058
-0.645854	-0.127174
-0.648619	-0.128445
-0.651552	-0.129392
-0.654467	-0.130807
-0.656953	-0.132366
-0.658964	-0.133663
-0.661333	-0.134441
-0.663468	-0.135151
-0.666015	-0.135932
-0.668879	-0.136566
-0.671678	-0.13681
-0.674288	-0.137059
-0.676788	-0.137087
-0.678683	-0.137754
-0.679658	-0.138244
-0.68027	-0.138918
-0.680872	-0.139905
-0.682098	-0.140721
-0.683138	-0.141524
-0.683618	-0.14206
-0.68406	-0.14276
-0.684552	-0.143605
-0.684901	-0.14454
-0.685776	-0.145593
-0.686909	-0.147435
-0.688839	-0.149164
-0.69098	-0.150979
-0.693046	-0.152704
-0.695346	-0.154506
-0.697933	-0.15663
-0.700227	-0.158383
-0.702199	-0.159802
-0.703466	-0.160972
-0.704769	-0.162598
-0.706017	-0.16386
-0.70732	-0.16442
-0.708761	-0.165158
-0.710824	-0.166861
-0.71261	-0.16875
-0.714169	-0.170744
-0.715328	-0.172558
-0.716504	-0.174389
-0.717595	-0.176057
-0.719148	-0.177854
-0.720321	-0.179173
-0.721683	-0.180766
-0.72325	-0.182329
-0.725037	-0.184053
-0.726727	-0.185874
-0.728164	-0.188142
-0.72923	-0.190468
-0.730288	-0.19301
-0.731138	-0.195384
-0.731917	-0.197877
-0.732859	-0.200529
-0.734026	-0.203089
-0.734166	-0.205663
-0.734228	-0.208391
-0.734485	-0.211162
-0.734759	-0.2137
-0.735006	-0.216233
-0.735245	-0.218589
-0.735115	-0.220913
-0.734684	-0.222834
-0.734162	-0.224675
-0.73393	-0.22589
-0.734062	-0.226685
-0.734216	-0.227986
-0.734534	-0.229054
-0.734428	-0.230238
-0.734361	-0.231532
-0.734247	-0.233152
-0.734175	-0.234741
-0.734253	-0.236344
-0.734326	-0.2381
-0.735025	-0.239479
-0.736307	-0.240074
-0.737627	-0.239593
-0.738899	-0.238927
-0.740131	-0.237638
-0.741961	-0.23608
-0.743555	-0.234355
-0.745234	-0.233215
-0.746686	-0.232501
-0.74812	-0.230945
-0.749712	-0.23031
-0.751294	-0.229635
-0.75292	-0.228779
-0.754347	-0.227645
-0.755437	-0.226358
-0.756838	-0.22539
-0.757762	-0.224181
-0.75867	-0.222961
-0.759274	-0.221769
-0.759638	-0.22031
-0.759633	-0.219019
-0.760151	-0.218092
-0.76004	-0.217515
-0.760041	-0.217298
-0.759667	-0.216978
-0.759024	-0.216475
-0.758883	-0.214965
-0.758777	-0.212875
-0.758414	-0.211215
-0.757953	-0.209515
-0.756986	-0.207685
-0.756114	-0.206122
-0.754801	-0.203991
-0.753688	-0.202455
-0.753354	-0.201139
-0.753215	-0.199758
-0.752944	-0.198327
-0.753078	-0.198106
-0.753371	-0.197178
-0.753851	-0.196191
-0.754213	-0.195605
-0.755394	-0.195255
-0.756625	-0.194831
-0.758199	-0.194298
-0.75892	-0.193601
-0.759983	-0.192888
-0.761689	-0.192706
-0.763411	-0.192437
-0.765317	-0.191954
-0.767185	-0.191503
