0.00514736	0.00431954
0.00942658	0.00768696
0.013226	0.00962572
0.0164888	0.01064
0.0191128	0.0115605
0.0216985	0.0123822
0.0247729	0.0134213
0.0273553	0.0143185
0.0297442	0.015126
0.0318906	0.0157623
0.0345906	0.0165387
0.0372175	0.0171807
0.0390428	0.0177069
0.041897	0.0178018
0.0445703	0.0180087
0.0472662	0.0183737
0.0496021	0.0184701
0.0518289	0.0185786
0.0539396	0.0186774
0.0564299	0.019059
0.0585876	0.0192504
0.0605211	0.0198681
0.0630541	0.0204238
0.0647463	0.0205323
0.0657949	0.0204322
0.0666493	0.020019
0.0676534	0.0196063
0.0686863	0.0191036
0.0687534	0.0184154
0.0684864	0.0171924
0.0681803	0.0158419
0.0674191	0.0141031
0.0666435	0.0123621
0.0658428	0.0105
0.0652578	0.00892867
0.0646873	0.00730935
0.0641756	0.00557038
0.063645	0.00387411
0.0627664	0.00207503
0.0616026	-0.000410738
0.0606039	-0.00263122
0.0598262	-0.00474062
0.0590169	-0.00610042
0.0583652	-0.00764529
0.0578161	-0.00913146
0.0572585	-0.0105861
0.0563898	-0.0114532
0.0549139	-0.0128346
0.0534052	-0.0145471
0.0521416	-0.0160459
0.0508371	-0.0175015
0.0493293	-0.0198123
0.047794	-0.0219099
0.0463305	-0.023917
0.04519	-0.02601
0.0443099	-0.0273247
0.0434786	-0.0284272
0.0420158	-0.0297125
0.0405297	-0.0313173
0.0389148	-0.0324515
0.036901	-0.0332494
0.0349243	-0.0339996
0.0322496	-0.0343646
0.0294241	-0.0347518
0.0267464	-0.0350555
0.0244813	-0.0351612
0.0224031	-0.035211
0.0204293	-0.0353477
0.0186613	-0.035564
0.0175212	-0.0360968
0.0162316	-0.035976
0.0149778	-0.0357146
0.0138825	-0.0354771
0.0126564	-0.035107
0.0119369	-0.0357636
0.0117916	-0.0363139
0.0114978	-0.0368145
0.0108862	-0.037928
0.0104278	-0.0387312
0.00984643	-0.0393722
0.00913671	-0.0402989
0.0082808	-0.0411258
0.00675458	-0.0421619
0.00521545	-0.0433568
0.00374391	-0.0445668
0.003236	-0.0459393
0.00273029	-0.0472788
0.00250126	-0.0489738
0.00226886	-0.0518124
0.00130666	-0.0537603
0.000459903	-0.0559554
0.000478098	-0.0579995
0.000614017	-0.0603511
0.00120611	-0.0623858
0.00184133	-0.0647069
0.00252231	-0.0671303
0.00367256	-0.0696432
0.00473911	-0.0719634
0.00572593	-0.0741404
0.0071995	-0.0761261
0.00878172	-0.0773952
0.0105063	-0.0786664
0.012437	-0.079706
0.0140364	-0.0804436
0.0149572	-0.0813152
0.0153864	-0.0826401
0.0154797	-0.0837034
0.0155753	-0.0849043
0.0163449	-0.0869705
0.0173902	-0.0886861
0.0186637	-0.0901942
0.0194533	-0.0916025
0.0202568	-0.0933196
0.0211656	-0.0948277
0.0225261	-0.0962904
0.0237901	-0.0975908
0.0250134	-0.0988225
0.0265647	-0.100679
0.0272261	-0.102242
0.0275415	-0.104268
0.0273909	-0.105951
0.0274812	-0.107691
0.0278492	-0.108221
0.028262	-0.108806
0.0287324	-0.109355
0.0291001	-0.10982
0.0296372	-0.11046
0.0296959	-0.110971
0.0299778	-0.112049
0.0306506	-0.113902
0.0310601	-0.115845
0.031178	-0.118065
0.0312326	-0.120293
0.0310824	-0.122445
0.0308134	-0.124474
0.029991	-0.125447
0.0289047	-0.125906
0.0274189	-0.126757
0.0258928	-0.127556
0.0245796	-0.128683
0.0231493	-0.129708
0.0222001	-0.130745
0.0211745	-0.132623
0.0202167	-0.134289
0.0195738	-0.135777
0.0192227	-0.13764
0.0188104	-0.139301
0.018421	-0.140958
0.0181299	-0.142689
0.0177375	-0.144823
0.0173022	-0.146766
0.0162402	-0.148475
0.0151747	-0.150209
0.0142142	-0.151768
0.0132334	-0.153381
0.0126435	-0.155992
0.0122054	-0.158269
0.0112584	-0.160548
0.0107878	-0.16298
0.0102637	-0.165129
0.00981639	-0.16733
0.00916283	-0.168772
0.00838104	-0.170252
0.00756962	-0.171543
0.00669789	-0.172956
0.00593447	-0.174012
0.00582052	-0.175466
0.00570984	-0.176897
0.0056685	-0.17931
0.00498182	-0.18152
0.00459616	-0.183633
0.00414202	-0.185756
0.00359644	-0.187611
0.00303054	-0.189385
0.00247709	-0.19122
0.0018009	-0.192441
0.00148947	-0.19415
0.00115614	-0.195854
0.00151097	-0.197771
0.00210364	-0.199673
0.00270317	-0.201796
0.00262073	-0.203854
0.00207109	-0.205672
0.00157307	-0.207449
0.00101333	-0.208939
0.000296793	-0.210657
-0.000485648	-0.212503
-0.00140946	-0.214142
-0.00235849	-0.215831
-0.00286341	-0.217778
-0.0032218	-0.219737
-0.0035661	-0.221654
-0.00398852	-0.223356
-0.00442089	-0.225074
-0.00382133	-0.227585
-0.00331558	-0.230124
-0.00251953	-0.232309
-0.00204941	-0.234109
-0.000901965	-0.2358
0.000806958	-0.237882
0.00243125	-0.239789
0.00440991	-0.242067
0.00651355	-0.244246
0.00845913	-0.246082
0.0107449	-0.248224
0.0131798	-0.249382
0.0157373	-0.250559
0.0183408	-0.252387
0.0210199	-0.254283
0.0232611	-0.256179
0.0255891	-0.258799
0.0273958	-0.261478
0.0285195	-0.263916
0.0296347	-0.265586
0.0310695	-0.267021
0.032065	-0.268434
0.0329569	-0.269818
0.0336865	-0.271253
0.0345519	-0.27251
0.0344665	-0.273521
0.0344807	-0.274756
0.0344847	-0.276061
0.0344395	-0.27751
0.0344446	-0.279045
0.0343168	-0.280757
0.0343169	-0.282427
0.0344805	-0.284469
0.0338935	-0.287053
0.033969	-0.289527
0.0338743	-0.29263
0.0332508	-0.295488
0.0331648	-0.297197
0.0338284	-0.299283
0.0334289	-0.301474
0.0331182	-0.302767
0.0321256	-0.304551
0.03037	-0.30638
0.0285983	-0.308139
0.0260892	-0.309503
0.0238212	-0.310742
0.0214794	-0.312204
0.0193015	-0.313689
0.0172736	-0.315618
0.0157186	-0.31733
0.0143134	-0.318975
0.0129297	-0.320331
0.0115036	-0.321425
0.00997067	-0.32261
0.00835501	-0.324278
0.00614261	-0.326061
0.00454772	-0.328052
0.00324724	-0.330449
0.0015998	-0.332847
-5.96121e-05	-0.335073
-0.00080338	-0.336697
-0.00158536	-0.338246
-0.00260668	-0.340027
-0.00293894	-0.341306
-0.00329222	-0.342959
-0.00339902	-0.344346
-0.00337346	-0.345817
-0.00334739	-0.347194
-0.00341184	-0.348839
-0.00400538	-0.349879
-0.00510552	-0.351372
-0.00585134	-0.352087
-0.00657843	-0.35278
-0.00741604	-0.353255
-0.00746596	-0.353247
-0.00782321	-0.353152
-0.00846416	-0.352968
-0.00963283	-0.352869
-0.0110784	-0.352707
-0.0125691	-0.352579
-0.0142397	-0.352496
-0.0160584	-0.351531
-0.0174997	-0.351207
-0.0192692	-0.351436
-0.0209882	-0.351791
-0.0227405	-0.352189
-0.0245462	-0.352261
-0.0263622	-0.352323
-0.0282142	-0.352395
-0.0299618	-0.352429
-0.0318981	-0.352371
-0.0337064	-0.352332
-0.0351968	-0.352808
-0.0365578	-0.353121
-0.0377454	-0.353783
-0.0388092	-0.354514
-0.0398677	-0.355113
-0.0409152	-0.356131
-0.0413791	-0.35739
-0.0418953	-0.358674
-0.0424624	-0.360334
-0.0429575	-0.361983
-0.0435424	-0.363736
-0.0438541	-0.365819
-0.0435542	-0.368072
-0.0442102	-0.371339
-0.0448567	-0.374647
-0.0455049	-0.377456
-0.0469392	-0.379966
-0.0480223	-0.381657
-0.0490539	-0.383274
-0.0499259	-0.384787
-0.0507647	-0.386007
-0.0514838	-0.38709
-0.0524274	-0.388325
-0.0530556	-0.389181
-0.0538478	-0.389965
-0.0547386	-0.391108
-0.0555634	-0.392308
-0.0562549	-0.3938
-0.0566754	-0.395684
-0.0576691	-0.397396
-0.0585248	-0.398918
-0.0598523	-0.400312
-0.0610943	-0.401903
-0.0624473	-0.404038
-0.0634377	-0.405974
-0.064063	-0.407679
-0.0647487	-0.409368
-0.0657557	-0.41123
-0.0674035	-0.41396
-0.0694487	-0.415501
-0.0712252	-0.417871
-0.0729312	-0.419965
-0.0740242	-0.421386
-0.0751149	-0.422898
-0.0762534	-0.4247
-0.0777212	-0.426607
-0.0791083	-0.428558
-0.0803524	-0.430425
-0.0819309	-0.4325
-0.0835755	-0.434406
-0.0848334	-0.435742
-0.0859042	-0.437212
-0.086907	-0.438868
-0.0878142	-0.440876
-0.0890643	-0.44322
-0.0908176	-0.445603
-0.0922793	-0.447621
-0.094391	-0.449884
-0.0959902	-0.45201
-0.0972595	-0.454111
-0.0980459	-0.456426
-0.0985577	-0.45845
-0.0991309	-0.459829
-0.10004	-0.460474
-0.100606	-0.461428
-0.100956	-0.462142
-0.10143	-0.462787
-0.10207	-0.463678
-0.102736	-0.463862
-0.103873	-0.463681
-0.105235	-0.463237
-0.106588	-0.463298
-0.108355	-0.463613
-0.109522	-0.463831
-0.110153	-0.463768
-0.110766	-0.464745
-0.112169	-0.466134
-0.113567	-0.467469
-0.11486	-0.469401
-0.116342	-0.470481
-0.1178	-0.471674
-0.119248	-0.472397
-0.121058	-0.472667
-0.122881	-0.473159
-0.124928	-0.47366
-0.127239	-0.473996
-0.128926	-0.474763
-0.130749	-0.475496
-0.132574	-0.476656
-0.134023	-0.477809
-0.135461	-0.478467
-0.137059	-0.479191
-0.138642	-0.479921
-0.140096	-0.480966
-0.14141	-0.481919
-0.142684	-0.482712
-0.144067	-0.483679
-0.145413	-0.484686
-0.146932	-0.485633
-0.148293	-0.486449
-0.15025	-0.487169
-0.151713	-0.487496
-0.153815	-0.487665
-0.156435	-0.488313
-0.15903	-0.488842
-0.160569	-0.489777
-0.161198	-0.491637
-0.16139	-0.493493
-0.161724	-0.495342
-0.161358	-0.497237
-0.160941	-0.49962
-0.160579	-0.501494
-0.160326	-0.503061
-0.159605	-0.503762
-0.158649	-0.50432
-0.15716	-0.505312
-0.155735	-0.50627
-0.154319	-0.507256
-0.153336	-0.508332
-0.152303	-0.509434
-0.151763	-0.510778
-0.152274	-0.512487
-0.152847	-0.514179
-0.153639	-0.515436
-0.154518	-0.516537
-0.156114	-0.518471
-0.157488	-0.520453
-0.159053	-0.522115
-0.160529	-0.523651
-0.161914	-0.525164
-0.163428	-0.52629
-0.164885	-0.527417
-0.166328	-0.528542
-0.167754	-0.529644
-0.168764	-0.530088
-0.169923	-0.530473
-0.170064	-0.53123
-0.170342	-0.532198
-0.170495	-0.533205
-0.171084	-0.534148
-0.171603	-0.534968
-0.172324	-0.535868
-0.173063	-0.536815
-0.173721	-0.537866
-0.174465	-0.538852
-0.175557	-0.539693
-0.176639	-0.540544
-0.177804	-0.541243
-0.178524	-0.541759
-0.179173	-0.542664
-0.179976	-0.543746
-0.180914	-0.544734
-0.181742	-0.545297
-0.182681	-0.545946
-0.183575	-0.546541
-0.184292	-0.546573
-0.185259	-0.546196
-0.18632	-0.545572
-0.187374	-0.544863
-0.188613	-0.544238
-0.190489	-0.543427
-0.192239	-0.542775
-0.19396	-0.542273
-0.195413	-0.54229
-0.197073	-0.542028
-0.199115	-0.541875
-0.200436	-0.541685
-0.201857	-0.540721
-0.203672	-0.539974
-0.205468	-0.539252
-0.207413	-0.538341
-0.208854	-0.537386
-0.209859	-0.536142
-0.210663	-0.535711
-0.211581	-0.535241
-0.212926	-0.535439
-0.214394	-0.535695
-0.215866	-0.536007
-0.216806	-0.5357
-0.218224	-0.535661
-0.219919	-0.535676
-0.22198	-0.536111
-0.224177	-0.536452
-0.226207	-0.536756
-0.228072	-0.536899
-0.230056	-0.53692
-0.232159	-0.536946
-0.233997	-0.536787
-0.235614	-0.536657
-0.237877	-0.536303
-0.240429	-0.535743
-0.242706	-0.535294
-0.244723	-0.535484
-0.246512	-0.535743
-0.24824	-0.536027
-0.249554	-0.536338
-0.250982	-0.536654
-0.252764	-0.536658
-0.255279	-0.537068
-0.257753	-0.5375
-0.25978	-0.538754
-0.261722	-0.539964
-0.263342	-0.541079
-0.264936	-0.541996
-0.266478	-0.542954
-0.268389	-0.543927
-0.270179	-0.544816
-0.271626	-0.546353
-0.273492	-0.548266
-0.275218	-0.550186
-0.27653	-0.551487
-0.278538	-0.553134
-0.280802	-0.555261
-0.283193	-0.556825
-0.285732	-0.558997
-0.288329	-0.560767
-0.290875	-0.56257
-0.29371	-0.564
-0.296011	-0.565528
-0.298083	-0.566956
-0.299918	-0.568245
-0.301796	-0.56915
-0.303412	-0.569777
-0.305006	-0.57001
-0.306868	-0.570248
-0.307835	-0.570352
-0.30944	-0.569999
-0.310827	-0.570144
-0.312283	-0.570573
-0.313244	-0.571559
-0.314715	-0.572246
-0.31699	-0.57315
-0.31874	-0.574595
-0.320413	-0.576126
-0.322046	-0.577542
-0.323367	-0.578904
-0.324386	-0.579999
-0.324841	-0.580477
-0.325168	-0.580783
-0.325316	-0.581265
-0.325634	-0.581123
-0.326357	-0.581249
-0.327309	-0.581412
-0.328424	-0.581732
-0.329912	-0.582328
-0.331314	-0.58305
-0.332792	-0.583797
-0.334523	-0.584432
-0.336907	-0.585048
-0.339248	-0.585644
-0.34164	-0.586143
-0.344286	-0.586151
-0.346765	-0.586201
-0.348556	-0.586716
-0.350511	-0.587192
-0.352408	-0.587997
-0.354507	-0.58914
-0.356638	-0.590485
-0.358511	-0.591773
-0.360353	-0.593676
-0.36214	-0.595305
-0.363787	-0.596834
-0.364824	-0.598778
-0.365821	-0.600635
-0.366646	-0.602359
-0.367432	-0.603971
-0.368358	-0.605609
-0.368709	-0.607434
-0.369505	-0.609472
-0.370444	-0.611261
-0.370603	-0.613259
-0.370859	-0.614968
-0.370711	-0.616523
-0.370726	-0.618262
-0.370399	-0.620904
-0.370305	-0.623271
-0.370361	-0.625808
-0.370229	-0.628576
-0.37004	-0.631111
-0.369632	-0.633324
-0.369192	-0.635368
-0.369445	-0.637608
-0.369806	-0.639758
-0.369974	-0.641569
-0.370154	-0.643314
-0.370431	-0.644938
-0.370389	-0.646258
-0.370391	-0.647606
-0.370423	-0.649314
-0.370532	-0.651014
-0.370327	-0.652758
-0.370014	-0.654427
-0.369698	-0.656115
-0.369252	-0.657129
-0.368749	-0.658481
-0.367873	-0.660496
-0.367124	-0.661766
-0.366349	-0.663642
-0.366382	-0.666158
-0.366382	-0.668851
-0.366471	-0.67134
-0.366551	-0.672909
-0.366859	-0.674346
-0.366702	-0.675928
-0.366714	-0.676734
-0.366828	-0.677611
-0.367177	-0.678098
-0.367814	-0.678858
-0.369339	-0.678939
-0.370175	-0.678483
-0.370842	-0.677921
-0.370487	-0.677628
-0.370049	-0.677181
-0.369665	-0.676841
-0.369176	-0.676123
-0.368101	-0.675498
-0.366668	-0.674949
-0.365882	-0.674645
-0.365193	-0.674577
-0.364251	-0.674136
-0.36347	-0.673858
-0.362104	-0.672998
-0.360883	-0.672192
-0.359817	-0.671545
-0.357874	-0.671163
-0.355958	-0.670981
-0.354563	-0.670694
-0.353186	-0.670465
-0.351603	-0.66977
-0.350111	-0.668967
-0.348812	-0.668191
-0.347628	-0.667376
-0.345856	-0.666874
-0.344606	-0.665467
-0.343368	-0.664001
-0.341782	-0.663531
-0.340203	-0.663054
-0.338734	-0.661806
-0.337393	-0.66059
-0.336307	-0.659693
-0.33486	-0.658321
-0.334167	-0.657496
-0.333158	-0.656684
-0.332308	-0.655733
-0.331515	-0.654894
-0.330778	-0.653953
-0.329836	-0.652977
-0.328577	-0.651988
-0.327439	-0.650902
-0.326564	-0.649703
-0.325986	-0.649077
-0.32545	-0.648232
-0.324612	-0.647639
-0.323369	-0.647577
-0.322148	-0.647421
-0.320921	-0.647301
-0.319664	-0.647204
-0.317752	-0.645987
-0.315647	-0.645473
-0.313623	-0.645033
-0.311496	-0.643534
-0.309709	-0.642259
-0.307912	-0.640978
-0.30615	-0.640285
-0.305276	-0.639069
-0.304737	-0.637713
-0.30485	-0.635894
-0.305475	-0.633567
-0.306323	-0.632008
-0.307149	-0.630339
-0.308429	-0.629072
-0.310044	-0.627608
-0.311305	-0.626546
-0.312491	-0.625579
-0.313746	-0.624708
-0.314893	-0.623577
-0.316278	-0.622524
-0.317324	-0.621785
-0.318592	-0.621395
-0.319864	-0.620859
-0.322114	-0.620354
-0.324266	-0.619744
-0.326241	-0.619167
-0.328403	-0.61893
-0.330457	-0.618687
-0.33202	-0.6183
-0.333568	-0.617521
-0.336198	-0.615839
-0.338549	-0.614563
-0.340767	-0.613425
-0.342622	-0.612463
-0.344813	-0.611428
-0.346957	-0.610544
-0.349456	-0.610201
-0.353007	-0.610655
-0.356239	-0.61118
-0.358446	-0.611671
-0.360488	-0.612082
-0.363303	-0.612779
-0.365959	-0.613333
-0.369044	-0.614423
-0.371403	-0.615382
-0.37364	-0.61616
-0.375048	-0.616418
-0.376213	-0.61733
-0.37695	-0.618869
-0.37777	-0.620482
-0.378203	-0.621909
-0.378945	-0.623865
-0.379535	-0.62554
-0.380356	-0.627033
-0.381016	-0.628405
-0.38122	-0.628898
-0.381602	-0.629813
-0.381669	-0.630531
-0.381921	-0.631168
-0.382846	-0.632507
-0.383762	-0.633916
-0.384563	-0.635387
-0.385177	-0.636799
-0.385617	-0.638133
-0.38655	-0.639732
-0.387426	-0.64117
-0.38828	-0.642562
-0.389586	-0.644296
-0.391015	-0.646535
-0.392307	-0.648586
-0.394306	-0.650747
-0.397077	-0.653203
-0.399777	-0.656647
-0.402386	-0.659844
-0.40448	-0.663749
-0.406629	-0.666741
-0.408313	-0.669458
-0.410301	-0.672058
-0.411607	-0.674473
-0.412886	-0.675931
-0.414087	-0.6763
-0.415828	-0.677031
-0.417188	-0.677579
-0.418374	-0.677932
-0.419167	-0.677908
-0.420439	-0.677945
-0.421872	-0.677995
-0.423554	-0.678115
-0.425178	-0.678377
-0.426643	-0.678432
-0.427913	-0.678494
-0.428985	-0.677581
-0.430065	-0.676767
-0.431333	-0.676574
-0.432412	-0.676207
-0.433657	-0.675816
-0.435776	-0.675165
-0.437739	-0.674662
-0.43985	-0.674036
-0.44183	-0.673394
-0.443498	-0.672584
-0.445084	-0.67271
-0.446669	-0.673303
-0.44864	-0.673863
-0.450162	-0.67465
-0.452398	-0.674865
-0.454618	-0.675445
-0.456558	-0.675575
-0.458736	-0.675912
-0.46095	-0.676417
-0.462608	-0.676682
-0.463823	-0.677069
-0.465399	-0.678051
-0.466801	-0.679014
-0.468274	-0.680205
-0.469761	-0.681473
-0.472026	-0.68337
-0.474092	-0.685103
-0.476273	-0.685812
-0.479004	-0.686666
-0.481661	-0.687727
-0.484692	-0.688614
-0.487445	-0.689434
-0.49024	-0.690169
-0.492694	-0.690808
-0.494162	-0.691503
-0.495781	-0.692167
-0.498079	-0.692367
-0.500729	-0.692304
-0.503372	-0.692313
-0.506191	-0.691825
-0.508947	-0.691458
-0.511518	-0.691183
-0.51391	-0.691003
-0.515964	-0.690486
-0.518222	-0.690352
-0.520314	-0.690443
-0.522278	-0.690218
-0.52407	-0.690034
-0.525683	-0.690113
-0.527981	-0.690001
-0.530036	-0.68999
-0.53221	-0.689285
-0.534206	-0.688628
-0.536566	-0.687915
-0.538716	-0.687184
-0.541808	-0.68624
-0.544884	-0.685615
-0.547518	-0.685036
-0.550285	-0.684825
-0.55251	-0.684263
-0.554738	-0.68313
-0.55671	-0.682364
-0.558202	-0.681799
-0.560122	-0.68172
-0.562571	-0.682217
-0.564838	-0.682796
-0.566287	-0.683179
-0.567765	-0.68359
-0.569951	-0.683057
-0.572033	-0.682576
-0.574018	-0.682131
-0.575919	-0.681827
-0.578295	-0.681589
-0.581035	-0.681035
-0.583877	-0.681197
-0.586226	-0.681313
-0.588205	-0.6821
-0.590326	-0.682886
-0.592332	-0.683652
-0.594238	-0.684319
-0.596239	-0.68463
-0.598017	-0.685056
-0.599979	-0.685365
-0.602221	-0.68592
-0.604039	-0.68668
-0.606143	-0.687082
-0.608116	-0.688165
-0.609561	-0.689342
-0.61104	-0.690468
-0.612767	-0.691256
-0.614044	-0.69259
-0.615494	-0.693167
-0.61657	-0.69403
-0.616945	-0.694727
-0.617524	-0.69493
-0.618272	-0.695301
-0.619162	-0.6957
-0.620208	-0.696226
-0.621532	-0.696937
-0.623139	-0.696922
-0.624723	-0.697254
-0.626059	-0.697637
-0.627524	-0.698061
-0.62874	-0.698286
-0.630719	-0.69813
-0.632579	-0.697976
-0.634487	-0.698673
-0.636267	-0.699649
-0.638244	-0.700302
-0.639938	-0.700828
-0.641889	-0.701406
-0.644192	-0.701492
-0.646421	-0.70163
-0.648603	-0.701786
-0.649952	-0.702059
-0.651181	-0.70263
-0.652499	-0.703187
-0.653858	-0.703777
-0.655344	-0.704524
-0.656811	-0.705437
-0.658203	-0.706475
-0.659624	-0.707602
-0.661064	-0.708675
-0.66244	-0.709473
-0.663469	-0.710367
-0.664462	-0.711334
-0.66582	-0.712983
-0.667194	-0.714501
-0.668005	-0.716132
-0.669121	-0.718019
-0.670472	-0.719092
-0.671159	-0.72082
-0.672049	-0.7224
-0.673264	-0.724308
-0.67474	-0.726806
-0.676066	-0.729701
-0.676572	-0.731986
-0.677261	-0.734408
-0.677539	-0.736673
-0.677618	-0.739134
-0.67747	-0.741203
-0.677371	-0.743148
-0.677354	-0.744909
-0.677835	-0.746249
-0.678548	-0.74769
-0.679069	-0.748963
-0.678993	-0.750529
-0.67863	-0.752292
-0.678491	-0.753797
-0.677046	-0.754961
-0.675642	-0.75608
-0.674464	-0.757922
-0.673424	-0.75995
-0.672466	-0.761465
-0.671474	-0.763618
-0.670105	-0.764445
-0.668611	-0.764353
-0.666925	-0.764743
-0.66571	-0.764545
-0.664359	-0.764062
-0.662679	-0.763738
-0.660544	-0.762643
-0.658549	-0.762045
-0.656268	-0.761889
-0.654341	-0.761993
-0.652511	-0.761706
-0.650827	-0.761617
-0.64914	-0.761754
-0.647794	-0.760888
-0.646581	-0.759462
-0.645623	-0.757956
-0.645246	-0.757169
-0.644826	-0.756111
-0.644965	-0.755081
-0.645152	-0.754024
-0.645821	-0.753329
-0.646759	-0.752452
-0.647832	-0.751547
-0.649217	-0.750509
-0.650658	-0.749602
-0.65208	-0.748657
-0.654042	-0.747423
-0.656272	-0.746797
-0.658384	-0.745889
-0.660272	-0.744366
-0.662027	-0.743119
-0.663756	-0.741917
-0.665395	-0.741259
-0.666533	-0.740834
-0.667492	-0.74047
-0.668536	-0.740482
-0.668849	-0.74012
-0.669907	-0.740141
-0.671378	-0.740077
-0.672939	-0.739951
-0.67414	-0.74017
-0.675541	-0.740485
-0.677642	-0.740622
-0.680277	-0.741171
-0.682851	-0.741646
-0.684601	-0.742017
-0.68651	-0.742409
-0.688482	-0.742846
-0.6905	-0.742877
-0.692426	-0.742866
-0.694168	-0.743084
-0.695507	-0.743196
-0.697763	-0.743308
-0.699957	-0.743506
-0.702075	-0.744062
-0.704116	-0.744592
-0.706364	-0.745499
-0.708993	-0.74604
-0.711368	-0.746521
-0.713548	-0.747171
-0.715542	-0.747861
-0.716705	-0.748651
-0.718284	-0.749778
-0.71993	-0.750856
-0.721449	-0.752754
-0.722534	-0.753778
-0.723567	-0.754999
-0.724825	-0.755908
-0.725743	-0.756347
-0.72693	-0.756715
-0.728201	-0.75716
-0.729683	-0.75729
-0.731393	-0.756993
-0.732106	-0.756828
-0.733007	-0.75672
-0.733698	-0.756378
-0.734519	-0.756389
-0.734465	-0.756301
-0.734055	-0.756459
-0.7338	-0.756871
-0.733213	-0.757727
-0.732226	-0.758657
-0.7312	-0.759654
-0.730235	-0.760655
-0.729261	-0.762215
-0.728382	-0.764219
-0.727619	-0.766106
-0.726963	-0.768094
-0.726678	-0.770077
-0.725649	-0.772014
-0.724687	-0.773889
-0.724128	-0.775555
-0.723652	-0.777376
-0.723152	-0.779241
-0.722524	-0.781056
-0.721721	-0.782736
-0.720918	-0.784276
-0.720095	-0.78584
-0.718768	-0.78808
-0.717488	-0.790084
-0.716508	-0.792146
-0.715655	-0.794145
-0.71474	-0.796079
-0.713819	-0.79787
-0.712367	-0.799326
-0.711141	-0.800271
-0.710128	-0.801887
-0.709039	-0.803477
-0.708782	-0.805201
-0.708227	-0.807399
-0.70771	-0.80959
-0.706909	-0.811662
-0.706138	-0.813571
-0.705494	-0.815448
-0.70542	-0.817822
-0.705355	-0.81995
-0.705294	-0.822056
-0.705162	-0.82378
-0.705158	-0.825261
-0.705644	-0.826941
-0.705983	-0.828815
-0.706634	-0.831312
-0.706316	-0.832881
-0.705907	-0.834139
-0.705099	-0.835452
-0.704305	-0.836778
-0.70356	-0.837625
-0.702546	-0.838701
-0.701467	-0.839517
-0.70033	-0.840387
-0.699441	-0.84122
-0.698307	-0.842865
-0.697225	-0.844424
-0.696748	-0.845952
-0.695927	-0.847546
-0.694628	-0.848792
-0.693083	-0.849886
-0.69122	-0.851251
-0.689332	-0.852419
-0.687227	-0.853386
-0.685307	-0.85432
-0.683227	-0.855004
-0.68153	-0.855848
-0.679916	-0.857184
-0.678031	-0.859182
-0.675997	-0.861121
-0.672914	-0.863475
-0.670188	-0.865545
-0.667808	-0.867435
-0.664996	-0.869433
-0.662107	-0.870765
-0.659807	-0.871862
-0.658009	-0.87273
-0.656407	-0.873539
-0.654656	-0.874295
-0.653027	-0.875624
-0.651598	-0.877601
-0.650821	-0.880141
-0.650244	-0.882208
-0.649547	-0.884151
-0.64958	-0.886101
-0.650062	-0.886744
-0.650515	-0.887097
-0.651175	-0.887638
-0.65158	-0.888723
-0.651737	-0.890126
-0.651791	-0.891122
-0.651988	-0.892733
-0.651347	-0.894509
-0.650733	-0.896304
-0.650068	-0.89784
-0.649414	-0.899329
-0.648892	-0.900563
-0.648292	-0.901567
-0.647661	-0.902655
-0.646969	-0.903779
-0.645504	-0.904943
-0.644055	-0.905907
-0.643036	-0.907226
-0.642172	-0.908228
-0.641265	-0.908669
-0.6401	-0.909162
-0.639051	-0.909352
-0.638088	-0.909339
-0.636854	-0.909472
-0.635491	-0.909618
-0.634065	-0.909789
-0.632734	-0.909617
-0.631322	-0.909422
-0.629871	-0.909304
-0.629161	-0.909173
-0.62844	-0.909011
-0.627934	-0.908875
-0.62686	-0.908932
-0.626118	-0.909615
-0.625349	-0.91044
-0.624593	-0.911535
-0.623981	-0.912739
-0.624029	-0.913387
-0.624521	-0.914159
-0.625848	-0.914656
-0.627073	-0.915499
-0.628371	-0.915959
-0.629516	-0.916299
-0.631388	-0.917153
-0.633029	-0.917824
-0.633954	-0.919168
-0.634803	-0.920449
-0.636189	-0.921676
-0.638403	-0.921971
-0.640351	-0.922071
-0.642121	-0.922289
-0.643903	-0.922971
-0.645681	-0.923623
-0.647831	-0.924468
-0.649831	-0.925602
-0.652074	-0.926937
-0.652642	-0.927657
-0.653321	-0.928237
-0.654256	-0.928745
-0.654899	-0.929959
-0.655489	-0.931185
-0.655913	-0.932472
-0.656471	-0.933775
-0.657109	-0.934427
-0.657764	-0.935152
-0.658959	-0.935809
-0.660547	-0.936149
-0.662506	-0.936255
-0.664219	-0.935928
-0.665537	-0.935401
-0.666808	-0.934898
-0.668141	-0.934357
-0.669278	-0.93365
-0.670843	-0.93287
-0.672007	-0.932203
-0.673033	-0.931493
-0.673982	-0.930438
-0.674568	-0.928981
-0.67519	-0.927498
-0.675809	-0.925931
-0.676338	-0.924327
-0.676914	-0.922956
-0.677403	-0.921576
-0.678092	-0.920071
-0.678678	-0.918426
-0.678934	-0.916854
-0.679033	-0.915167
-0.679133	-0.913481
